2 0.449479 0.180093 0.018750 0.060185
1 0.047656 0.189815 0.029687 0.018519
7 0.337240 0.178241 0.014062 0.015741
1 0.508073 0.114815 0.011979 0.011111
1 0.172135 0.187500 0.026563 0.017593
1 0.362240 0.932407 0.078646 0.135185
2 0.503385 0.168056 0.038021 0.049074
7 0.118229 0.198611 0.016667 0.021296
8 0.469792 0.190741 0.006250 0.018519
0 0.339844 0.425000 0.008854 0.037037
0 0.103385 0.176389 0.005729 0.017593
0 0.538542 0.417593 0.006250 0.037037
0 0.016667 0.282407 0.009375 0.018519
0 0.396094 0.261574 0.004688 0.015741
0 0.493750 0.416667 0.006250 0.024074
0 0.021875 0.172685 0.007292 0.017593