2 0.447135 0.167593 0.018229 0.055556
1 0.063802 0.180556 0.027604 0.016667
7 0.339844 0.168981 0.013021 0.015741
2 0.004167 0.165278 0.008333 0.049074
1 0.182812 0.177778 0.025000 0.016667
1 0.390365 0.772685 0.054688 0.175000
1 0.641927 0.110185 0.017188 0.012963
2 0.498177 0.156481 0.035937 0.046296
7 0.132292 0.187500 0.015625 0.019444
8 0.466406 0.180093 0.005729 0.017593
0 0.019010 0.221759 0.008854 0.021296
0 0.354167 0.374074 0.007292 0.033333
0 0.113802 0.169444 0.005729 0.016667
0 0.529688 0.367130 0.004167 0.032407
0 0.620833 0.915278 0.016667 0.065741
0 0.042448 0.263426 0.008854 0.017593
0 0.398698 0.241667 0.004688 0.014815
0 0.014844 0.221759 0.009896 0.021296
0 0.490885 0.368056 0.005729 0.021296
0 0.002344 0.168519 0.004688 0.016667
0 0.035677 0.164815 0.006771 0.016667