2 0.450000 0.178704 0.018750 0.059259
1 0.051302 0.188426 0.029687 0.017593
7 0.338542 0.176389 0.013542 0.015741
1 0.508073 0.113889 0.011979 0.011111
1 0.174740 0.186574 0.026563 0.017593
1 0.367708 0.917130 0.073958 0.165741
1 0.652083 0.114352 0.017708 0.013889
2 0.503385 0.166667 0.038021 0.048148
7 0.121354 0.196759 0.016667 0.021296
8 0.470313 0.189352 0.006250 0.017593
0 0.001563 0.234722 0.003125 0.023148
0 0.342708 0.416667 0.008333 0.037037
0 0.105990 0.175463 0.005729 0.017593
0 0.538021 0.409722 0.006250 0.036111
0 0.021875 0.279630 0.009375 0.018519
0 0.397135 0.258333 0.004688 0.014815
0 0.000781 0.233333 0.001563 0.022222
0 0.494271 0.408796 0.006250 0.023148
0 0.025000 0.171759 0.007292 0.017593