2 0.447656 0.168981 0.018229 0.056481
1 0.061458 0.181944 0.028125 0.017593
7 0.339844 0.170370 0.013021 0.014815
2 0.002865 0.167130 0.005729 0.049074
1 0.181250 0.179630 0.025000 0.016667
1 0.387240 0.799537 0.057813 0.184259
1 0.643490 0.111111 0.017188 0.012963
2 0.498958 0.157870 0.036458 0.047222
7 0.130469 0.189352 0.016146 0.019444
8 0.467187 0.181944 0.006250 0.017593
0 0.015365 0.224074 0.008854 0.022222
0 0.352344 0.381019 0.007812 0.034259
0 0.112500 0.170370 0.006250 0.016667
0 0.530990 0.374074 0.005729 0.033333
0 0.626042 0.950926 0.017708 0.066667
0 0.038802 0.266667 0.008854 0.018519
0 0.398438 0.244444 0.004167 0.014815
0 0.011719 0.223611 0.009896 0.021296
0 0.491406 0.374537 0.005729 0.021296
0 0.001302 0.169444 0.002604 0.016667
0 0.033854 0.165741 0.007292 0.016667