2 0.447396 0.187963 0.019792 0.062963
1 0.029427 0.198148 0.031771 0.018519
7 0.330990 0.185185 0.014062 0.016667
1 0.508333 0.117593 0.012500 0.011111
1 0.159115 0.196296 0.027604 0.018519
2 0.503385 0.175463 0.039062 0.050926
7 0.102083 0.207407 0.017708 0.022222
8 0.468750 0.199074 0.006250 0.018519
0 0.323438 0.468981 0.010417 0.039815
0 0.089844 0.183333 0.006771 0.018519
0 0.543490 0.459722 0.006771 0.039815
0 0.390104 0.277315 0.005208 0.015741
0 0.493229 0.458333 0.006250 0.025926
0 0.004948 0.180093 0.007812 0.017593