2 0.443229 0.221296 0.022917 0.074074
7 0.311458 0.214352 0.016667 0.019444
1 0.514063 0.130093 0.013542 0.012037
1 0.112500 0.227315 0.033333 0.021296
2 0.508854 0.203704 0.045833 0.059259
7 0.043490 0.242593 0.023438 0.025926
8 0.468490 0.233333 0.006771 0.022222
0 0.234896 0.717593 0.019792 0.055556
0 0.044531 0.211111 0.008854 0.020370
0 0.573958 0.700926 0.011458 0.055556
0 0.825000 0.198611 0.006250 0.019444
0 0.367448 0.349074 0.006771 0.020370
0 0.493229 0.690741 0.009375 0.037037
0 0.777344 0.193519 0.005729 0.018519