2 0.442448 0.223611 0.023438 0.075000
7 0.309115 0.216204 0.017188 0.019444
1 0.513542 0.131019 0.013542 0.012037
1 0.108073 0.229630 0.033854 0.022222
2 0.508594 0.205556 0.046354 0.059259
7 0.038281 0.245370 0.023438 0.025926
8 0.467708 0.235185 0.007292 0.022222
0 0.226042 0.741204 0.020833 0.056481
0 0.039844 0.212963 0.008854 0.020370
0 0.576042 0.722685 0.011458 0.056481
0 0.826823 0.200463 0.006771 0.019444
0 0.365104 0.354630 0.007292 0.020370
0 0.492708 0.712037 0.009375 0.038889
0 0.778906 0.194907 0.005729 0.019444