2 0.441146 0.230556 0.023958 0.077778
7 0.304688 0.222685 0.017708 0.019444
1 0.514323 0.133333 0.014062 0.012963
1 0.097656 0.236574 0.034896 0.023148
2 0.509635 0.212037 0.047396 0.061111
7 0.025000 0.253241 0.025000 0.026852
8 0.467448 0.243056 0.007812 0.023148
0 0.196875 0.822222 0.025000 0.061111
0 0.029948 0.218981 0.008854 0.021296
0 0.584896 0.799074 0.013542 0.061111
0 0.835677 0.206481 0.006771 0.020370
0 0.359375 0.371759 0.007292 0.021296
0 0.492188 0.785648 0.010417 0.041667
0 0.785677 0.200463 0.005729 0.019444