2 0.443229 0.243519 0.025000 0.083333
7 0.301562 0.232407 0.018750 0.020370
1 0.520312 0.137963 0.014583 0.012963
1 0.086198 0.247222 0.036979 0.024074
2 0.515625 0.222685 0.050000 0.063889
7 0.011198 0.264815 0.022396 0.027778
8 0.471094 0.256019 0.007812 0.025000
0 0.139062 0.978241 0.033333 0.043519
0 0.020052 0.227778 0.009896 0.022222
0 0.607813 0.965741 0.017708 0.068519
0 0.857031 0.217130 0.007812 0.021296
0 0.353125 0.402315 0.008333 0.023148
0 0.494271 0.940741 0.012500 0.050000
0 0.802865 0.211111 0.006771 0.020370