2 0.441146 0.225926 0.023958 0.075926
7 0.306771 0.218519 0.016667 0.018519
1 0.513021 0.131944 0.013542 0.012037
1 0.103646 0.232407 0.034375 0.022222
2 0.508073 0.207870 0.046354 0.060185
7 0.032812 0.248148 0.023958 0.025926
8 0.466667 0.237963 0.007292 0.022222
0 0.216146 0.767130 0.021875 0.058333
0 0.035417 0.215278 0.009375 0.021296
0 0.578125 0.746296 0.012500 0.057407
0 0.828906 0.202315 0.006771 0.019444
0 0.362500 0.360185 0.007292 0.020370
0 0.491927 0.734722 0.009896 0.039815
0 0.779948 0.196759 0.005729 0.019444