6 0.751562 0.218519 0.004167 0.012963
6 0.751562 0.229630 0.004167 0.012963
6 0.751562 0.234722 0.005208 0.017593
6 0.751302 0.212963 0.004688 0.016667
6 0.751302 0.207870 0.004688 0.015741
6 0.751562 0.225000 0.005208 0.016667
8 0.599219 0.283796 0.006771 0.030556
2 0.351302 0.840741 0.200521 0.318519
0 0.444792 0.470833 0.007292 0.041667
0 0.625000 0.203704 0.004167 0.020370
0 0.748177 0.202315 0.004688 0.012037
0 0.560417 0.313889 0.005208 0.029630
0 0.528906 0.656944 0.009896 0.054630
0 0.485938 0.405556 0.007292 0.024074
0 0.600781 0.688889 0.013021 0.057407
0 0.656510 0.300463 0.005729 0.028704
0 0.764323 0.163889 0.004688 0.016667
0 0.590104 0.160185 0.003125 0.016667
0 0.703646 0.452778 0.010417 0.040741
0 0.507031 0.356019 0.004688 0.032407
0 0.648958 0.335185 0.005208 0.022222