8 0.740365 0.290741 0.009896 0.031481
2 0.462500 0.761111 0.166667 0.357407
0 0.564323 0.440278 0.007812 0.039815
0 0.775260 0.217130 0.005729 0.021296
0 0.928125 0.229167 0.007292 0.013889
0 0.693750 0.315741 0.007292 0.029630
0 0.634375 0.612037 0.012500 0.051852
0 0.608854 0.390278 0.008333 0.023148
0 0.697135 0.665278 0.016146 0.054630
0 0.801823 0.317130 0.008854 0.030556
0 0.953125 0.189352 0.007292 0.019444
0 0.739844 0.168519 0.004688 0.016667
0 0.635677 0.346296 0.006771 0.031481
0 0.789062 0.350926 0.008333 0.024074