8 0.903125 0.326852 0.015625 0.033333
1 0.146354 0.306481 0.040625 0.037037
2 0.558594 0.720370 0.163021 0.318519
0 0.679688 0.450000 0.010417 0.040741
0 0.955469 0.251852 0.009896 0.024074
0 0.840885 0.346759 0.010937 0.032407
0 0.744010 0.632870 0.017188 0.052778
0 0.733333 0.409259 0.010417 0.024074
0 0.807292 0.706019 0.021875 0.056481
0 0.979688 0.367130 0.014583 0.034259
0 0.874219 0.180556 0.006771 0.018519
0 0.914062 0.193056 0.007292 0.019444
0 0.769010 0.368056 0.009896 0.034259
0 0.958854 0.402778 0.012500 0.025926