6 0.693229 0.226852 0.004167 0.012963
6 0.694271 0.238426 0.004167 0.013889
6 0.694792 0.244444 0.004167 0.018519
6 0.692187 0.220370 0.004167 0.016667
6 0.691667 0.214352 0.004167 0.015741
6 0.693750 0.233796 0.004167 0.017593
8 0.538281 0.322222 0.006771 0.035185
0 0.372396 0.575000 0.011458 0.048148
0 0.566406 0.217130 0.003646 0.021296
0 0.687500 0.209259 0.004167 0.012963
0 0.499740 0.355556 0.004688 0.033333
0 0.472396 0.886111 0.012500 0.066667
0 0.420312 0.477778 0.009375 0.027778
0 0.579167 0.886111 0.015625 0.068519
0 0.604167 0.331944 0.005208 0.030556
0 0.702604 0.166667 0.004167 0.016667
0 0.671354 0.512963 0.010417 0.044444
0 0.439323 0.418056 0.006771 0.037963
0 0.598698 0.373148 0.005729 0.024074