6 0.733594 0.217593 0.003646 0.012963
6 0.733854 0.228704 0.004167 0.012963
6 0.734115 0.233796 0.004688 0.017593
6 0.733333 0.211574 0.004167 0.015741
6 0.733333 0.206481 0.004167 0.014815
6 0.733594 0.224074 0.004688 0.016667
8 0.583073 0.286574 0.006771 0.030556
2 0.334115 0.855093 0.210938 0.289815
0 0.429427 0.481481 0.007812 0.042593
0 0.608333 0.203704 0.004167 0.020370
0 0.729948 0.201389 0.004688 0.012037
0 0.545052 0.317593 0.004688 0.029630
0 0.516146 0.675926 0.009375 0.055556
0 0.470833 0.412500 0.007292 0.025000
0 0.590885 0.703704 0.013021 0.057407
0 0.640885 0.301852 0.005729 0.027778
0 0.745313 0.162963 0.004167 0.016667
0 0.573177 0.160648 0.002604 0.015741
0 0.690365 0.455556 0.009896 0.040741
0 0.491406 0.362037 0.004688 0.033333
0 0.633854 0.337037 0.005208 0.022222