6 0.686719 0.219907 0.003646 0.012037
6 0.687500 0.231481 0.004167 0.012963
6 0.688021 0.237037 0.004167 0.018519
6 0.685677 0.213426 0.003646 0.015741
6 0.685156 0.207870 0.003646 0.015741
6 0.686979 0.226852 0.004167 0.016667
8 0.536979 0.306481 0.006250 0.033333
2 0.260417 0.935648 0.279167 0.128704
0 0.378385 0.539352 0.010937 0.045370
0 0.562760 0.210185 0.003646 0.020370
0 0.681510 0.203241 0.003646 0.012037
0 0.499219 0.339815 0.004688 0.031481
0 0.476042 0.793056 0.011458 0.062037
0 0.422917 0.452315 0.008333 0.026852
0 0.569010 0.802778 0.014062 0.064815
0 0.598958 0.317130 0.005208 0.028704
0 0.696094 0.162963 0.003646 0.016667
0 0.525521 0.165741 0.002083 0.016667
0 0.659635 0.484259 0.009896 0.042593
0 0.442187 0.395833 0.006250 0.036111
0 0.593229 0.356019 0.005208 0.023148