6 0.688281 0.222222 0.003646 0.012963
6 0.689323 0.233796 0.003646 0.013889
6 0.689583 0.239352 0.004167 0.017593
6 0.687500 0.215741 0.004167 0.016667
6 0.686979 0.209722 0.004167 0.015741
6 0.688542 0.229167 0.004167 0.017593
8 0.536979 0.311574 0.006250 0.034259
2 0.249740 0.950926 0.296354 0.098148
0 0.376302 0.550463 0.010937 0.047222
0 0.563281 0.212037 0.003646 0.020370
0 0.682813 0.205093 0.004167 0.012037
0 0.498958 0.344444 0.004167 0.031481
0 0.474740 0.821759 0.011979 0.063889
0 0.421875 0.460648 0.009375 0.026852
0 0.571875 0.828241 0.014583 0.065741
0 0.600260 0.321759 0.004688 0.030556
0 0.697656 0.163889 0.003646 0.016667
0 0.526042 0.166667 0.002083 0.016667
0 0.663281 0.493056 0.009896 0.043519
0 0.440885 0.403241 0.006771 0.036111
0 0.594792 0.361574 0.005208 0.023148