6 0.689323 0.224074 0.003646 0.012963
6 0.690625 0.235648 0.004167 0.013889
6 0.691146 0.241667 0.004167 0.018519
6 0.688542 0.217593 0.004167 0.016667
6 0.688021 0.211574 0.004167 0.015741
6 0.690104 0.231019 0.004167 0.017593
8 0.536719 0.317130 0.006771 0.034259
2 0.237760 0.968518 0.316146 0.062963
0 0.373437 0.562500 0.011458 0.047222
0 0.563802 0.214352 0.003646 0.021296
0 0.683854 0.206944 0.004167 0.012037
0 0.498437 0.350000 0.004167 0.031481
0 0.473177 0.852778 0.011979 0.064815
0 0.420312 0.468981 0.009375 0.026852
0 0.574740 0.856019 0.015104 0.067593
0 0.601042 0.326389 0.005208 0.030556
0 0.698698 0.164815 0.003646 0.016667
0 0.526042 0.167593 0.002083 0.016667
0 0.666146 0.502778 0.010417 0.044444
0 0.439323 0.410185 0.006771 0.037037
0 0.595573 0.367130 0.005729 0.023148