6 0.666927 0.231019 0.003646 0.013889
6 0.668750 0.243519 0.004167 0.014815
6 0.669531 0.250463 0.003646 0.019444
6 0.665885 0.224074 0.003646 0.016667
6 0.664844 0.217593 0.003646 0.016667
6 0.667969 0.238889 0.003646 0.018519
8 0.510417 0.344907 0.006250 0.037963
0 0.336198 0.638889 0.014062 0.051852
0 0.539844 0.224537 0.003646 0.021296
0 0.660417 0.213889 0.004167 0.012963
0 0.471615 0.379167 0.005729 0.034259
0 0.388542 0.519444 0.010417 0.029630
0 0.576302 0.988426 0.017188 0.023148
0 0.580729 0.349074 0.005208 0.031481
0 0.675260 0.168519 0.003646 0.016667
0 0.499479 0.174537 0.002083 0.017593
0 0.659115 0.546759 0.010937 0.047222
0 0.406510 0.454630 0.007812 0.040741
0 0.576563 0.394444 0.005208 0.025926