6 0.654167 0.238426 0.004167 0.013889
6 0.656771 0.251852 0.004167 0.014815
6 0.657552 0.258796 0.003646 0.019444
6 0.652865 0.231019 0.003646 0.017593
6 0.651823 0.224074 0.003646 0.016667
6 0.655469 0.246296 0.003646 0.018519
8 0.492448 0.371296 0.006771 0.040741
0 0.303906 0.715278 0.017188 0.056481
0 0.525000 0.233333 0.003125 0.022222
0 0.647135 0.220370 0.003646 0.012963
0 0.452604 0.406944 0.006250 0.036111
0 0.363802 0.568981 0.011979 0.032407
0 0.568750 0.371296 0.005208 0.033333
0 0.661719 0.172222 0.003646 0.016667
0 0.482812 0.180093 0.002083 0.017593
0 0.658594 0.590741 0.010937 0.050000
0 0.381510 0.497222 0.009896 0.042593
0 0.666406 0.203241 0.004688 0.012037
0 0.564844 0.421759 0.005729 0.026852