6 0.643229 0.241667 0.004167 0.014815
6 0.645833 0.255556 0.004167 0.014815
6 0.646875 0.262500 0.004167 0.019444
6 0.641406 0.233796 0.003646 0.017593
6 0.640104 0.226852 0.003125 0.016667
6 0.644531 0.250000 0.003646 0.018519
8 0.479167 0.386574 0.007292 0.043519
0 0.281510 0.763889 0.019271 0.059259
0 0.513021 0.237963 0.003125 0.022222
0 0.635417 0.223148 0.004167 0.012963
0 0.438542 0.422685 0.007292 0.037963
0 0.346354 0.599074 0.013542 0.033333
0 0.558594 0.382870 0.004688 0.034259
0 0.650000 0.173611 0.003125 0.017593
0 0.469531 0.183333 0.002604 0.018519
0 0.655208 0.614352 0.011458 0.050926
0 0.363802 0.523611 0.010937 0.045370
0 0.654427 0.205556 0.004688 0.012963
0 0.555208 0.436111 0.005208 0.027778