6 0.600521 0.259722 0.004167 0.015741
6 0.604427 0.275926 0.004688 0.016667
6 0.605990 0.284259 0.004688 0.022222
6 0.598177 0.250463 0.003646 0.019444
6 0.596615 0.242593 0.003646 0.018519
6 0.602604 0.269444 0.004167 0.020370
8 0.419792 0.474537 0.010417 0.054630
0 0.463802 0.261574 0.003646 0.025000
0 0.591406 0.240741 0.003646 0.014815
0 0.374219 0.512963 0.009896 0.044444
0 0.255990 0.778704 0.020312 0.042593
0 0.516927 0.448611 0.004688 0.037963
0 0.606250 0.182407 0.003125 0.018519
0 0.415885 0.200463 0.003646 0.019444
0 0.647396 0.750926 0.013542 0.059259
0 0.273698 0.680556 0.017188 0.053704
0 0.515104 0.517593 0.005208 0.031481