6 0.616146 0.245370 0.004167 0.014815
6 0.619271 0.259722 0.004167 0.015741
6 0.620573 0.267593 0.003646 0.020370
6 0.614323 0.237500 0.003646 0.017593
6 0.613021 0.230093 0.003125 0.017593
6 0.617969 0.254167 0.003646 0.019444
8 0.449479 0.412037 0.008333 0.046296
0 0.236458 0.854167 0.023958 0.063889
0 0.484896 0.244907 0.003125 0.023148
0 0.608073 0.227315 0.003646 0.013889
0 0.407813 0.450000 0.008333 0.038889
0 0.309635 0.652778 0.015104 0.037037
0 0.533854 0.400926 0.005208 0.035185
0 0.621875 0.175463 0.003125 0.017593
0 0.439583 0.188889 0.003125 0.018519
0 0.641146 0.648148 0.011458 0.053704
0 0.326562 0.569907 0.012500 0.047222
0 0.625781 0.208333 0.004688 0.012963
0 0.531250 0.458796 0.005208 0.028704