6 0.607031 0.277778 0.004688 0.016667
6 0.611458 0.296296 0.005208 0.018519
6 0.613281 0.306019 0.004688 0.023148
6 0.604167 0.267593 0.004167 0.020370
6 0.602083 0.258796 0.004167 0.019444
6 0.609375 0.288889 0.004167 0.022222
8 0.404687 0.555093 0.013542 0.063889
0 0.463021 0.280093 0.004167 0.026852
0 0.596875 0.257407 0.004167 0.014815
0 0.354688 0.589352 0.012500 0.049074
0 0.205208 0.943981 0.026042 0.050926
0 0.518490 0.509259 0.005729 0.042593
0 0.413802 0.212037 0.003646 0.020370
0 0.678906 0.903241 0.017188 0.067593
0 0.225260 0.825463 0.023438 0.062037
0 0.516667 0.595370 0.006250 0.035185