6 0.613021 0.295370 0.005208 0.018519
6 0.618490 0.315741 0.005729 0.020370
6 0.620833 0.326852 0.005208 0.025926
6 0.610156 0.283333 0.004688 0.022222
6 0.607813 0.273611 0.004167 0.021296
6 0.615885 0.307407 0.004688 0.024074
8 0.388281 0.645833 0.017188 0.076852
0 0.463021 0.297685 0.004167 0.028704
0 0.601823 0.273611 0.004688 0.015741
0 0.333073 0.672222 0.015104 0.055556
0 0.520573 0.573611 0.006771 0.047222
0 0.411719 0.222222 0.003646 0.022222
0 0.166146 0.984259 0.032292 0.031481
0 0.518750 0.679167 0.007292 0.039815