6 0.629948 0.340741 0.006771 0.022222
6 0.637500 0.368981 0.007292 0.025000
6 0.640885 0.382870 0.006771 0.030556
6 0.625781 0.325463 0.005729 0.025000
6 0.622396 0.312963 0.005208 0.024074
6 0.633854 0.356944 0.006250 0.028704
8 0.323698 0.967130 0.033854 0.065741
0 0.462760 0.343519 0.004688 0.031481
0 0.616406 0.315741 0.005729 0.018519
0 0.255469 0.966204 0.025521 0.067593
0 0.527344 0.788889 0.008854 0.059259
0 0.635417 0.222685 0.004167 0.021296
0 0.407292 0.248611 0.004167 0.023148
0 0.630469 0.279630 0.005729 0.016667
0 0.527083 0.976389 0.010417 0.047222