6 0.626562 0.331481 0.006250 0.022222
6 0.633594 0.357870 0.006771 0.023148
6 0.636719 0.371296 0.006771 0.029630
6 0.622396 0.317130 0.005208 0.025000
6 0.619531 0.305093 0.004688 0.023148
6 0.630208 0.346759 0.006250 0.026852
8 0.340365 0.910185 0.028646 0.116667
0 0.462760 0.334722 0.004688 0.030556
0 0.613542 0.306944 0.005208 0.017593
0 0.274479 0.897222 0.022917 0.068519
0 0.526042 0.738426 0.008333 0.056481
0 0.632292 0.218056 0.004167 0.021296
0 0.408333 0.243056 0.004167 0.023148
0 0.627865 0.272685 0.005729 0.015741
0 0.525000 0.906944 0.009375 0.049074