6 0.621615 0.318519 0.005729 0.020370
6 0.628125 0.342593 0.006250 0.022222
6 0.630729 0.355556 0.006250 0.027778
6 0.617969 0.305093 0.004688 0.023148
6 0.615365 0.293981 0.004688 0.023148
6 0.625260 0.332407 0.005729 0.025926
8 0.360156 0.800926 0.023438 0.100000
0 0.462760 0.321296 0.004688 0.029630
0 0.609375 0.294907 0.005208 0.017593
0 0.298438 0.806944 0.019792 0.063889
0 0.523958 0.673611 0.007292 0.052778
0 0.627865 0.212037 0.003646 0.020370
0 0.409635 0.236111 0.003646 0.022222
0 0.522396 0.815741 0.008333 0.044444