6 0.628125 0.336111 0.006250 0.022222
6 0.635417 0.362963 0.007292 0.024074
6 0.638802 0.377315 0.006771 0.030556
6 0.624219 0.320833 0.005729 0.025000
6 0.620833 0.309259 0.005208 0.024074
6 0.632031 0.351852 0.005729 0.027778
8 0.332552 0.945370 0.031771 0.109259
0 0.462760 0.338889 0.004688 0.031481
0 0.614844 0.311574 0.005729 0.017593
0 0.265365 0.931481 0.024479 0.070370
0 0.526563 0.762500 0.008333 0.058333
0 0.633854 0.220370 0.004167 0.022222
0 0.407813 0.245833 0.004167 0.023148
0 0.629167 0.275926 0.006250 0.016667
0 0.525781 0.941667 0.009896 0.050000