6 0.700260 0.531944 0.014062 0.041667
6 0.721094 0.601852 0.017188 0.050000
6 0.731510 0.638426 0.017188 0.056481
6 0.689062 0.496296 0.011458 0.040741
6 0.680729 0.468056 0.010417 0.037963
6 0.711198 0.570833 0.014062 0.049074
0 0.460417 0.537963 0.007292 0.046296
0 0.675781 0.492593 0.009896 0.027778
0 0.971354 0.298148 0.012500 0.027778
0 0.314323 0.333333 0.007812 0.031481
0 0.685938 0.295370 0.007292 0.027778
0 0.391667 0.343519 0.006250 0.031481
0 0.301562 0.273611 0.006250 0.025000
0 0.678906 0.410648 0.008854 0.025000