6 0.704687 0.543981 0.014583 0.043519
6 0.726302 0.616667 0.018229 0.051852
6 0.737240 0.655093 0.018229 0.058333
6 0.692969 0.506481 0.011979 0.042593
6 0.684115 0.477315 0.010937 0.039815
6 0.715885 0.583796 0.015104 0.050926
7 0.977604 0.326389 0.033333 0.028704
0 0.460417 0.550000 0.007292 0.046296
0 0.679167 0.503241 0.010417 0.028704
0 0.977083 0.301852 0.012500 0.027778
0 0.312240 0.337963 0.007812 0.031481
0 0.688542 0.299074 0.007292 0.027778
0 0.390625 0.349074 0.006250 0.031481
0 0.299740 0.276852 0.006771 0.025926
0 0.681771 0.418056 0.009375 0.025000