6 0.713542 0.568519 0.015625 0.046296
6 0.737760 0.648148 0.019271 0.055556
6 0.750000 0.690741 0.019792 0.062963
6 0.700781 0.527778 0.013021 0.044444
6 0.691146 0.495833 0.011458 0.041667
6 0.726302 0.612037 0.016146 0.053704
7 0.985937 0.335185 0.028125 0.029630
0 0.460156 0.575000 0.007812 0.048148
0 0.687240 0.526852 0.010937 0.029630
0 0.307813 0.348148 0.008333 0.031481
0 0.693750 0.306944 0.007292 0.028704
0 0.389062 0.358796 0.006250 0.032407
0 0.295573 0.283796 0.006771 0.026852
0 0.687500 0.434259 0.009375 0.025926