6 0.778906 0.755556 0.026563 0.070370
6 0.825781 0.901389 0.035937 0.093519
6 0.851562 0.967130 0.038542 0.065741
6 0.755729 0.685185 0.020833 0.061111
6 0.739062 0.633333 0.017708 0.055556
6 0.803125 0.832870 0.029167 0.078704
7 0.762500 0.381481 0.031250 0.033333
0 0.454427 0.769907 0.010937 0.060185
0 0.741667 0.699074 0.016667 0.038889
0 0.273177 0.417593 0.010937 0.037037
0 0.723177 0.356944 0.008854 0.032407
0 0.371875 0.431019 0.007292 0.037963
0 0.264062 0.328704 0.008333 0.029630
0 0.724740 0.544907 0.011979 0.032407