6 0.760417 0.695370 0.022917 0.062963
6 0.798958 0.817130 0.030208 0.080556
6 0.819531 0.884722 0.031771 0.086111
6 0.741146 0.635185 0.017708 0.055556
6 0.726823 0.590278 0.016146 0.050926
6 0.780469 0.761111 0.024479 0.070370
7 0.758854 0.365741 0.030208 0.031481
0 0.459115 0.704167 0.009896 0.056481
0 0.726562 0.643056 0.014583 0.036111
0 0.287760 0.394907 0.009896 0.036111
0 0.718229 0.342130 0.008333 0.030556
0 0.379948 0.408333 0.006771 0.035185
0 0.277604 0.314352 0.008333 0.028704
0 0.716406 0.510648 0.010937 0.030556