6 0.767448 0.714815 0.024479 0.064815
6 0.808333 0.843982 0.032292 0.084259
6 0.830469 0.916204 0.033854 0.089815
6 0.746875 0.651852 0.018750 0.057407
6 0.731771 0.604167 0.016667 0.052778
6 0.788802 0.784722 0.025521 0.073148
7 0.761719 0.370833 0.030729 0.032407
0 0.458594 0.725000 0.009896 0.057407
0 0.732552 0.661111 0.015104 0.037037
0 0.284375 0.401852 0.010417 0.035185
0 0.721094 0.347222 0.008854 0.031481
0 0.378646 0.415278 0.007292 0.036111
0 0.274740 0.318519 0.007812 0.029630
0 0.720312 0.522222 0.011458 0.031481