6 0.723698 0.595833 0.017188 0.049074
6 0.750521 0.683333 0.021875 0.061111
6 0.764323 0.730556 0.022396 0.066667
6 0.709375 0.550926 0.013542 0.046296
6 0.698958 0.516204 0.012500 0.043519
6 0.737500 0.643519 0.017708 0.057407
7 0.991406 0.344444 0.017188 0.029630
0 0.459896 0.602778 0.008333 0.050000
0 0.695573 0.551389 0.011979 0.030556
0 0.303125 0.358796 0.008333 0.032407
0 0.699219 0.314815 0.007812 0.029630
0 0.387240 0.370370 0.006771 0.033333
0 0.291406 0.290741 0.006771 0.027778
0 0.694010 0.451389 0.009896 0.026852