7 0.688281 0.444907 0.026563 0.047222
7 0.978646 0.168981 0.010417 0.015741
7 0.461198 0.658333 0.041146 0.079630
1 0.983594 0.164352 0.017188 0.017593
7 0.716927 0.416204 0.024479 0.045370
0 0.585677 0.474074 0.008854 0.042593
0 0.707552 0.358333 0.008854 0.033333
0 0.666146 0.402315 0.009375 0.025000
0 0.958854 0.162037 0.006250 0.016667
0 0.671875 0.693981 0.015625 0.041667
0 0.593490 0.467130 0.008854 0.041667
0 0.953125 0.161111 0.006250 0.016667
0 0.486198 0.576389 0.006771 0.047222
0 0.975260 0.141667 0.005729 0.014815
0 0.613021 0.459259 0.010417 0.027778