8 0.922396 0.125463 0.005208 0.013889
7 0.644792 0.474537 0.026042 0.052778
7 0.895573 0.160185 0.008854 0.014815
7 0.929167 0.117593 0.006250 0.011111
7 0.392188 0.788889 0.052083 0.103704
1 0.899479 0.155093 0.014583 0.017593
7 0.671094 0.440278 0.023438 0.049074
0 0.539062 0.520370 0.008333 0.046296
0 0.660156 0.373611 0.007812 0.034259
0 0.620313 0.426389 0.009375 0.025000
0 0.877604 0.153241 0.005208 0.015741
0 0.645312 0.783796 0.016667 0.047222
0 0.546875 0.510648 0.008333 0.045370
0 0.872917 0.153241 0.005208 0.015741
0 0.440885 0.656944 0.008854 0.052778
0 0.890365 0.132870 0.004688 0.013889
0 0.932813 0.088889 0.003125 0.009259
0 0.916667 0.109722 0.004167 0.012037
0 0.916927 0.104630 0.003646 0.011111
0 0.738802 0.294444 0.007812 0.027778
0 0.942448 0.080093 0.003646 0.008333
0 0.566667 0.499074 0.010417 0.029630