7 0.661979 0.461111 0.026042 0.050000
7 0.926823 0.163426 0.009896 0.015741
7 0.420312 0.730556 0.046875 0.092593
1 0.930990 0.158333 0.015104 0.018519
7 0.689062 0.429630 0.023958 0.048148
0 0.557292 0.500463 0.008333 0.043519
0 0.678646 0.367130 0.008333 0.034259
0 0.638021 0.416204 0.009375 0.025000
0 0.908333 0.156019 0.005208 0.015741
0 0.654948 0.744444 0.016146 0.044444
0 0.565365 0.491204 0.008854 0.043519
0 0.903125 0.156019 0.005208 0.015741
0 0.459115 0.621759 0.007812 0.050926
0 0.922396 0.136574 0.005208 0.013889
0 0.969531 0.091667 0.003646 0.009259
0 0.951302 0.112500 0.004688 0.012037
0 0.952083 0.107870 0.004167 0.012037
0 0.759635 0.293519 0.007812 0.027778
0 0.584896 0.481944 0.010417 0.028704