6 0.762760 0.623148 0.017188 0.050000
8 0.863021 0.123611 0.004167 0.013889
7 0.617448 0.541667 0.027604 0.062963
8 0.882812 0.090278 0.003125 0.010185
7 0.842448 0.159259 0.007812 0.014815
7 0.867969 0.115278 0.005729 0.012037
1 0.880208 0.095833 0.008333 0.010185
1 0.846094 0.152778 0.013021 0.016667
7 0.643490 0.496759 0.024479 0.058333
2 0.887240 0.103704 0.021354 0.042593
0 0.500781 0.614352 0.008854 0.052778
0 0.868229 0.201852 0.005208 0.014815
0 0.629948 0.411111 0.007812 0.037037
0 0.589583 0.479167 0.009375 0.028704
0 0.825781 0.150926 0.004688 0.014815
0 0.858073 0.257407 0.007812 0.024074
0 0.643490 0.980556 0.020312 0.038889
0 0.509375 0.600000 0.008333 0.051852
0 0.821094 0.151852 0.004688 0.014815
0 0.759896 0.587037 0.015625 0.050000
0 0.398958 0.820833 0.012500 0.062037
0 0.873958 0.106019 0.004167 0.012037
0 0.835938 0.130556 0.004167 0.012963
0 0.868750 0.085185 0.003125 0.009259
0 0.857031 0.106481 0.003646 0.011111
0 0.856510 0.101389 0.003646 0.010185
0 0.707031 0.309722 0.007812 0.028704
0 0.876302 0.076852 0.002604 0.009259
0 0.530729 0.581481 0.011458 0.035185