8 0.911198 0.125000 0.004688 0.012963
7 0.639063 0.482407 0.026042 0.053704
7 0.885156 0.159722 0.008854 0.015741
7 0.917708 0.117130 0.006250 0.012037
7 0.380469 0.818981 0.054688 0.110185
1 0.932292 0.098148 0.009375 0.011111
1 0.889063 0.154167 0.014583 0.017593
7 0.665625 0.446759 0.023958 0.050926
0 0.532292 0.531482 0.008333 0.046296
0 0.654427 0.378241 0.007812 0.034259
0 0.614323 0.432407 0.008854 0.025926
0 0.867708 0.152315 0.005208 0.015741
0 0.642969 0.806019 0.017188 0.049074
0 0.540625 0.520833 0.008333 0.045370
0 0.862760 0.152315 0.004688 0.015741
0 0.434375 0.675926 0.009375 0.053704
0 0.925260 0.108796 0.004688 0.012037
0 0.879948 0.132870 0.004688 0.013889
0 0.920833 0.087963 0.003125 0.009259
0 0.905208 0.108796 0.004167 0.012037
0 0.905469 0.104167 0.003646 0.012037
0 0.732552 0.296296 0.007812 0.027778
0 0.930208 0.079630 0.003125 0.009259
0 0.560417 0.508796 0.010417 0.030556