8 0.881250 0.124074 0.004167 0.012963
7 0.626042 0.521759 0.027083 0.060185
8 0.902865 0.091204 0.003646 0.010185
7 0.858854 0.159722 0.008333 0.015741
7 0.886719 0.116204 0.005729 0.012037
7 0.340625 0.945833 0.066667 0.108333
1 0.899740 0.096759 0.008854 0.010185
1 0.862500 0.153704 0.013542 0.016667
7 0.652344 0.479630 0.024479 0.055556
2 0.905990 0.105093 0.022396 0.043519
0 0.512760 0.584259 0.008854 0.050000
0 0.883594 0.202315 0.005729 0.013889
0 0.639844 0.400463 0.007812 0.036111
0 0.599479 0.462963 0.009375 0.027778
0 0.841927 0.151389 0.004688 0.015741
0 0.871094 0.256019 0.007812 0.025000
0 0.643490 0.922222 0.019271 0.055556
0 0.521354 0.571759 0.008333 0.049074
0 0.837240 0.152315 0.004688 0.015741
0 0.763281 0.566204 0.015104 0.049074
0 0.412240 0.765741 0.010937 0.059259
0 0.893229 0.107407 0.004167 0.011111
0 0.852604 0.131019 0.004167 0.013889
0 0.888542 0.086111 0.003125 0.009259
0 0.875260 0.107407 0.003646 0.011111
0 0.875260 0.102778 0.003646 0.011111
0 0.717448 0.305093 0.007812 0.028704
0 0.896354 0.077778 0.003125 0.009259
0 0.542188 0.555556 0.010417 0.033333