6 0.759115 0.632870 0.017188 0.050926
8 0.850000 0.123148 0.004167 0.012963
7 0.610937 0.552315 0.028125 0.063889
8 0.869271 0.089352 0.003125 0.010185
7 0.830990 0.158796 0.007812 0.015741
7 0.855208 0.114815 0.005208 0.011111
1 0.866667 0.094907 0.008333 0.010185
1 0.834375 0.151852 0.012500 0.016667
7 0.636979 0.505093 0.025000 0.060185
2 0.873698 0.103241 0.020312 0.041667
0 0.492448 0.630093 0.008854 0.052778
0 0.856771 0.201389 0.005208 0.013889
0 0.622656 0.416667 0.007812 0.037037
0 0.582552 0.487037 0.009896 0.029630
0 0.814323 0.150000 0.004688 0.014815
0 0.848177 0.256944 0.007812 0.025000
0 0.501302 0.614815 0.008854 0.051852
0 0.809896 0.151389 0.004167 0.015741
0 0.755469 0.595833 0.015104 0.050926
0 0.390104 0.850926 0.013542 0.062963
0 0.860677 0.104630 0.003646 0.011111
0 0.823958 0.129630 0.004167 0.012963
0 0.855469 0.084259 0.002604 0.009259
0 0.844271 0.105556 0.003125 0.011111
0 0.843750 0.100926 0.003125 0.011111
0 0.698958 0.311111 0.007292 0.029630
0 0.862760 0.075926 0.002604 0.009259
0 0.522917 0.594907 0.011458 0.036111