6 0.703906 0.580556 0.018229 0.050000
6 0.701302 0.635185 0.010937 0.059259
6 0.713281 0.423148 0.007812 0.035185
6 0.692448 0.712037 0.013021 0.062963
8 0.699219 0.115278 0.002604 0.012037
7 0.520573 0.660648 0.027604 0.082407
8 0.710417 0.080556 0.002083 0.009259
7 0.687760 0.150926 0.005729 0.014815
7 0.702083 0.106481 0.004167 0.011111
1 0.709375 0.086111 0.006250 0.009259
1 0.690365 0.142593 0.009896 0.016667
7 0.546875 0.579167 0.022917 0.073148
2 0.717188 0.094444 0.013542 0.035185
0 0.380729 0.827778 0.016667 0.064815
0 0.716406 0.190741 0.003646 0.012963
0 0.521875 0.470370 0.006250 0.040741
0 0.483854 0.573611 0.009375 0.032407
0 0.673177 0.141204 0.002604 0.013889
0 0.717448 0.249074 0.005729 0.024074
0 0.391667 0.799074 0.015625 0.062963
0 0.669792 0.143519 0.003125 0.014815
0 0.683073 0.675000 0.014062 0.055556
0 0.704427 0.095833 0.002604 0.010185
0 0.678906 0.120833 0.002604 0.012037
0 0.698958 0.076389 0.002083 0.008333
0 0.692708 0.096759 0.002083 0.010185
0 0.691667 0.092130 0.002083 0.010185
0 0.589583 0.324074 0.005208 0.029630
0 0.703385 0.068519 0.001563 0.007407
0 0.417188 0.756019 0.015625 0.045370