6 0.742969 0.554167 0.019271 0.047222
6 0.736979 0.600926 0.013542 0.053704
6 0.762760 0.414815 0.008854 0.033333
6 0.723698 0.665278 0.015104 0.056481
8 0.770052 0.118056 0.003646 0.012037
7 0.565885 0.596296 0.027604 0.072222
8 0.784635 0.084259 0.002604 0.009259
7 0.755208 0.153704 0.006250 0.014815
7 0.773698 0.109259 0.004688 0.011111
1 0.783073 0.088889 0.006771 0.009259
1 0.758073 0.145833 0.010937 0.015741
7 0.591146 0.535648 0.023958 0.065741
2 0.790365 0.097222 0.017188 0.038889
0 0.439323 0.711111 0.011979 0.057407
0 0.782292 0.193981 0.004167 0.013889
0 0.572135 0.438889 0.006771 0.038889
0 0.533333 0.523148 0.009375 0.031481
0 0.740104 0.144444 0.003125 0.014815
0 0.779167 0.250926 0.006250 0.024074
0 0.448698 0.690741 0.010937 0.057407
0 0.736198 0.146296 0.003646 0.014815
0 0.717188 0.628241 0.014583 0.052778
0 0.335417 0.990741 0.019792 0.018519
0 0.777604 0.099537 0.003125 0.010185
0 0.747396 0.124074 0.003125 0.012963
0 0.772135 0.079630 0.002604 0.009259
0 0.763802 0.100000 0.002604 0.011111
0 0.762760 0.095370 0.002604 0.011111
0 0.642708 0.315278 0.006250 0.028704
0 0.777604 0.071296 0.002083 0.007407
0 0.471875 0.661111 0.012500 0.038889