4 0.965104 0.096296 0.069792 0.038889
6 0.717708 0.563889 0.018750 0.048148
6 0.713542 0.613426 0.012500 0.056481
6 0.731771 0.416204 0.008333 0.034259
6 0.702865 0.684259 0.014062 0.059259
8 0.727083 0.115741 0.003125 0.012963
7 0.539583 0.624537 0.027083 0.076852
8 0.740104 0.081481 0.002083 0.009259
7 0.714323 0.151389 0.005729 0.013889
7 0.730729 0.107407 0.004167 0.011111
1 0.738542 0.087037 0.006250 0.009259
1 0.717188 0.143056 0.010417 0.015741
7 0.564583 0.555093 0.022917 0.069444
2 0.746094 0.095370 0.015104 0.037037
0 0.407031 0.764815 0.014062 0.061111
0 0.742188 0.191204 0.004167 0.013889
0 0.542188 0.452315 0.006250 0.039815
0 0.504427 0.546296 0.008854 0.031481
0 0.700000 0.141667 0.003125 0.014815
0 0.741406 0.248148 0.005729 0.024074
0 0.417188 0.740741 0.013542 0.059259
0 0.695833 0.144444 0.003125 0.014815
0 0.695052 0.647222 0.014062 0.053704
0 0.733594 0.096759 0.002604 0.010185
0 0.705990 0.121759 0.002604 0.012037
0 0.728125 0.077315 0.002083 0.008333
0 0.720833 0.097685 0.002083 0.010185
0 0.719792 0.093056 0.002083 0.010185
0 0.610677 0.318519 0.005729 0.029630
0 0.733073 0.069444 0.001563 0.007407
0 0.441146 0.704630 0.013542 0.042593
4 0.965365 0.096296 0.069271 0.038889