6 0.693750 0.611574 0.017708 0.052778
6 0.693229 0.672685 0.010417 0.063889
6 0.697135 0.437037 0.006771 0.037037
6 0.686979 0.762500 0.012500 0.069444
8 0.671875 0.115741 0.002083 0.012963
7 0.500521 0.721759 0.029167 0.093519
8 0.682031 0.080556 0.001563 0.009259
7 0.661719 0.152778 0.005729 0.014815
7 0.674740 0.106944 0.003646 0.010185
1 0.680990 0.085185 0.005729 0.009259
1 0.664583 0.143056 0.009375 0.015741
7 0.529427 0.618981 0.023438 0.080556
2 0.689062 0.094444 0.012500 0.031481
0 0.348177 0.931019 0.020312 0.069444
0 0.691406 0.192130 0.003646 0.013889
0 0.500000 0.499537 0.006250 0.043519
0 0.461198 0.618519 0.009896 0.035185
0 0.647396 0.141667 0.003125 0.014815
0 0.695052 0.252778 0.005729 0.024074
0 0.359896 0.895833 0.018750 0.067593
0 0.644010 0.144444 0.002604 0.014815
0 0.675521 0.724537 0.014583 0.058333
0 0.676042 0.095370 0.002083 0.011111
0 0.652344 0.120833 0.002604 0.012037
0 0.670573 0.075463 0.001563 0.008333
0 0.665104 0.096296 0.002083 0.011111
0 0.663802 0.091667 0.001563 0.009259
0 0.568229 0.334259 0.005208 0.031481
0 0.674740 0.068056 0.001563 0.008333
0 0.387760 0.840741 0.018229 0.050000