6 0.696615 0.600000 0.018229 0.051852
6 0.695573 0.659259 0.010937 0.062963
6 0.702083 0.431944 0.007292 0.036111
6 0.688542 0.744444 0.012500 0.066667
8 0.680469 0.115741 0.002604 0.012963
7 0.507031 0.700463 0.028646 0.089815
8 0.690885 0.080556 0.001563 0.009259
7 0.669792 0.151852 0.005208 0.014815
7 0.683073 0.106481 0.003646 0.011111
1 0.689844 0.085648 0.005729 0.008333
1 0.672396 0.142593 0.009375 0.016667
7 0.535156 0.604630 0.023438 0.077778
2 0.697656 0.094444 0.013021 0.033333
0 0.358333 0.895370 0.018750 0.068519
0 0.699219 0.191667 0.003646 0.012963
0 0.507031 0.488889 0.005729 0.042593
0 0.468490 0.602315 0.009896 0.034259
0 0.655469 0.141667 0.002604 0.014815
0 0.702083 0.251852 0.005208 0.024074
0 0.370313 0.862037 0.017708 0.066667
0 0.652083 0.144444 0.003125 0.014815
0 0.677604 0.707407 0.014583 0.057407
0 0.684896 0.095833 0.002083 0.010185
0 0.660677 0.120833 0.002604 0.012037
0 0.679427 0.075926 0.001563 0.009259
0 0.673437 0.096296 0.002083 0.011111
0 0.672396 0.091667 0.002083 0.009259
0 0.575000 0.331019 0.005208 0.030556
0 0.683594 0.068056 0.001563 0.008333
0 0.397917 0.810185 0.016667 0.048148