6 0.685417 0.662500 0.019792 0.058333
6 0.688021 0.736574 0.011458 0.073148
6 0.679948 0.460185 0.006771 0.038889
6 0.685938 0.847685 0.013542 0.080556
8 0.639583 0.117593 0.002083 0.012963
7 0.476823 0.817130 0.032812 0.110185
8 0.648177 0.080556 0.001563 0.009259
7 0.631250 0.155093 0.005208 0.015741
7 0.641927 0.108333 0.003646 0.011111
1 0.647656 0.085185 0.005729 0.009259
1 0.633594 0.143981 0.008854 0.015741
7 0.507031 0.688426 0.024479 0.091667
2 0.656510 0.094444 0.011979 0.029630
0 0.662500 0.195370 0.003125 0.012963
0 0.472396 0.546296 0.007292 0.046296
0 0.431510 0.693056 0.011979 0.037963
0 0.616667 0.142593 0.002083 0.014815
0 0.669271 0.259722 0.005208 0.025000
0 0.613802 0.146296 0.002604 0.014815
0 0.671354 0.810185 0.015625 0.062963
0 0.642708 0.095370 0.002083 0.011111
0 0.620833 0.121296 0.002083 0.012963
0 0.637240 0.075463 0.001563 0.008333
0 0.632552 0.096296 0.001563 0.011111
0 0.630990 0.091667 0.001563 0.009259
0 0.542969 0.350926 0.004688 0.031481
0 0.640625 0.067593 0.001042 0.007407
0 0.344271 0.981944 0.022917 0.036111