6 0.678906 0.707870 0.021354 0.063889
6 0.684635 0.794444 0.014062 0.081481
6 0.665625 0.480093 0.007292 0.041667
6 0.686719 0.927315 0.017188 0.091667
8 0.613542 0.118519 0.002083 0.012963
7 0.455990 0.915278 0.036979 0.128704
8 0.621094 0.080556 0.001563 0.009259
7 0.606250 0.157870 0.005208 0.015741
7 0.615625 0.109259 0.003125 0.011111
1 0.620833 0.085648 0.005208 0.008333
1 0.608594 0.145370 0.008854 0.016667
7 0.487240 0.756944 0.026563 0.104630
2 0.629687 0.094444 0.011458 0.029630
0 0.639063 0.198148 0.003125 0.012963
0 0.448958 0.590278 0.008333 0.049074
0 0.405729 0.764815 0.013542 0.040741
0 0.591406 0.144444 0.002604 0.014815
0 0.647917 0.265278 0.005208 0.025000
0 0.588802 0.148148 0.002604 0.014815
0 0.669792 0.890278 0.016667 0.067593
0 0.615365 0.095833 0.001563 0.010185
0 0.595312 0.122222 0.002083 0.012963
0 0.610156 0.075463 0.001563 0.008333
0 0.606250 0.096759 0.002083 0.010185
0 0.604427 0.092130 0.001563 0.010185
0 0.521615 0.365741 0.004688 0.033333
0 0.613281 0.067593 0.001563 0.007407