6 0.688802 0.636111 0.018229 0.055556
6 0.689583 0.703704 0.010417 0.068519
6 0.687760 0.448611 0.006771 0.037963
6 0.685417 0.803241 0.012500 0.075000
8 0.654688 0.116667 0.002083 0.012963
7 0.488021 0.767593 0.031250 0.101852
8 0.664062 0.080556 0.002083 0.009259
7 0.645312 0.153704 0.005208 0.014815
7 0.657031 0.107407 0.003646 0.011111
1 0.663281 0.085185 0.005729 0.009259
1 0.647917 0.143519 0.009375 0.016667
7 0.517708 0.652315 0.023958 0.086111
2 0.671615 0.094907 0.011979 0.030556
0 0.321615 0.992130 0.023438 0.015741
0 0.676042 0.193519 0.003125 0.012963
0 0.485677 0.522222 0.006771 0.044444
0 0.445833 0.654167 0.011458 0.036111
0 0.630990 0.142130 0.002604 0.013889
0 0.681250 0.256019 0.005208 0.025000
0 0.335677 0.971759 0.021354 0.056481
0 0.627865 0.145370 0.002604 0.014815
0 0.672656 0.765741 0.015104 0.061111
0 0.658073 0.094907 0.002604 0.010185
0 0.635677 0.121296 0.002604 0.012963
0 0.652865 0.075463 0.001563 0.008333
0 0.647917 0.095833 0.002083 0.010185
0 0.646354 0.091204 0.002083 0.010185
0 0.554948 0.342593 0.004688 0.031481
0 0.656510 0.067593 0.001563 0.007407
0 0.366146 0.912037 0.019792 0.053704