6 0.661979 0.734722 0.022917 0.065741
6 0.670573 0.830556 0.016146 0.087037
6 0.641927 0.490741 0.007812 0.042593
6 0.677344 0.964352 0.019271 0.071296
8 0.579948 0.119444 0.001563 0.012963
7 0.431250 0.963889 0.040625 0.072222
8 0.586458 0.080556 0.001042 0.009259
7 0.573177 0.158796 0.004688 0.015741
8 0.598177 0.089352 0.004688 0.008333
7 0.581771 0.109259 0.003125 0.011111
1 0.586458 0.085185 0.005208 0.009259
1 0.575521 0.145833 0.008333 0.015741
7 0.462760 0.812500 0.028646 0.113889
2 0.595573 0.093519 0.010937 0.029630
0 0.607031 0.199074 0.002604 0.012963
0 0.420052 0.625463 0.009896 0.050926
0 0.375521 0.825463 0.015625 0.043519
0 0.607292 0.078704 0.001042 0.009259
0 0.558854 0.144444 0.002083 0.014815
0 0.617969 0.267593 0.004688 0.025926
0 0.555990 0.149074 0.002604 0.014815
0 0.659115 0.944444 0.017188 0.068519
0 0.580990 0.094907 0.001563 0.010185
0 0.561719 0.122222 0.001563 0.012963
0 0.575260 0.075463 0.001563 0.008333
0 0.572135 0.096296 0.001563 0.011111
0 0.570312 0.091667 0.001042 0.009259
0 0.492448 0.375926 0.004688 0.033333
0 0.578385 0.067593 0.001563 0.007407