6 0.655729 0.868519 0.029167 0.081481
6 0.673437 0.974537 0.023958 0.050926
6 0.615625 0.545833 0.009375 0.049074
8 0.531510 0.124537 0.001563 0.013889
8 0.536979 0.081481 0.001042 0.009259
7 0.526563 0.166667 0.004167 0.016667
8 0.550781 0.090741 0.004688 0.009259
7 0.533073 0.113426 0.002604 0.012037
1 0.537240 0.087037 0.005729 0.009259
1 0.528385 0.150926 0.007812 0.016667
2 0.546615 0.094907 0.009896 0.030556
0 0.563281 0.207870 0.002604 0.013889
0 0.363802 0.761111 0.014062 0.057407
0 0.557813 0.079630 0.001042 0.009259
0 0.511198 0.149537 0.001563 0.015741
0 0.577604 0.284259 0.004167 0.025926
0 0.508854 0.155093 0.002083 0.015741
0 0.530729 0.097222 0.001042 0.011111
0 0.513281 0.125926 0.001563 0.012963
0 0.525521 0.076389 0.001042 0.008333
0 0.523698 0.098148 0.001563 0.011111
0 0.521354 0.093056 0.001042 0.010185
0 0.447656 0.415278 0.005729 0.036111
0 0.528125 0.068519 0.001042 0.007407