6 0.653646 0.816204 0.027083 0.075000
6 0.668229 0.936574 0.020833 0.102778
6 0.620573 0.524537 0.008854 0.047222
8 0.543490 0.122222 0.001563 0.012963
8 0.548958 0.081019 0.001042 0.008333
7 0.538021 0.163426 0.004167 0.015741
8 0.562240 0.089815 0.004688 0.009259
7 0.545052 0.112037 0.002604 0.011111
1 0.549219 0.086111 0.005729 0.009259
1 0.540104 0.148611 0.008333 0.015741
7 0.429167 0.944444 0.034375 0.111111
2 0.558333 0.093981 0.010417 0.030556
0 0.573698 0.204167 0.002604 0.013889
0 0.380729 0.710185 0.012500 0.055556
0 0.328906 0.974537 0.020312 0.050926
0 0.569792 0.079167 0.001042 0.008333
0 0.522917 0.147222 0.002083 0.014815
0 0.586979 0.277778 0.004167 0.025926
0 0.520312 0.153241 0.002083 0.015741
0 0.542969 0.096296 0.001563 0.011111
0 0.525260 0.125000 0.001563 0.012963
0 0.538021 0.075463 0.001042 0.008333
0 0.535677 0.097222 0.001563 0.011111
0 0.533333 0.092593 0.001042 0.009259
0 0.459375 0.400926 0.005208 0.035185
0 0.540625 0.067593 0.001042 0.007407