6 0.666406 0.987963 0.036979 0.024074
6 0.606510 0.604630 0.010937 0.055556
8 0.505990 0.129167 0.001563 0.013889
8 0.510938 0.083333 0.001042 0.009259
7 0.501302 0.174074 0.004688 0.016667
8 0.526302 0.092593 0.004688 0.009259
7 0.507031 0.117593 0.002604 0.011111
1 0.511458 0.088889 0.006250 0.009259
1 0.503125 0.155556 0.008333 0.016667
2 0.520833 0.096296 0.010417 0.031481
0 0.540365 0.217593 0.002604 0.014815
0 0.317708 0.915278 0.019792 0.063889
0 0.531771 0.080556 0.001042 0.009259
0 0.485156 0.154167 0.001563 0.015741
0 0.557813 0.300926 0.004167 0.027778
0 0.483333 0.161111 0.002083 0.016667
0 0.503646 0.099074 0.001042 0.011111
0 0.487240 0.129630 0.001563 0.012963
0 0.499219 0.077315 0.000521 0.008333
0 0.498177 0.100000 0.001563 0.011111
0 0.494792 0.095370 0.001042 0.011111
0 0.420052 0.453704 0.006771 0.038889
0 0.501823 0.069444 0.000521 0.007407