4 0.712760 0.082870 0.074479 0.028704
6 0.662760 0.970833 0.034896 0.058333
6 0.607292 0.591204 0.010417 0.054630
8 0.510156 0.128241 0.001563 0.013889
8 0.515104 0.083333 0.001042 0.009259
7 0.505469 0.172222 0.004688 0.016667
8 0.529948 0.092130 0.004688 0.008333
7 0.511198 0.116667 0.002604 0.011111
1 0.515365 0.088889 0.005729 0.009259
1 0.507292 0.154630 0.008333 0.016667
2 0.524740 0.095370 0.009896 0.031481
0 0.544010 0.215278 0.002604 0.013889
0 0.327344 0.879630 0.018229 0.062963
0 0.535937 0.080556 0.001042 0.009259
0 0.489323 0.153241 0.001563 0.015741
0 0.560938 0.297685 0.004167 0.026852
0 0.487500 0.160185 0.002083 0.016667
0 0.508073 0.099074 0.001563 0.011111
0 0.491406 0.128704 0.001563 0.012963
0 0.503646 0.077315 0.001042 0.008333
0 0.502083 0.100000 0.001042 0.011111
0 0.498958 0.094907 0.001042 0.010185
0 0.424740 0.445370 0.006771 0.038889
0 0.505990 0.069444 0.000521 0.007407
4 0.713021 0.082870 0.075000 0.028704