6 0.605729 0.618519 0.011458 0.057407
8 0.501562 0.130556 0.001042 0.014815
8 0.506250 0.084259 0.001042 0.009259
7 0.497135 0.175926 0.004688 0.016667
8 0.522656 0.093056 0.004688 0.008333
7 0.502865 0.118519 0.002604 0.012963
1 0.507031 0.089352 0.005729 0.010185
1 0.498958 0.156481 0.008333 0.016667
2 0.516406 0.096296 0.009896 0.031481
0 0.536198 0.219444 0.002604 0.014815
0 0.307552 0.955093 0.021354 0.065741
0 0.527604 0.080556 0.001042 0.009259
0 0.480990 0.155093 0.001563 0.015741
0 0.554427 0.305093 0.004688 0.028704
0 0.479167 0.162963 0.002083 0.016667
0 0.498958 0.099537 0.001042 0.010185
0 0.483073 0.130093 0.001563 0.013889
0 0.494792 0.077778 0.001042 0.009259
0 0.493490 0.100926 0.001563 0.011111
0 0.490625 0.095833 0.001042 0.010185
0 0.415104 0.462500 0.007292 0.039815
0 0.497396 0.069907 0.001042 0.008333