6 0.659635 0.955093 0.033854 0.089815
6 0.608333 0.579167 0.010417 0.052778
8 0.513802 0.127315 0.001563 0.013889
8 0.518750 0.082407 0.001042 0.009259
7 0.509375 0.171296 0.004167 0.016667
8 0.533594 0.091667 0.004688 0.009259
7 0.515365 0.116204 0.002604 0.012037
1 0.519531 0.087963 0.005729 0.009259
1 0.511198 0.153704 0.007812 0.016667
2 0.528906 0.095370 0.009896 0.031481
0 0.547135 0.213426 0.002604 0.013889
0 0.335938 0.848148 0.017708 0.061111
0 0.539844 0.080093 0.001563 0.008333
0 0.493490 0.152315 0.001563 0.015741
0 0.563542 0.293981 0.004167 0.026852
0 0.491667 0.158796 0.002083 0.015741
0 0.512240 0.098611 0.001563 0.010185
0 0.495573 0.128241 0.001563 0.013889
0 0.507552 0.077315 0.000521 0.008333
0 0.505990 0.099537 0.001563 0.010185
0 0.503125 0.094907 0.001042 0.010185
0 0.429427 0.437500 0.006771 0.037963
0 0.510156 0.068981 0.000521 0.008333