6 0.634375 0.818981 0.018750 0.084259
8 0.495052 0.143056 0.001563 0.015741
8 0.500521 0.088426 0.001042 0.010185
7 0.490625 0.194907 0.005208 0.019444
8 0.521094 0.098148 0.004688 0.009259
7 0.496615 0.128704 0.002604 0.012963
1 0.501823 0.093981 0.006771 0.010185
1 0.492969 0.168519 0.008854 0.018519
2 0.510938 0.100000 0.010417 0.037037
0 0.534375 0.243981 0.003125 0.015741
0 0.522396 0.084259 0.001042 0.009259
0 0.473437 0.165741 0.002083 0.016667
0 0.557031 0.352778 0.004688 0.031481
0 0.472656 0.176389 0.002604 0.017593
0 0.524219 0.100926 0.001563 0.011111
0 0.491406 0.104630 0.001563 0.011111
0 0.475521 0.138426 0.002083 0.013889
0 0.488542 0.081019 0.001042 0.008333
0 0.487760 0.105556 0.001563 0.011111
0 0.484115 0.100463 0.001563 0.010185
0 0.391406 0.565278 0.009896 0.047222
0 0.491146 0.072685 0.001042 0.008333