6 0.631510 0.794907 0.017188 0.080556
8 0.497135 0.141667 0.001563 0.014815
8 0.502344 0.087963 0.000521 0.009259
7 0.492448 0.193056 0.004688 0.019444
8 0.522396 0.097222 0.005208 0.009259
7 0.498437 0.127778 0.003125 0.012963
1 0.503906 0.093519 0.006771 0.009259
1 0.494792 0.167593 0.008333 0.018519
2 0.513021 0.099537 0.010417 0.036111
0 0.535677 0.241667 0.002604 0.016667
0 0.523958 0.084259 0.001042 0.009259
0 0.475521 0.164815 0.002083 0.016667
0 0.557813 0.348148 0.005208 0.031481
0 0.474219 0.175463 0.002604 0.017593
0 0.493490 0.104167 0.001563 0.012037
0 0.477344 0.137500 0.001563 0.013889
0 0.490625 0.080556 0.001042 0.009259
0 0.489844 0.105556 0.001563 0.011111
0 0.485938 0.100000 0.001042 0.011111
0 0.395312 0.553241 0.009375 0.045370
0 0.492969 0.072685 0.000521 0.008333