6 0.605990 0.634259 0.011979 0.059259
8 0.498177 0.131944 0.001563 0.013889
8 0.503125 0.084259 0.001042 0.009259
7 0.494010 0.177778 0.004688 0.016667
8 0.998958 0.096296 0.002083 0.009259
8 0.519531 0.093519 0.004688 0.009259
7 0.499740 0.119444 0.002604 0.012963
1 0.503906 0.089815 0.005729 0.009259
1 0.495833 0.157870 0.008333 0.017593
2 0.513281 0.096759 0.009896 0.032407
0 0.533594 0.221296 0.002604 0.014815
0 0.297135 0.981944 0.022396 0.036111
0 0.523958 0.081481 0.001042 0.009259
0 0.477604 0.156019 0.002083 0.015741
0 0.552344 0.309722 0.004688 0.028704
0 0.476042 0.163889 0.002083 0.016667
0 0.495573 0.100000 0.001563 0.011111
0 0.479427 0.131019 0.001563 0.013889
0 0.491667 0.078241 0.001042 0.008333
0 0.490365 0.100926 0.001563 0.011111
0 0.487240 0.096296 0.001563 0.011111
0 0.410677 0.471759 0.007812 0.039815
0 0.494010 0.069907 0.000521 0.008333