6 0.617188 0.704630 0.014583 0.068519
8 0.497917 0.136111 0.001042 0.014815
8 0.502865 0.086111 0.000521 0.009259
7 0.493490 0.185185 0.004688 0.018519
8 0.521094 0.095370 0.004688 0.009259
7 0.499219 0.123148 0.002604 0.012963
1 0.503906 0.091667 0.006771 0.009259
1 0.495313 0.162500 0.008333 0.017593
2 0.513281 0.098611 0.009896 0.034259
0 0.534635 0.231019 0.002604 0.015741
0 0.524479 0.082407 0.001042 0.009259
0 0.476562 0.160648 0.002083 0.015741
0 0.554948 0.327315 0.004688 0.030556
0 0.475260 0.169444 0.002604 0.016667
0 0.494531 0.101852 0.001563 0.011111
0 0.478646 0.133796 0.002083 0.013889
0 0.491146 0.079630 0.001042 0.009259
0 0.490365 0.102778 0.001563 0.011111
0 0.486979 0.098148 0.001042 0.011111
0 0.403646 0.508796 0.008333 0.043519
0 0.493750 0.071296 0.001042 0.007407