6 0.641927 0.873148 0.020312 0.092593
8 0.492969 0.145833 0.001563 0.015741
8 0.498437 0.089352 0.001042 0.010185
7 0.488542 0.199537 0.005208 0.019444
8 0.520052 0.099074 0.004688 0.009259
7 0.494792 0.130556 0.003125 0.012963
1 0.500000 0.094907 0.007292 0.010185
1 0.490885 0.170833 0.008854 0.019444
2 0.509375 0.100926 0.010417 0.037037
0 0.533073 0.249537 0.002604 0.015741
0 0.520312 0.085185 0.001042 0.009259
0 0.471354 0.168519 0.002083 0.016667
0 0.557292 0.363889 0.005208 0.033333
0 0.470573 0.179167 0.002604 0.017593
0 0.522135 0.101852 0.001563 0.011111
0 0.489062 0.105556 0.002083 0.011111
0 0.473177 0.140278 0.001563 0.013889
0 0.486458 0.081481 0.001042 0.009259
0 0.485677 0.106481 0.001563 0.011111
0 0.482031 0.101389 0.001563 0.010185
0 0.385417 0.590741 0.010417 0.048148
0 0.489062 0.073611 0.001042 0.008333