6 0.637240 0.844444 0.019271 0.088889
8 0.493490 0.143981 0.001563 0.015741
8 0.498698 0.088426 0.000521 0.010185
7 0.488802 0.196759 0.004688 0.019444
8 0.519792 0.098148 0.005208 0.009259
7 0.494792 0.129630 0.003125 0.012963
1 0.500260 0.094444 0.006771 0.009259
1 0.491406 0.169907 0.008854 0.019444
2 0.509375 0.100926 0.010417 0.037037
0 0.533073 0.246759 0.002604 0.015741
0 0.520833 0.084259 0.001042 0.009259
0 0.471875 0.167130 0.002083 0.017593
0 0.556510 0.357870 0.004688 0.032407
0 0.470833 0.178241 0.003125 0.017593
0 0.522656 0.101389 0.001563 0.010185
0 0.489323 0.105556 0.001563 0.011111
0 0.473437 0.139352 0.002083 0.013889
0 0.486979 0.081481 0.001042 0.009259
0 0.486198 0.106481 0.001563 0.011111
0 0.482292 0.100926 0.001042 0.011111
0 0.388021 0.577315 0.010417 0.047222
0 0.489323 0.072685 0.000521 0.008333