8 0.485417 0.155556 0.002083 0.016667
8 0.491146 0.092130 0.001042 0.010185
7 0.480469 0.215278 0.005729 0.021296
8 0.516146 0.102778 0.005208 0.009259
7 0.486979 0.138889 0.003125 0.014815
1 0.493490 0.098611 0.007812 0.010185
1 0.483333 0.181019 0.009375 0.021296
2 0.502344 0.105556 0.010937 0.035185
0 0.529167 0.270833 0.003125 0.017593
0 0.513542 0.087037 0.001042 0.009259
0 0.462760 0.177315 0.002604 0.017593
0 0.557813 0.409722 0.006250 0.036111
0 0.462240 0.190741 0.002604 0.018519
0 0.514844 0.105556 0.001563 0.011111
0 0.480729 0.110185 0.002083 0.011111
0 0.464844 0.146296 0.001563 0.014815
0 0.478646 0.084259 0.001042 0.009259
0 0.478385 0.110648 0.001563 0.012037
0 0.474219 0.104630 0.001563 0.011111
0 0.358333 0.705093 0.013542 0.054630
0 0.481250 0.075463 0.001042 0.008333