6 0.647135 0.905093 0.021354 0.097222
8 0.493490 0.146759 0.001563 0.015741
8 0.498698 0.089352 0.000521 0.010185
7 0.488542 0.201389 0.005208 0.019444
8 0.520833 0.099074 0.005208 0.009259
7 0.494792 0.131944 0.003125 0.013889
1 0.500521 0.095833 0.007292 0.010185
1 0.490885 0.172685 0.008854 0.019444
2 0.509375 0.101852 0.010417 0.037037
0 0.533854 0.252778 0.003125 0.016667
0 0.520833 0.085185 0.001042 0.009259
0 0.471354 0.169444 0.002083 0.016667
0 0.558333 0.370370 0.005208 0.033333
0 0.470573 0.181019 0.002604 0.017593
0 0.522656 0.102778 0.001563 0.011111
0 0.489323 0.106481 0.001563 0.011111
0 0.473177 0.140741 0.001563 0.014815
0 0.486979 0.082407 0.001042 0.009259
0 0.486198 0.107407 0.001563 0.011111
0 0.482292 0.101852 0.001042 0.011111
0 0.382812 0.605093 0.010417 0.049074
0 0.489323 0.073611 0.000521 0.008333