8 0.471354 0.169444 0.002083 0.018519
8 0.477604 0.096759 0.001042 0.010185
7 0.465625 0.240741 0.006250 0.024074
7 0.473177 0.149537 0.003646 0.015741
1 0.481510 0.103704 0.008854 0.011111
1 0.469271 0.196759 0.010417 0.023148
2 0.489323 0.110185 0.010937 0.035185
0 0.520052 0.304167 0.003646 0.019444
0 0.501042 0.090741 0.001042 0.009259
0 0.447656 0.189815 0.002604 0.018519
0 0.557031 0.486574 0.006771 0.041667
0 0.447396 0.207407 0.003125 0.020370
0 0.501823 0.111574 0.001563 0.012037
0 0.466146 0.116204 0.002083 0.012037
0 0.450000 0.155556 0.002083 0.014815
0 0.465104 0.087500 0.001042 0.010185
0 0.464583 0.116204 0.002083 0.012037
0 0.460156 0.109722 0.001563 0.012037
0 0.302344 0.935648 0.021354 0.065741
0 0.467708 0.078704 0.001042 0.009259