8 0.473177 0.165278 0.001563 0.017593
8 0.479167 0.095370 0.001042 0.011111
7 0.467708 0.231944 0.006250 0.023148
7 0.474740 0.146296 0.003646 0.014815
1 0.482292 0.101852 0.008333 0.011111
1 0.471094 0.191667 0.009896 0.022222
2 0.490365 0.108796 0.010937 0.034259
0 0.520312 0.292593 0.003125 0.018519
0 0.502083 0.089352 0.001042 0.010185
0 0.449740 0.185648 0.002604 0.017593
0 0.554427 0.458333 0.006771 0.038889
0 0.449479 0.201852 0.003125 0.020370
0 0.503125 0.109259 0.002083 0.011111
0 0.468229 0.114352 0.002083 0.012037
0 0.452083 0.152315 0.002083 0.015741
0 0.466667 0.086111 0.001042 0.009259
0 0.466146 0.114352 0.002083 0.012037
0 0.461719 0.108333 0.001563 0.011111
0 0.321094 0.848148 0.018229 0.061111
0 0.468750 0.077778 0.001042 0.009259