8 0.471354 0.171296 0.002083 0.018519
8 0.477604 0.097222 0.001042 0.011111
7 0.465365 0.243981 0.006771 0.025000
7 0.473177 0.150926 0.003646 0.014815
1 0.481510 0.104630 0.008854 0.011111
1 0.469271 0.198611 0.010417 0.023148
2 0.489323 0.110648 0.010937 0.036111
0 0.520312 0.308333 0.003125 0.020370
0 0.501042 0.091204 0.001042 0.010185
0 0.447135 0.191204 0.002604 0.019444
0 0.558333 0.496296 0.007292 0.042593
0 0.447135 0.209722 0.003646 0.021296
0 0.501823 0.111574 0.001563 0.012037
0 0.466146 0.117130 0.002083 0.012037
0 0.450000 0.156944 0.002083 0.015741
0 0.465104 0.087963 0.001042 0.009259
0 0.464844 0.116204 0.001563 0.012037
0 0.460156 0.110185 0.001563 0.011111
0 0.295052 0.968056 0.022396 0.063889
0 0.467708 0.079167 0.001042 0.008333