8 0.474479 0.163426 0.002083 0.017593
8 0.480208 0.094907 0.001042 0.010185
7 0.469271 0.229167 0.006250 0.023148
7 0.476302 0.144444 0.003646 0.014815
1 0.483333 0.101389 0.008333 0.010185
1 0.472656 0.189815 0.009896 0.022222
2 0.491927 0.107870 0.010937 0.034259
0 0.521354 0.288889 0.003125 0.018519
0 0.503125 0.089352 0.001042 0.010185
0 0.451302 0.184259 0.002604 0.018519
0 0.554427 0.449074 0.006771 0.038889
0 0.451042 0.200000 0.003125 0.020370
0 0.504427 0.108796 0.001563 0.012037
0 0.469531 0.113426 0.001563 0.012037
0 0.453646 0.151389 0.002083 0.015741
0 0.467708 0.086111 0.001042 0.009259
0 0.467448 0.113426 0.001563 0.012037
0 0.463281 0.107407 0.001563 0.011111
0 0.327865 0.820833 0.017188 0.060185
0 0.470313 0.077315 0.001042 0.008333