8 0.479688 0.158796 0.002083 0.017593
8 0.485417 0.093056 0.001042 0.010185
7 0.474740 0.220833 0.005729 0.021296
8 0.511719 0.103704 0.004688 0.009259
7 0.481250 0.141204 0.003125 0.013889
1 0.488021 0.100000 0.008333 0.011111
1 0.477604 0.184722 0.009375 0.021296
2 0.496615 0.106944 0.010937 0.034259
0 0.524479 0.277778 0.003125 0.018519
0 0.508073 0.087963 0.001563 0.009259
0 0.456771 0.180093 0.002083 0.017593
0 0.555208 0.425000 0.006250 0.037037
0 0.456510 0.194907 0.002604 0.019444
0 0.509635 0.106944 0.001563 0.012037
0 0.475000 0.111574 0.002083 0.012037
0 0.458854 0.148611 0.002083 0.015741
0 0.472917 0.085185 0.001042 0.009259
0 0.472656 0.111574 0.001563 0.012037
0 0.468490 0.106019 0.001563 0.012037
0 0.345573 0.748611 0.015104 0.056481
0 0.475521 0.076389 0.001042 0.008333