8 0.470052 0.180093 0.002604 0.019444
8 0.477083 0.100000 0.001042 0.011111
7 0.463281 0.261111 0.006771 0.025926
7 0.472135 0.157870 0.003646 0.015741
1 0.481771 0.107407 0.009375 0.011111
1 0.467448 0.208333 0.010937 0.024074
2 0.489062 0.113426 0.011458 0.037963
0 0.522135 0.331019 0.003646 0.021296
0 0.501042 0.093056 0.001042 0.010185
0 0.445052 0.199537 0.002604 0.019444
0 0.565625 0.556481 0.008333 0.046296
0 0.445312 0.220370 0.003125 0.022222
0 0.501302 0.115278 0.001563 0.012037
0 0.464063 0.120370 0.002083 0.012963
0 0.448177 0.162037 0.002604 0.016667
0 0.464323 0.089815 0.001563 0.009259
0 0.464583 0.119444 0.002083 0.012963
0 0.459115 0.113426 0.001563 0.012037
0 0.466927 0.081019 0.001563 0.008333