8 0.469010 0.187500 0.002604 0.019444
8 0.476562 0.102315 0.001042 0.012037
7 0.461198 0.276852 0.007812 0.027778
7 0.471094 0.163889 0.003646 0.016667
1 0.482292 0.109722 0.010417 0.012037
1 0.466146 0.217593 0.011458 0.025926
2 0.488802 0.115741 0.011979 0.038889
0 0.523438 0.352778 0.004167 0.022222
0 0.501042 0.094907 0.001042 0.010185
0 0.442969 0.206481 0.002604 0.020370
0 0.572396 0.616667 0.009375 0.050000
0 0.443490 0.229630 0.003646 0.022222
0 0.500781 0.118056 0.001563 0.012037
0 0.462500 0.123148 0.002083 0.012963
0 0.446875 0.166667 0.002083 0.016667
0 0.463802 0.091204 0.001563 0.010185
0 0.465104 0.122222 0.002083 0.012963
0 0.458073 0.115278 0.001563 0.012037
0 0.466406 0.082407 0.001563 0.009259