8 0.469531 0.183796 0.002604 0.019444
8 0.476823 0.100926 0.001563 0.011111
7 0.462500 0.268519 0.007292 0.027778
7 0.471615 0.160648 0.003646 0.015741
1 0.482031 0.108796 0.009896 0.012037
1 0.466927 0.212963 0.010937 0.024074
2 0.488802 0.114352 0.011979 0.037963
0 0.522656 0.341667 0.003646 0.022222
0 0.501042 0.093981 0.001042 0.010185
0 0.444010 0.202778 0.002604 0.020370
0 0.569010 0.585185 0.008854 0.048148
0 0.444531 0.225000 0.003646 0.022222
0 0.501042 0.116667 0.002083 0.012963
0 0.463542 0.122222 0.002083 0.012963
0 0.447396 0.164815 0.002083 0.016667
0 0.464063 0.090278 0.001042 0.010185
0 0.465104 0.121296 0.002083 0.012963
0 0.458594 0.114352 0.001563 0.012037
0 0.466667 0.081481 0.001042 0.009259