8 0.470313 0.178241 0.002083 0.019444
8 0.477083 0.099537 0.001042 0.010185
7 0.463802 0.257407 0.006771 0.025926
7 0.472135 0.156019 0.003646 0.015741
1 0.481771 0.106481 0.009375 0.011111
1 0.467969 0.206481 0.010937 0.024074
2 0.489062 0.112500 0.011458 0.037963
0 0.521615 0.326389 0.003646 0.021296
0 0.501042 0.093056 0.001042 0.010185
0 0.445573 0.197685 0.002604 0.019444
0 0.563802 0.543981 0.007812 0.045370
0 0.445573 0.218056 0.003646 0.021296
0 0.501302 0.114352 0.001563 0.012037
0 0.464583 0.119444 0.002083 0.012963
0 0.448438 0.161111 0.002083 0.016667
0 0.464583 0.089352 0.001042 0.010185
0 0.464583 0.118981 0.002083 0.012037
0 0.459115 0.112500 0.001563 0.012037
0 0.467187 0.080556 0.001042 0.009259