8 0.470313 0.176389 0.002083 0.019444
8 0.477083 0.099074 0.001042 0.011111
7 0.464063 0.254167 0.007292 0.025000
7 0.472656 0.155093 0.003646 0.015741
1 0.481771 0.106481 0.009375 0.011111
1 0.468229 0.204630 0.010417 0.024074
2 0.489062 0.112037 0.011458 0.037037
0 0.521094 0.321759 0.003646 0.021296
0 0.501042 0.092130 0.001042 0.010185
0 0.446094 0.195833 0.002604 0.019444
0 0.562240 0.531482 0.007812 0.044444
0 0.446094 0.216204 0.003646 0.021296
0 0.501302 0.113426 0.001563 0.012037
0 0.464844 0.118981 0.001563 0.012037
0 0.448958 0.159722 0.002083 0.015741
0 0.464583 0.088889 0.001042 0.009259
0 0.464583 0.118519 0.002083 0.012963
0 0.459635 0.112037 0.001563 0.011111
0 0.467187 0.080093 0.001042 0.008333