8 0.469792 0.181944 0.002083 0.019444
8 0.477083 0.100926 0.001042 0.011111
7 0.462760 0.264815 0.006771 0.025926
7 0.471875 0.159259 0.004167 0.016667
1 0.482031 0.107870 0.009896 0.012037
1 0.467448 0.211111 0.010937 0.024074
2 0.489062 0.113889 0.011458 0.038889
0 0.522135 0.336574 0.003646 0.021296
0 0.501042 0.093519 0.001042 0.009259
0 0.444531 0.200926 0.002604 0.020370
0 0.567187 0.570833 0.008333 0.047222
0 0.445052 0.222685 0.003646 0.021296
0 0.501302 0.116204 0.001563 0.012037
0 0.463542 0.121296 0.002083 0.012963
0 0.447917 0.163426 0.002083 0.015741
0 0.464063 0.090278 0.001042 0.010185
0 0.464844 0.120370 0.001563 0.012963
0 0.459115 0.113426 0.001563 0.012037
0 0.466667 0.081481 0.001042 0.009259