8 0.468490 0.191667 0.002604 0.020370
8 0.476562 0.103704 0.001042 0.011111
7 0.460156 0.284722 0.007812 0.028704
7 0.470833 0.166667 0.004167 0.016667
1 0.482552 0.111574 0.010937 0.012037
1 0.465625 0.222222 0.011458 0.025926
2 0.488542 0.116667 0.011458 0.038889
0 0.523958 0.363889 0.004167 0.024074
0 0.501042 0.095833 0.001042 0.010185
0 0.441927 0.209259 0.002604 0.020370
0 0.576823 0.650926 0.009896 0.051852
0 0.442448 0.234722 0.003646 0.023148
0 0.500781 0.119444 0.001563 0.012963
0 0.461979 0.125000 0.002083 0.012963
0 0.446094 0.169444 0.002604 0.016667
0 0.463542 0.092130 0.001042 0.010185
0 0.465104 0.124074 0.002083 0.012963
0 0.458073 0.117130 0.001563 0.012037
0 0.466146 0.083333 0.001042 0.009259