8 0.466406 0.206481 0.002604 0.022222
8 0.475521 0.107870 0.001042 0.012037
7 0.455990 0.318056 0.008854 0.032407
7 0.469010 0.179167 0.004688 0.017593
1 0.483594 0.116204 0.010937 0.012037
1 0.463281 0.241204 0.013021 0.028704
2 0.488281 0.121759 0.011979 0.041667
0 0.527344 0.410185 0.004688 0.025926
0 0.501042 0.098611 0.001042 0.010185
0 0.438021 0.222685 0.003125 0.021296
0 0.595312 0.807870 0.013542 0.060185
0 0.438281 0.253241 0.003646 0.025000
0 0.459635 0.131019 0.002604 0.013889
0 0.443490 0.178241 0.002604 0.017593
0 0.462500 0.094907 0.001042 0.010185
0 0.465104 0.128704 0.002083 0.012963
0 0.456510 0.121296 0.001563 0.012963
0 0.465104 0.086111 0.001042 0.009259