8 0.465885 0.208333 0.002604 0.022222
8 0.475521 0.108333 0.001042 0.011111
7 0.455469 0.323148 0.008854 0.033333
7 0.468750 0.181019 0.004167 0.019444
1 0.483854 0.116667 0.011458 0.012963
1 0.462760 0.244444 0.013021 0.029630
2 0.488021 0.122685 0.012500 0.041667
0 0.527865 0.417593 0.004688 0.025926
0 0.501042 0.099074 0.001042 0.011111
0 0.437500 0.225000 0.003125 0.022222
0 0.598698 0.835648 0.014062 0.062037
0 0.437760 0.256019 0.003646 0.025000
0 0.459375 0.131944 0.002083 0.013889
0 0.442969 0.179167 0.002604 0.017593
0 0.462240 0.095833 0.001563 0.010185
0 0.465104 0.129630 0.002083 0.012963
0 0.456250 0.121759 0.002083 0.012037
0 0.465104 0.086111 0.001042 0.009259