8 0.465365 0.213426 0.002604 0.023148
8 0.475260 0.109722 0.001563 0.012037
7 0.454167 0.334259 0.009375 0.035185
7 0.468229 0.184722 0.004167 0.019444
1 0.484115 0.118519 0.011979 0.012963
1 0.461979 0.250463 0.013542 0.030556
2 0.488021 0.124537 0.012500 0.041667
0 0.528646 0.432870 0.005208 0.026852
0 0.501042 0.100000 0.001042 0.011111
0 0.436198 0.228704 0.003646 0.022222
0 0.606250 0.898148 0.015625 0.064815
0 0.436458 0.262037 0.004167 0.024074
0 0.458854 0.133796 0.002083 0.013889
0 0.441927 0.181944 0.002604 0.017593
0 0.461979 0.096296 0.001042 0.011111
0 0.465625 0.131019 0.002083 0.013889
0 0.455990 0.123148 0.001563 0.012963
0 0.464583 0.087037 0.001042 0.009259