8 0.468229 0.193519 0.002083 0.020370
8 0.476302 0.104167 0.001563 0.012037
7 0.459635 0.288889 0.007812 0.029630
7 0.470573 0.168519 0.003646 0.016667
1 0.482812 0.111574 0.010417 0.012037
1 0.465365 0.224537 0.011979 0.026852
2 0.488542 0.117593 0.011458 0.038889
0 0.524479 0.369907 0.004167 0.023148
0 0.501042 0.095833 0.001042 0.010185
0 0.441406 0.211111 0.002604 0.020370
0 0.578646 0.668981 0.010417 0.052778
0 0.441927 0.237037 0.003646 0.022222
0 0.500781 0.119907 0.001563 0.012037
0 0.461458 0.125926 0.002083 0.012963
0 0.445573 0.170370 0.002604 0.016667
0 0.463281 0.092593 0.001563 0.009259
0 0.465104 0.124537 0.002083 0.013889
0 0.457552 0.117130 0.001563 0.012037
0 0.466146 0.083333 0.001042 0.009259