8 0.466667 0.204167 0.002083 0.021296
8 0.475781 0.106944 0.001563 0.012037
7 0.456771 0.312963 0.008333 0.031481
7 0.469271 0.177315 0.004167 0.017593
1 0.483333 0.115278 0.011458 0.012037
1 0.463542 0.238426 0.012500 0.028704
2 0.488281 0.120833 0.011979 0.041667
0 0.526823 0.402778 0.004688 0.025926
0 0.501042 0.098148 0.001042 0.011111
0 0.438542 0.220833 0.003125 0.021296
0 0.592448 0.781482 0.013021 0.059259
0 0.438802 0.250463 0.003646 0.023148
0 0.459896 0.130093 0.002083 0.013889
0 0.443750 0.177315 0.002083 0.017593
0 0.462500 0.094907 0.001042 0.010185
0 0.465104 0.128241 0.002083 0.013889
0 0.456510 0.120370 0.001563 0.012963
0 0.465365 0.085648 0.001563 0.010185