8 0.463802 0.224074 0.002604 0.024074
8 0.474740 0.112500 0.001563 0.012037
7 0.451042 0.359722 0.010417 0.037963
7 0.466927 0.193056 0.004688 0.019444
1 0.484896 0.121296 0.012500 0.012963
1 0.459896 0.265278 0.014583 0.032407
2 0.487500 0.128241 0.012500 0.041667
0 0.531250 0.468981 0.005208 0.028704
0 0.501042 0.101852 0.001042 0.011111
0 0.433594 0.237500 0.003646 0.023148
0 0.433594 0.275000 0.003646 0.025926
0 0.457812 0.137037 0.002083 0.014815
0 0.440365 0.187963 0.002604 0.018519
0 0.461458 0.098148 0.001042 0.011111
0 0.465625 0.134722 0.002083 0.013889
0 0.454948 0.125926 0.001563 0.012963
0 0.464063 0.088889 0.001042 0.009259