8 0.462500 0.232407 0.003125 0.024074
8 0.474219 0.114815 0.001563 0.012963
7 0.448177 0.381019 0.010937 0.039815
7 0.465885 0.200000 0.004688 0.020370
1 0.485677 0.123611 0.013021 0.013889
1 0.458333 0.277315 0.014583 0.034259
2 0.487240 0.130556 0.013021 0.042593
0 0.533073 0.500463 0.005729 0.030556
0 0.501302 0.103704 0.001563 0.011111
0 0.431510 0.244907 0.003646 0.023148
0 0.431250 0.285648 0.004167 0.026852
0 0.456771 0.140278 0.002083 0.013889
0 0.439063 0.192593 0.003125 0.018519
0 0.460938 0.099537 0.001042 0.010185
0 0.465625 0.137500 0.002083 0.013889
0 0.454167 0.128241 0.002083 0.013889
0 0.463802 0.090278 0.001563 0.010185