8 0.461458 0.241667 0.003125 0.025926
8 0.473698 0.116667 0.001563 0.012963
7 0.445312 0.404630 0.011458 0.042593
7 0.465104 0.206944 0.005208 0.021296
1 0.485938 0.125926 0.013542 0.012963
1 0.456771 0.289352 0.015625 0.036111
2 0.487240 0.132870 0.013021 0.043519
0 0.535417 0.534722 0.006250 0.032407
0 0.501302 0.104630 0.001563 0.011111
0 0.429427 0.251852 0.003646 0.024074
0 0.428646 0.297222 0.004167 0.027778
0 0.455729 0.143056 0.002083 0.013889
0 0.437760 0.197685 0.002604 0.019444
0 0.460417 0.100926 0.001042 0.011111
0 0.465885 0.140278 0.002604 0.013889
0 0.453385 0.130556 0.001563 0.012963
0 0.463281 0.091667 0.001563 0.009259