8 0.464583 0.218519 0.003125 0.024074
8 0.475000 0.111111 0.001042 0.012963
7 0.452604 0.346759 0.009375 0.036111
7 0.467448 0.189352 0.004688 0.019444
1 0.484635 0.119444 0.011979 0.012963
1 0.460938 0.257407 0.013542 0.031481
2 0.488021 0.126389 0.012500 0.041667
0 0.529688 0.450000 0.005208 0.027778
0 0.501042 0.100926 0.001042 0.011111
0 0.434896 0.233333 0.003125 0.022222
0 0.615104 0.969444 0.017708 0.061111
0 0.435156 0.268519 0.003646 0.025926
0 0.458333 0.135185 0.002083 0.014815
0 0.441406 0.185185 0.002604 0.018519
0 0.461719 0.097222 0.001563 0.011111
0 0.465625 0.132870 0.002083 0.013889
0 0.455469 0.125000 0.001563 0.012963
0 0.464583 0.087963 0.001042 0.009259