8 0.461979 0.237963 0.003125 0.025926
8 0.473958 0.116204 0.001042 0.012037
7 0.446354 0.396296 0.011458 0.042593
7 0.465365 0.204167 0.004688 0.021296
1 0.485677 0.125000 0.013021 0.012963
1 0.457292 0.285185 0.015625 0.035185
2 0.487240 0.132407 0.013021 0.042593
0 0.534635 0.522685 0.005729 0.032407
0 0.501302 0.104630 0.001563 0.011111
0 0.429948 0.249537 0.003646 0.023148
0 0.429688 0.293519 0.004167 0.027778
0 0.455990 0.142130 0.002604 0.013889
0 0.438021 0.195833 0.003125 0.019444
0 0.460677 0.100463 0.001563 0.010185
0 0.465625 0.139352 0.002083 0.013889
0 0.453646 0.129630 0.002083 0.012963
0 0.463542 0.091204 0.001042 0.010185