8 0.463021 0.229630 0.003125 0.024074
8 0.474479 0.113889 0.001042 0.012963
7 0.449219 0.373611 0.010937 0.039815
7 0.466406 0.197222 0.004688 0.020370
1 0.485417 0.123148 0.012500 0.012963
1 0.458854 0.273148 0.014583 0.033333
2 0.487500 0.129630 0.012500 0.042593
0 0.532552 0.489815 0.005729 0.029630
0 0.501302 0.102778 0.001563 0.011111
0 0.432031 0.242130 0.003646 0.023148
0 0.432031 0.281944 0.003646 0.026852
0 0.456771 0.138889 0.002083 0.014815
0 0.439583 0.190741 0.003125 0.018519
0 0.461198 0.099074 0.001563 0.011111
0 0.465625 0.136574 0.002083 0.013889
0 0.454427 0.127778 0.001563 0.012963
0 0.464063 0.089815 0.001042 0.009259