8 0.462240 0.235185 0.002604 0.025926
8 0.474219 0.115278 0.001563 0.012037
7 0.447396 0.388426 0.011458 0.041667
7 0.465625 0.201852 0.005208 0.020370
1 0.485677 0.124074 0.013021 0.012963
1 0.457552 0.281019 0.015104 0.034259
2 0.487240 0.131481 0.013021 0.042593
0 0.533854 0.511111 0.006250 0.031481
0 0.501302 0.103704 0.001563 0.011111
0 0.430729 0.247222 0.003125 0.024074
0 0.430469 0.289352 0.003646 0.026852
0 0.456250 0.141204 0.002083 0.013889
0 0.438542 0.193981 0.003125 0.019444
0 0.460677 0.100000 0.001563 0.011111
0 0.465625 0.138426 0.002083 0.013889
0 0.453906 0.128704 0.001563 0.012963
0 0.463542 0.090741 0.001042 0.009259