8 0.457031 0.272222 0.003646 0.029630
8 0.472656 0.124537 0.001563 0.013889
7 0.433594 0.497222 0.015104 0.055556
7 0.461458 0.230556 0.006250 0.024074
1 0.487760 0.133796 0.014062 0.013889
1 0.450781 0.332870 0.018229 0.041667
2 0.486198 0.141667 0.014062 0.046296
0 0.544531 0.674074 0.007812 0.038889
0 0.501562 0.109722 0.001042 0.012037
0 0.421094 0.276852 0.004688 0.025926
0 0.420312 0.337500 0.005208 0.030556
0 0.497917 0.143519 0.002083 0.014815
0 0.452604 0.152778 0.002083 0.014815
0 0.432813 0.212963 0.003125 0.020370
0 0.458854 0.105556 0.001042 0.011111
0 0.466146 0.148611 0.002083 0.015741
0 0.451042 0.137500 0.002083 0.013889
0 0.461719 0.095833 0.001563 0.010185