8 0.458073 0.265278 0.003646 0.028704
8 0.472656 0.122685 0.001563 0.013889
7 0.436719 0.473611 0.014062 0.052778
7 0.462240 0.225000 0.005729 0.024074
1 0.487240 0.131944 0.014062 0.013889
1 0.452083 0.323148 0.017708 0.040741
2 0.486719 0.139352 0.014062 0.045370
0 0.542188 0.637037 0.007292 0.037037
0 0.501302 0.108796 0.001563 0.012037
0 0.422917 0.271296 0.004167 0.025926
0 0.422396 0.327778 0.005208 0.029630
0 0.498177 0.141667 0.002604 0.014815
0 0.453125 0.150463 0.002083 0.015741
0 0.433854 0.209259 0.003125 0.020370
0 0.459115 0.104630 0.001563 0.011111
0 0.466146 0.146296 0.002083 0.014815
0 0.451562 0.135648 0.002083 0.013889
0 0.462240 0.094907 0.001563 0.010185