8 0.460938 0.244444 0.003125 0.025926
8 0.473698 0.117593 0.001563 0.012963
7 0.444271 0.412963 0.012500 0.044444
7 0.464583 0.209259 0.005208 0.022222
1 0.485938 0.126852 0.013542 0.012963
1 0.455990 0.293981 0.016146 0.036111
2 0.486979 0.133796 0.013542 0.043519
0 0.536458 0.547222 0.006250 0.033333
0 0.501302 0.105556 0.001563 0.011111
0 0.428385 0.254630 0.003646 0.024074
0 0.428125 0.300926 0.004167 0.027778
0 0.455208 0.144444 0.002083 0.014815
0 0.437240 0.198611 0.002604 0.019444
0 0.460156 0.101389 0.001563 0.010185
0 0.465885 0.141204 0.002604 0.013889
0 0.453125 0.131019 0.002083 0.013889
0 0.463021 0.092130 0.001042 0.010185