8 0.460417 0.247685 0.003125 0.026852
8 0.473698 0.118519 0.001563 0.012963
7 0.443229 0.421759 0.012500 0.045370
7 0.464063 0.211574 0.005208 0.021296
1 0.486198 0.127315 0.013021 0.013889
1 0.455469 0.298611 0.016146 0.037963
2 0.486979 0.134722 0.013542 0.043519
0 0.537240 0.560648 0.006771 0.034259
0 0.501302 0.106019 0.001563 0.012037
0 0.427604 0.257407 0.004167 0.024074
0 0.427083 0.305093 0.004167 0.028704
0 0.454948 0.145370 0.002604 0.014815
0 0.436719 0.200463 0.002604 0.019444
0 0.460156 0.101852 0.001563 0.011111
0 0.465885 0.141667 0.002604 0.014815
0 0.452865 0.131944 0.001563 0.013889
0 0.463021 0.092130 0.001042 0.010185