8 0.452604 0.302315 0.004167 0.032407
8 0.471094 0.131019 0.001563 0.013889
7 0.420573 0.603241 0.019271 0.071296
7 0.458333 0.252315 0.006250 0.026852
1 0.489323 0.139815 0.015104 0.014815
1 0.444792 0.374537 0.020833 0.050926
2 0.485677 0.148611 0.015104 0.049074
0 0.555729 0.845833 0.010417 0.045370
0 0.501562 0.113426 0.001042 0.012037
0 0.413802 0.300000 0.004688 0.027778
0 0.412240 0.376389 0.005729 0.034259
0 0.497135 0.150926 0.002604 0.014815
0 0.449740 0.161574 0.002604 0.015741
0 0.428646 0.227315 0.003125 0.021296
0 0.457552 0.109259 0.001563 0.011111
0 0.466406 0.156019 0.002604 0.015741
0 0.448958 0.143519 0.002083 0.014815
0 0.460677 0.099537 0.001563 0.010185