8 0.451302 0.312037 0.004688 0.033333
8 0.471094 0.132870 0.001563 0.013889
7 0.415625 0.642130 0.020833 0.076852
7 0.457031 0.259722 0.006771 0.026852
1 0.988281 0.081944 0.014062 0.008333
1 0.490104 0.142130 0.015625 0.015741
1 0.442969 0.388426 0.022396 0.052778
2 0.485677 0.150926 0.015104 0.050000
0 0.560156 0.911574 0.011979 0.049074
0 0.501562 0.115278 0.001042 0.012037
0 0.411719 0.306944 0.004688 0.028704
0 0.409635 0.388889 0.005729 0.035185
0 0.496875 0.153241 0.002083 0.015741
0 0.448958 0.163889 0.002083 0.016667
0 0.427344 0.231481 0.003646 0.022222
0 0.457031 0.110185 0.001563 0.011111
0 0.466406 0.157870 0.002604 0.015741
0 0.448438 0.145370 0.002083 0.014815
0 0.460156 0.100463 0.001563 0.010185