8 0.454688 0.288889 0.004167 0.031481
8 0.471615 0.128241 0.001563 0.013889
7 0.426823 0.552315 0.017188 0.063889
7 0.459635 0.242593 0.005729 0.025926
1 0.488542 0.137037 0.014583 0.014815
1 0.447396 0.355093 0.019792 0.047222
2 0.485938 0.145833 0.014583 0.047222
0 0.550260 0.762963 0.008854 0.042593
0 0.501562 0.112037 0.001042 0.011111
0 0.417188 0.289815 0.004167 0.027778
0 0.415885 0.358796 0.005729 0.032407
0 0.497396 0.147685 0.002083 0.015741
0 0.451042 0.157870 0.002083 0.015741
0 0.430729 0.220833 0.003125 0.021296
0 0.458073 0.107407 0.001563 0.011111
0 0.466146 0.152315 0.002083 0.015741
0 0.450000 0.140741 0.002083 0.014815
0 0.461198 0.097685 0.001563 0.010185