8 0.450521 0.317130 0.004167 0.034259
8 0.470573 0.133796 0.001563 0.013889
7 0.413021 0.663426 0.021875 0.080556
7 0.456510 0.263426 0.006771 0.028704
1 0.990625 0.082407 0.014583 0.007407
1 0.490104 0.143056 0.015625 0.015741
1 0.441927 0.396296 0.022396 0.053704
2 0.485677 0.151852 0.015104 0.050000
0 0.562500 0.948148 0.012500 0.050000
0 0.501562 0.115278 0.001042 0.012037
0 0.410677 0.310648 0.004688 0.028704
0 0.408333 0.395370 0.006250 0.035185
0 0.496615 0.154167 0.002604 0.015741
0 0.448698 0.165278 0.002604 0.015741
0 0.426823 0.233333 0.003646 0.022222
0 0.457031 0.110648 0.001563 0.012037
0 0.466406 0.158796 0.002604 0.015741
0 0.448438 0.146296 0.002083 0.014815
0 0.460156 0.100926 0.001563 0.011111