8 0.442708 0.371296 0.005208 0.040741
8 0.469010 0.143981 0.001563 0.015741
7 0.376563 0.943056 0.036458 0.113889
7 0.450781 0.302315 0.007812 0.032407
1 0.490625 0.152315 0.016667 0.015741
1 0.430208 0.480556 0.028125 0.070370
2 0.484635 0.163426 0.016146 0.052778
0 0.501562 0.121296 0.001042 0.012963
0 0.398958 0.350000 0.005208 0.031481
0 0.392188 0.467593 0.007292 0.040741
0 0.495573 0.165278 0.002604 0.017593
0 0.444271 0.178241 0.003125 0.017593
0 0.420312 0.255556 0.004167 0.024074
0 0.454948 0.116204 0.001563 0.012037
0 0.466406 0.169444 0.002604 0.016667
0 0.445312 0.155093 0.002083 0.015741
0 0.458333 0.106481 0.001042 0.011111