8 0.445833 0.350463 0.005208 0.037963
8 0.469531 0.140278 0.001563 0.015741
7 0.392448 0.827315 0.029687 0.108333
7 0.453125 0.287500 0.007292 0.030556
1 0.490885 0.148611 0.016146 0.015741
1 0.434896 0.447222 0.026042 0.062963
2 0.484896 0.159259 0.015625 0.051852
0 0.501562 0.118981 0.001042 0.012037
0 0.403125 0.334722 0.005208 0.030556
0 0.398698 0.439815 0.006771 0.038889
0 0.496094 0.161111 0.002604 0.016667
0 0.445833 0.173611 0.003125 0.017593
0 0.422656 0.247685 0.003646 0.023148
0 0.455990 0.114352 0.001563 0.012037
0 0.466406 0.165741 0.002604 0.016667
0 0.446354 0.151852 0.002083 0.014815
0 0.459115 0.104630 0.001563 0.011111