8 0.441667 0.379167 0.006250 0.041667
8 0.468750 0.144907 0.002083 0.015741
7 0.370052 0.965741 0.039062 0.068519
7 0.450260 0.307407 0.007812 0.033333
1 0.490625 0.153704 0.016667 0.016667
1 0.428646 0.492593 0.029167 0.072222
2 0.484115 0.164815 0.016146 0.053704
0 0.501562 0.122222 0.001042 0.012963
0 0.397135 0.355093 0.005729 0.032407
0 0.390104 0.478241 0.007292 0.041667
0 0.495573 0.166667 0.002604 0.016667
0 0.443750 0.180093 0.003125 0.017593
0 0.419271 0.258796 0.004167 0.025000
0 0.454948 0.117130 0.001563 0.012037
0 0.466406 0.170833 0.002604 0.017593
0 0.444792 0.156019 0.002083 0.015741
0 0.458073 0.106944 0.001563 0.012037