8 0.447656 0.338426 0.004688 0.037963
8 0.470052 0.137963 0.001563 0.014815
7 0.400260 0.762963 0.026563 0.096296
7 0.454427 0.278704 0.006771 0.029630
1 0.490885 0.146759 0.016146 0.015741
1 0.437500 0.428241 0.025000 0.060185
2 0.484896 0.156944 0.015625 0.050926
0 0.501562 0.118056 0.001042 0.012037
0 0.405729 0.326389 0.005208 0.030556
0 0.402344 0.423611 0.006771 0.037963
0 0.496094 0.158796 0.002604 0.015741
0 0.446615 0.170833 0.002604 0.017593
0 0.424219 0.243056 0.003646 0.023148
0 0.455990 0.113426 0.001563 0.012037
0 0.466406 0.162963 0.002604 0.016667
0 0.446875 0.150000 0.002083 0.014815
0 0.459375 0.103241 0.001042 0.010185