8 0.440625 0.386574 0.006250 0.043519
8 0.468490 0.146759 0.001563 0.015741
7 0.363021 0.990741 0.041667 0.018519
7 0.449479 0.312500 0.008333 0.034259
1 0.490365 0.154630 0.017188 0.016667
1 0.426823 0.505093 0.029687 0.075000
2 0.484115 0.166204 0.016146 0.054630
0 0.501562 0.122685 0.001042 0.012037
0 0.395573 0.360648 0.005729 0.032407
0 0.387760 0.488426 0.007812 0.041667
0 0.495313 0.168056 0.002083 0.017593
0 0.443229 0.181944 0.003125 0.017593
0 0.418750 0.261574 0.004167 0.025000
0 0.454688 0.117593 0.002083 0.012963
0 0.466406 0.172685 0.002604 0.017593
0 0.444531 0.157870 0.002604 0.015741
0 0.458073 0.107407 0.001563 0.011111