8 0.430729 0.454630 0.007292 0.051852
8 0.466667 0.156944 0.002083 0.017593
7 0.442448 0.357870 0.009896 0.039815
1 0.490104 0.163426 0.017708 0.017593
1 0.409896 0.626389 0.039583 0.102778
2 0.483073 0.177315 0.017188 0.058333
0 0.501823 0.128241 0.001563 0.013889
0 0.382552 0.404167 0.006771 0.036111
0 0.508073 0.178704 0.002604 0.018519
0 0.367708 0.579167 0.011458 0.049074
0 0.494531 0.179167 0.002604 0.017593
0 0.439063 0.195370 0.003125 0.018519
0 0.411719 0.284722 0.004688 0.026852
0 0.452865 0.122685 0.001563 0.012037
0 0.466667 0.183333 0.003125 0.018519
0 0.441667 0.166667 0.002083 0.016667
0 0.455990 0.112500 0.001563 0.012037