8 0.438542 0.401852 0.006250 0.044444
8 0.467969 0.149074 0.001563 0.016667
7 0.447917 0.322222 0.008333 0.035185
1 0.490365 0.156944 0.017188 0.017593
1 0.423177 0.530093 0.031771 0.080556
2 0.483854 0.168981 0.016667 0.054630
0 0.501823 0.124074 0.001563 0.012963
0 0.392448 0.370370 0.005729 0.033333
0 0.383073 0.508796 0.007812 0.043519
0 0.495052 0.170833 0.002604 0.017593
0 0.442187 0.185185 0.003125 0.018519
0 0.416667 0.267130 0.004167 0.025000
0 0.454167 0.118981 0.002083 0.012037
0 0.466667 0.175000 0.003125 0.016667
0 0.443750 0.159722 0.002083 0.015741
0 0.457552 0.108796 0.001563 0.012037