8 0.432292 0.444907 0.007292 0.050926
8 0.466667 0.155556 0.002083 0.016667
7 0.443490 0.351852 0.009896 0.038889
1 0.490104 0.162500 0.017708 0.017593
1 0.412500 0.608333 0.037500 0.098148
2 0.483073 0.175926 0.017188 0.057407
0 0.501823 0.127778 0.001563 0.012963
0 0.384375 0.398148 0.006250 0.035185
0 0.508333 0.177315 0.002083 0.017593
0 0.370573 0.566667 0.010937 0.048148
0 0.494531 0.177315 0.002604 0.017593
0 0.439583 0.193519 0.003125 0.018519
0 0.412500 0.281944 0.004167 0.026852
0 0.453125 0.122222 0.002083 0.012963
0 0.466667 0.181481 0.003125 0.018519
0 0.441927 0.164815 0.002604 0.016667
0 0.456510 0.111574 0.001563 0.012037