8 0.426042 0.487037 0.008333 0.055556
8 0.465625 0.161111 0.002083 0.016667
7 0.439583 0.378704 0.010417 0.042593
1 0.489844 0.167593 0.018229 0.018519
1 0.400781 0.692593 0.044271 0.118519
2 0.482812 0.181944 0.017708 0.060185
0 0.377083 0.424074 0.007292 0.037037
0 0.507812 0.183333 0.002083 0.018519
0 0.358594 0.622685 0.013021 0.052778
0 0.494010 0.183333 0.002604 0.018519
0 0.436979 0.201389 0.003125 0.019444
0 0.408594 0.295370 0.004688 0.027778
0 0.452344 0.125000 0.001563 0.012963
0 0.466667 0.187500 0.003125 0.019444
0 0.440365 0.169907 0.002604 0.017593
0 0.455469 0.114352 0.001563 0.012037