8 0.424219 0.499074 0.008854 0.057407
8 0.465104 0.162500 0.002083 0.017593
7 0.438281 0.385648 0.010937 0.043519
1 0.489323 0.168519 0.018229 0.018519
1 0.397135 0.717593 0.046354 0.125926
2 0.482292 0.183796 0.017708 0.060185
0 0.374479 0.431019 0.007292 0.037963
0 0.507552 0.184722 0.002604 0.017593
0 0.354688 0.638889 0.013542 0.053704
0 0.493490 0.185185 0.002604 0.018519
0 0.436458 0.203241 0.003125 0.019444
0 0.407552 0.298611 0.004688 0.026852
0 0.451562 0.125926 0.002083 0.012963
0 0.466406 0.188889 0.002604 0.018519
0 0.439844 0.171296 0.002604 0.016667
0 0.454948 0.115278 0.001563 0.012037