8 0.421615 0.600926 0.010937 0.070370
8 0.478125 0.173611 0.002083 0.019444
7 0.442448 0.445833 0.013021 0.050926
1 0.503906 0.178241 0.019271 0.019444
1 0.373437 0.929167 0.068750 0.141667
2 0.495833 0.195833 0.018750 0.063889
0 0.372135 0.483796 0.008854 0.041667
0 0.521094 0.196759 0.002604 0.019444
0 0.340104 0.774537 0.016667 0.060185
0 0.507292 0.196759 0.003125 0.019444
0 0.446354 0.217130 0.003125 0.021296
0 0.413542 0.324074 0.005208 0.029630
0 0.465104 0.130556 0.002083 0.012963
0 0.480729 0.200000 0.003125 0.020370
0 0.451562 0.180093 0.002083 0.017593
0 0.468490 0.119907 0.001563 0.012037