8 0.420573 0.538426 0.009896 0.062037
8 0.466667 0.167130 0.002083 0.017593
7 0.436979 0.410185 0.011458 0.046296
1 0.491667 0.172222 0.018750 0.018519
1 0.386458 0.804167 0.054167 0.149074
2 0.484375 0.188426 0.018750 0.062037
0 0.370313 0.452778 0.008333 0.038889
0 0.509635 0.189352 0.002604 0.019444
0 0.346354 0.690741 0.014583 0.055556
0 0.495573 0.189815 0.002604 0.018519
0 0.436979 0.209259 0.003125 0.020370
0 0.406771 0.309259 0.005208 0.027778
0 0.453385 0.127778 0.001563 0.012963
0 0.468750 0.193519 0.003125 0.018519
0 0.440885 0.175000 0.002604 0.016667
0 0.457031 0.117130 0.001563 0.012037