8 0.409375 0.784722 0.016667 0.097222
8 0.491667 0.187963 0.002083 0.020370
7 0.443229 0.541204 0.016667 0.065741
1 0.520833 0.190278 0.020833 0.021296
2 0.510677 0.211111 0.020312 0.070370
0 0.364062 0.562037 0.010417 0.046296
0 0.536458 0.211111 0.003125 0.020370
0 0.522396 0.211574 0.003125 0.021296
0 0.456250 0.236111 0.003125 0.022222
0 0.419010 0.358796 0.005729 0.032407
0 0.478906 0.136574 0.001563 0.013889
0 0.495313 0.214352 0.003125 0.021296
0 0.463802 0.191204 0.002604 0.019444
0 0.482552 0.125926 0.001563 0.012963