8 0.413281 0.703241 0.014062 0.084259
8 0.483333 0.181944 0.002083 0.019444
7 0.440625 0.500463 0.014583 0.060185
1 0.511198 0.185185 0.020312 0.020370
2 0.501823 0.205093 0.020312 0.067593
0 0.365104 0.529630 0.009375 0.044444
0 0.527344 0.205556 0.002604 0.020370
0 0.320833 0.913426 0.020833 0.067593
0 0.513542 0.205556 0.003125 0.020370
0 0.449479 0.228704 0.003125 0.022222
0 0.414323 0.345370 0.005729 0.031481
0 0.470573 0.133796 0.001563 0.013889
0 0.486979 0.208333 0.003125 0.020370
0 0.455990 0.187037 0.002604 0.018519
0 0.474219 0.123611 0.001563 0.012037