8 0.415885 0.658796 0.013021 0.078704
8 0.479688 0.178704 0.002083 0.018519
7 0.440365 0.477315 0.014062 0.056481
1 0.506771 0.182407 0.019792 0.020370
2 0.497917 0.201389 0.019792 0.065741
0 0.366667 0.510648 0.009375 0.043519
0 0.523698 0.201389 0.002604 0.019444
0 0.328385 0.853241 0.019271 0.063889
0 0.509375 0.201852 0.003125 0.020370
0 0.446615 0.224074 0.003646 0.022222
0 0.412760 0.336574 0.005729 0.030556
0 0.466667 0.132870 0.002083 0.013889
0 0.482812 0.205093 0.003125 0.019444
0 0.452604 0.184259 0.002083 0.018519
0 0.470052 0.122222 0.001563 0.012963