8 0.391146 0.968056 0.025000 0.063889
8 0.500521 0.200463 0.002083 0.021296
7 0.440365 0.644444 0.020312 0.083333
1 0.532292 0.200926 0.021875 0.022222
2 0.521354 0.225000 0.021875 0.075926
0 0.354167 0.640278 0.012500 0.050926
0 0.546875 0.224074 0.003125 0.022222
0 0.533073 0.225463 0.003646 0.021296
0 0.462760 0.252778 0.003646 0.024074
0 0.421875 0.390741 0.006250 0.035185
0 0.488542 0.141667 0.002083 0.014815
0 0.505208 0.226389 0.003125 0.021296
0 0.472135 0.200463 0.002604 0.019444
0 0.492448 0.131019 0.001563 0.013889