4 0.920573 0.193056 0.158854 0.063889
8 0.500260 0.212037 0.002604 0.022222
7 0.428385 0.761574 0.025521 0.102778
1 0.534375 0.210185 0.022917 0.024074
2 0.522135 0.237500 0.023438 0.080556
0 0.334375 0.727778 0.015625 0.055556
0 0.547656 0.235648 0.003646 0.023148
0 0.533073 0.237037 0.003646 0.022222
0 0.459635 0.268056 0.003646 0.025000
0 0.415885 0.422222 0.006771 0.037037
0 0.488021 0.146296 0.002083 0.014815
0 0.505208 0.237963 0.003125 0.022222
0 0.470573 0.209259 0.002604 0.020370
0 0.491406 0.135648 0.001563 0.013889
4 0.921094 0.192593 0.157813 0.062963