8 0.386198 0.986574 0.026563 0.026852
8 0.500260 0.202778 0.002604 0.022222
7 0.438021 0.664352 0.020833 0.086111
1 0.532552 0.202315 0.022396 0.023148
2 0.521094 0.227315 0.022396 0.076852
0 0.350260 0.655556 0.013021 0.051852
0 0.546875 0.226389 0.003125 0.021296
0 0.532552 0.227778 0.003646 0.022222
0 0.461719 0.255556 0.003646 0.024074
0 0.420312 0.396296 0.006250 0.035185
0 0.488281 0.142593 0.001563 0.014815
0 0.504687 0.228704 0.003125 0.022222
0 0.471615 0.202315 0.002604 0.019444
0 0.491927 0.131944 0.001563 0.013889