1 0.996615 0.083333 0.006771 0.009259
1 0.941927 0.078241 0.007812 0.008333
1 0.861979 0.105093 0.017708 0.010185
6 0.860417 0.130093 0.003125 0.010185
6 0.861198 0.122222 0.007812 0.007407
1 0.847396 0.088426 0.007292 0.010185
8 0.869271 0.069907 0.005208 0.006481
2 0.832031 0.112963 0.020312 0.037037
1 0.811198 0.126852 0.011979 0.014815
0 0.858073 0.067593 0.002604 0.007407
0 0.858594 0.059259 0.002604 0.007407
0 0.857031 0.067593 0.002604 0.007407
0 0.857031 0.067593 0.002604 0.007407
0 0.857552 0.064815 0.002604 0.007407
0 0.857031 0.067593 0.002604 0.007407
0 0.857552 0.064815 0.002604 0.007407
0 0.857031 0.067593 0.002604 0.007407
0 0.857031 0.067593 0.002604 0.007407
0 0.857292 0.066667 0.002083 0.005556
0 0.857552 0.064815 0.002604 0.007407
0 0.857552 0.065278 0.002604 0.008333
0 0.857292 0.066204 0.002083 0.004630
0 0.857552 0.064815 0.002604 0.007407
0 0.643490 0.328241 0.006771 0.030556
0 0.700260 0.252778 0.005729 0.024074
0 0.866406 0.073611 0.002604 0.008333
0 0.857552 0.064815 0.002604 0.007407
0 0.828906 0.083796 0.002604 0.006481
0 0.857552 0.064815 0.002604 0.007407
0 0.858073 0.062963 0.002604 0.007407
0 0.735937 0.211111 0.005208 0.020370
0 0.713021 0.222685 0.005208 0.021296
1 0.861979 0.105093 0.017708 0.010185
1 0.996615 0.083333 0.006771 0.009259
1 0.941927 0.078241 0.007812 0.008333