1 0.952865 0.080556 0.015104 0.009259
1 0.824479 0.103704 0.016667 0.009259
6 0.825260 0.129630 0.002604 0.011111
6 0.825260 0.121296 0.007812 0.007407
1 0.809115 0.086574 0.006771 0.010185
8 0.827604 0.068056 0.005208 0.006481
2 0.797917 0.112037 0.018750 0.037037
1 0.777083 0.127778 0.011458 0.014815
0 0.817187 0.066667 0.002083 0.007407
0 0.817708 0.058333 0.002083 0.007407
0 0.816146 0.068056 0.002083 0.004630
0 0.816406 0.066667 0.002604 0.007407
0 0.816406 0.066667 0.002604 0.007407
0 0.816927 0.063426 0.002604 0.008333
0 0.816146 0.068056 0.002083 0.004630
0 0.816406 0.066667 0.002604 0.007407
0 0.816927 0.063426 0.002604 0.008333
0 0.816406 0.066667 0.002604 0.007407
0 0.816406 0.066667 0.002604 0.007407
0 0.816667 0.065741 0.002083 0.005556
0 0.816927 0.063426 0.002604 0.008333
0 0.816927 0.063889 0.002604 0.007407
0 0.816667 0.065278 0.002083 0.004630
0 0.816927 0.063426 0.002604 0.008333
0 0.624219 0.349537 0.006771 0.032407
0 0.816146 0.068056 0.002083 0.004630
0 0.677344 0.263889 0.005729 0.025926
0 0.816927 0.063426 0.002604 0.008333
0 0.791146 0.082407 0.002083 0.005556
0 0.816927 0.063889 0.002604 0.007407
0 0.834635 0.069907 0.002604 0.008333
0 0.817187 0.062037 0.002083 0.007407
0 0.710677 0.217130 0.004688 0.021296
0 0.687760 0.231481 0.004688 0.022222
1 0.824479 0.103704 0.016667 0.009259
1 0.952865 0.080556 0.015104 0.009259