1 0.870573 0.075463 0.013021 0.008333
1 0.757552 0.100000 0.015104 0.009259
6 0.760156 0.125926 0.002604 0.011111
6 0.759635 0.117593 0.006771 0.007407
1 0.742188 0.083333 0.006250 0.009259
2 0.734115 0.108333 0.016146 0.035185
1 0.715104 0.125926 0.010417 0.014815
0 0.747917 0.063889 0.002083 0.007407
0 0.747917 0.055556 0.002083 0.007407
0 0.746875 0.065278 0.002083 0.004630
0 0.746875 0.063889 0.002083 0.007407
0 0.746875 0.063889 0.002083 0.007407
0 0.747396 0.060185 0.002083 0.007407
0 0.746875 0.065278 0.002083 0.004630
0 0.746875 0.063889 0.002083 0.007407
0 0.747396 0.060185 0.002083 0.007407
0 0.746875 0.063889 0.002083 0.007407
0 0.746875 0.063889 0.002083 0.007407
0 0.747135 0.062963 0.001563 0.005556
0 0.747396 0.060185 0.002083 0.007407
0 0.747396 0.061111 0.002083 0.007407
0 0.747135 0.062500 0.001563 0.004630
0 0.747396 0.060185 0.002083 0.007407
0 0.580729 0.367593 0.006250 0.033333
0 0.746875 0.065278 0.002083 0.004630
0 0.628646 0.270833 0.005208 0.025000
0 0.747396 0.060648 0.002083 0.006481
0 0.724740 0.079630 0.001563 0.005556
0 0.747396 0.061111 0.002083 0.007407
0 0.764583 0.066667 0.002083 0.007407
0 0.747656 0.059259 0.001563 0.007407
0 0.658333 0.218981 0.004167 0.021296
0 0.636458 0.236574 0.004167 0.023148
1 0.757552 0.100000 0.015104 0.009259
1 0.870573 0.075463 0.013021 0.008333