1 0.898438 0.076852 0.013542 0.007407
1 0.780469 0.101389 0.016146 0.010185
6 0.782552 0.126852 0.002604 0.011111
6 0.782031 0.118519 0.006771 0.007407
1 0.765104 0.084259 0.006250 0.009259
2 0.755990 0.109722 0.017188 0.036111
1 0.736198 0.126852 0.010937 0.014815
0 0.771354 0.064815 0.002083 0.007407
0 0.771875 0.056481 0.002083 0.007407
0 0.770833 0.066204 0.002083 0.004630
0 0.770833 0.063889 0.002083 0.007407
0 0.770833 0.063889 0.002083 0.007407
0 0.771354 0.061111 0.002083 0.007407
0 0.770573 0.066204 0.001563 0.004630
0 0.770833 0.063889 0.002083 0.007407
0 0.771354 0.061111 0.002083 0.007407
0 0.770833 0.063889 0.002083 0.007407
0 0.770833 0.064352 0.002083 0.008333
0 0.770833 0.063889 0.002083 0.005556
0 0.771354 0.061111 0.002083 0.007407
0 0.771354 0.062037 0.002083 0.007407
0 0.770833 0.063426 0.002083 0.004630
0 0.771354 0.061111 0.002083 0.007407
0 0.595833 0.359722 0.006250 0.032407
0 0.770833 0.066204 0.002083 0.004630
0 0.645833 0.267593 0.005208 0.025926
0 0.771354 0.061111 0.002083 0.007407
0 0.747656 0.080093 0.001563 0.006481
0 0.771354 0.062037 0.002083 0.007407
0 0.788542 0.067593 0.002083 0.007407
0 0.771354 0.060185 0.002083 0.007407
0 0.676302 0.218056 0.004688 0.021296
0 0.654427 0.234259 0.004688 0.022222
1 0.780469 0.101389 0.016146 0.010185
1 0.898438 0.076852 0.013542 0.007407