1 0.971354 0.081944 0.015625 0.008333
1 0.838802 0.104630 0.017188 0.009259
6 0.838802 0.130093 0.002604 0.010185
6 0.839063 0.122222 0.007292 0.007407
1 0.823958 0.087037 0.007292 0.009259
8 0.843229 0.068981 0.005208 0.006481
2 0.810938 0.112500 0.019792 0.036111
1 0.790104 0.127778 0.011458 0.014815
0 0.832552 0.067130 0.002604 0.008333
0 0.833073 0.058333 0.002604 0.007407
0 0.831510 0.068056 0.002604 0.004630
0 0.831771 0.066667 0.002083 0.007407
0 0.831771 0.066667 0.002083 0.007407
0 0.832292 0.063889 0.002083 0.007407
0 0.831510 0.068981 0.002604 0.004630
0 0.831771 0.066667 0.002083 0.007407
0 0.832292 0.063889 0.002083 0.007407
0 0.831771 0.066667 0.002083 0.007407
0 0.831771 0.066667 0.002083 0.007407
0 0.831771 0.066204 0.002083 0.004630
0 0.832292 0.063889 0.002083 0.007407
0 0.832292 0.064352 0.002083 0.008333
0 0.832031 0.065278 0.002604 0.004630
0 0.832292 0.063889 0.002083 0.007407
0 0.632031 0.342593 0.006771 0.031481
0 0.831510 0.068056 0.002604 0.004630
0 0.686719 0.260648 0.005729 0.025000
0 0.832292 0.063889 0.002083 0.007407
0 0.805469 0.082870 0.002604 0.006481
0 0.832292 0.064352 0.002083 0.008333
0 0.850000 0.070833 0.002083 0.008333
0 0.832552 0.062037 0.002604 0.007407
0 0.720833 0.215278 0.005208 0.021296
0 0.697917 0.228704 0.005208 0.022222
1 0.838802 0.104630 0.017188 0.009259
1 0.971354 0.081944 0.015625 0.008333