1 0.845312 0.074074 0.012500 0.007407
1 0.736458 0.099537 0.014583 0.010185
1 0.994010 0.086574 0.011979 0.010185
6 0.739844 0.125463 0.002604 0.010185
6 0.738802 0.117130 0.006771 0.006481
1 0.721094 0.082407 0.005729 0.009259
2 0.714063 0.107407 0.015625 0.035185
1 0.695052 0.126389 0.009896 0.015741
0 0.728646 0.062963 0.002083 0.007407
0 0.726042 0.054630 0.002083 0.007407
0 0.725000 0.064352 0.002083 0.004630
0 0.725260 0.062963 0.001563 0.007407
0 0.725260 0.062963 0.001563 0.007407
0 0.725521 0.060185 0.002083 0.007407
0 0.725000 0.064352 0.002083 0.004630
0 0.725260 0.062963 0.001563 0.007407
0 0.725521 0.060185 0.002083 0.007407
0 0.725260 0.062963 0.001563 0.007407
0 0.725260 0.062963 0.001563 0.007407
0 0.725260 0.062037 0.001563 0.005556
0 0.725521 0.060185 0.002083 0.007407
0 0.725521 0.060185 0.002083 0.007407
0 0.725260 0.061574 0.001563 0.004630
0 0.725521 0.060185 0.002083 0.007407
0 0.566146 0.376389 0.006250 0.034259
0 0.982813 0.102778 0.004167 0.011111
0 0.725000 0.064352 0.002083 0.004630
0 0.613021 0.275000 0.005208 0.025926
0 0.725521 0.060185 0.002083 0.007407
0 0.703906 0.079167 0.001563 0.006481
0 0.725521 0.060185 0.002083 0.007407
0 0.725781 0.058333 0.001563 0.007407
0 0.641667 0.221296 0.004167 0.022222
0 0.619792 0.240278 0.004167 0.023148
1 0.736458 0.099537 0.014583 0.010185
1 0.845312 0.074074 0.012500 0.007407
1 0.994010 0.086574 0.011979 0.010185