1 0.963281 0.081019 0.015104 0.008333
1 0.832552 0.104167 0.017188 0.010185
6 0.833073 0.129630 0.002604 0.011111
6 0.833073 0.122222 0.007812 0.007407
1 0.817448 0.087037 0.006771 0.009259
8 0.836198 0.068519 0.004688 0.007407
2 0.805208 0.112037 0.018750 0.037037
1 0.784375 0.127778 0.011458 0.014815
0 0.825781 0.066667 0.002604 0.007407
0 0.826302 0.058333 0.002604 0.007407
0 0.824740 0.068056 0.002604 0.004630
0 0.825000 0.066667 0.002083 0.007407
0 0.825000 0.066667 0.002083 0.007407
0 0.825521 0.063889 0.002083 0.007407
0 0.824740 0.068056 0.002604 0.004630
0 0.825000 0.066667 0.002083 0.007407
0 0.825521 0.063889 0.002083 0.007407
0 0.825000 0.066667 0.002083 0.007407
0 0.825000 0.066667 0.002083 0.007407
0 0.825000 0.065741 0.002083 0.005556
0 0.825521 0.063889 0.002083 0.007407
0 0.825260 0.063889 0.002604 0.007407
0 0.825000 0.065278 0.002083 0.004630
0 0.825521 0.063889 0.002083 0.007407
0 0.628906 0.345833 0.006771 0.032407
0 0.824740 0.068056 0.002604 0.004630
0 0.682552 0.262500 0.005729 0.025000
0 0.825521 0.063889 0.002083 0.007407
0 0.798958 0.082870 0.002083 0.006481
0 0.825260 0.063889 0.002604 0.007407
0 0.825781 0.062037 0.002604 0.007407
0 0.716406 0.216204 0.004688 0.021296
0 0.693750 0.230093 0.005208 0.023148
1 0.832552 0.104167 0.017188 0.010185
1 0.963281 0.081019 0.015104 0.008333