1 0.918229 0.078241 0.014583 0.008333
1 0.796615 0.102315 0.016146 0.010185
6 0.798177 0.127778 0.002604 0.011111
6 0.797917 0.120370 0.007292 0.007407
1 0.781510 0.085185 0.006771 0.009259
2 0.771354 0.110648 0.017708 0.036111
1 0.751302 0.126852 0.010937 0.014815
0 0.788281 0.064815 0.002604 0.007407
0 0.788802 0.056944 0.002604 0.008333
0 0.787500 0.066204 0.002083 0.004630
0 0.787500 0.064815 0.002083 0.007407
0 0.787500 0.064815 0.002083 0.007407
0 0.788021 0.062037 0.002083 0.007407
0 0.787500 0.066667 0.002083 0.003704
0 0.787500 0.064815 0.002083 0.007407
0 0.788021 0.062037 0.002083 0.007407
0 0.787500 0.064815 0.002083 0.007407
0 0.787500 0.064815 0.002083 0.007407
0 0.787760 0.064352 0.001563 0.004630
0 0.788021 0.062037 0.002083 0.007407
0 0.788021 0.062500 0.002083 0.008333
0 0.787500 0.063889 0.002083 0.003704
0 0.788021 0.062037 0.002083 0.007407
0 0.606771 0.356019 0.006250 0.032407
0 0.787500 0.066204 0.002083 0.004630
0 0.657552 0.266204 0.005729 0.025000
0 0.788021 0.062037 0.002083 0.007407
0 0.763542 0.081019 0.002083 0.006481
0 0.788021 0.062037 0.002083 0.007407
0 0.805208 0.068519 0.002083 0.007407
0 0.788021 0.060185 0.002083 0.007407
0 0.689323 0.218056 0.004688 0.021296
0 0.666927 0.233333 0.004688 0.022222
1 0.796615 0.102315 0.016146 0.010185
1 0.918229 0.078241 0.014583 0.008333