1 0.780208 0.071296 0.011458 0.007407
1 0.680469 0.098611 0.014062 0.010185
1 0.917969 0.081019 0.017188 0.010185
6 0.685417 0.124537 0.002083 0.010185
6 0.683854 0.116204 0.006250 0.006481
6 0.995313 0.115741 0.006250 0.007407
1 0.664062 0.080556 0.005208 0.009259
8 0.676302 0.063426 0.003646 0.006481
7 0.939062 0.102778 0.007292 0.011111
2 0.659635 0.106481 0.014062 0.035185
1 0.642187 0.127778 0.009375 0.014815
0 0.667969 0.059722 0.001563 0.006481
0 0.667448 0.053704 0.001563 0.007407
0 0.666927 0.062963 0.001563 0.003704
0 0.666927 0.061574 0.001563 0.006481
0 0.666927 0.061574 0.001563 0.006481
0 0.666927 0.058796 0.001563 0.006481
0 0.666927 0.063426 0.001563 0.004630
0 0.666927 0.061574 0.001563 0.006481
0 0.666927 0.058796 0.001563 0.006481
0 0.666927 0.061574 0.001563 0.006481
0 0.666927 0.061574 0.001563 0.006481
0 0.666927 0.061111 0.001563 0.005556
0 0.666927 0.058796 0.001563 0.006481
0 0.666927 0.059259 0.001563 0.007407
0 0.666927 0.060648 0.001563 0.004630
0 0.666927 0.058796 0.001563 0.006481
0 0.525260 0.408796 0.005729 0.036111
0 0.666927 0.062963 0.001563 0.003704
0 0.569010 0.289815 0.004688 0.027778
0 0.675781 0.066667 0.001563 0.007407
0 0.666927 0.058796 0.001563 0.006481
0 0.647656 0.078241 0.001563 0.006481
0 0.666927 0.059259 0.001563 0.007407
0 0.667448 0.057407 0.001563 0.007407
0 0.595052 0.228704 0.003646 0.022222
0 0.573698 0.251852 0.003646 0.024074
1 0.680469 0.098611 0.014062 0.010185
1 0.780208 0.071296 0.011458 0.007407
1 0.917969 0.081019 0.017188 0.010185