1 0.740885 0.069444 0.010937 0.007407
1 0.645833 0.098148 0.013542 0.009259
1 0.871615 0.078241 0.016146 0.008333
6 0.651563 0.124537 0.002083 0.010185
6 0.953385 0.114815 0.005729 0.007407
6 0.649740 0.115741 0.005729 0.007407
6 0.984635 0.125000 0.008854 0.011111
6 0.994271 0.126852 0.009375 0.011111
6 0.944792 0.111111 0.005208 0.007407
1 0.629427 0.080093 0.004688 0.008333
8 0.640365 0.062500 0.003646 0.006481
7 0.892187 0.099074 0.007292 0.011111
2 0.626042 0.106019 0.013542 0.034259
1 0.609115 0.128704 0.008854 0.014815
0 0.632031 0.059259 0.001563 0.007407
0 0.632031 0.053241 0.001563 0.006481
0 0.630990 0.062500 0.001563 0.004630
0 0.631510 0.061111 0.001563 0.007407
0 0.631510 0.061111 0.001563 0.007407
0 0.631510 0.058333 0.001563 0.007407
0 0.630990 0.062500 0.001563 0.004630
0 0.631510 0.061111 0.001563 0.007407
0 0.631510 0.058333 0.001563 0.007407
0 0.631510 0.061111 0.001563 0.007407
0 0.631510 0.061111 0.001563 0.007407
0 0.631250 0.060648 0.001042 0.004630
0 0.631510 0.058333 0.001563 0.007407
0 0.631510 0.058333 0.001563 0.007407
0 0.631510 0.059722 0.001563 0.004630
0 0.631510 0.058333 0.001563 0.007407
0 0.497917 0.428241 0.005208 0.037963
0 0.630990 0.062500 0.001563 0.004630
0 0.540365 0.298148 0.003646 0.027778
0 0.640104 0.066204 0.001042 0.008333
0 0.631510 0.058333 0.001563 0.007407
0 0.612760 0.077778 0.001563 0.005556
0 0.631510 0.058333 0.001563 0.007407
0 0.631510 0.056481 0.001563 0.007407
0 0.565104 0.233333 0.003125 0.022222
0 0.544010 0.259722 0.003646 0.025000
1 0.645833 0.098148 0.013542 0.009259
1 0.740885 0.069444 0.010937 0.007407
1 0.871615 0.078241 0.016146 0.008333