1 0.756250 0.070370 0.011458 0.007407
1 0.659115 0.098148 0.014062 0.009259
1 0.889583 0.079630 0.016667 0.009259
6 0.664844 0.124537 0.002604 0.010185
6 0.973177 0.116667 0.005729 0.007407
6 0.663021 0.116204 0.006250 0.006481
6 0.964323 0.112963 0.005729 0.007407
1 0.643229 0.080093 0.005208 0.008333
8 0.654427 0.062963 0.003646 0.005556
7 0.910417 0.100463 0.007292 0.010185
2 0.639323 0.106481 0.013021 0.035185
1 0.621875 0.128704 0.009375 0.014815
0 0.646094 0.059259 0.001563 0.007407
0 0.645833 0.053704 0.001042 0.007407
0 0.645052 0.062500 0.001563 0.004630
0 0.645052 0.061111 0.001563 0.007407
0 0.645052 0.061111 0.001563 0.007407
0 0.645573 0.058333 0.001563 0.007407
0 0.645052 0.062963 0.001563 0.003704
0 0.645052 0.061111 0.001563 0.007407
0 0.645573 0.058333 0.001563 0.007407
0 0.645052 0.061111 0.001563 0.007407
0 0.645052 0.061111 0.001563 0.007407
0 0.645312 0.060648 0.001042 0.004630
0 0.645573 0.058333 0.001563 0.007407
0 0.645573 0.058796 0.001563 0.006481
0 0.645312 0.060185 0.002083 0.003704
0 0.645573 0.058333 0.001563 0.007407
0 0.508854 0.421296 0.005208 0.037037
0 0.645052 0.062500 0.001563 0.004630
0 0.551562 0.295370 0.004167 0.027778
0 0.654167 0.066667 0.001042 0.007407
0 0.645573 0.058333 0.001563 0.007407
0 0.626562 0.077778 0.001042 0.005556
0 0.645573 0.058796 0.001563 0.006481
0 0.645573 0.056944 0.001563 0.006481
0 0.576823 0.231944 0.003646 0.023148
0 0.555469 0.256944 0.003646 0.025000
1 0.659115 0.098148 0.014062 0.009259
1 0.756250 0.070370 0.011458 0.007407
1 0.889583 0.079630 0.016667 0.009259