1 0.831250 0.073148 0.012500 0.007407
1 0.724479 0.099074 0.014583 0.009259
1 0.980469 0.085185 0.019271 0.009259
6 0.728125 0.124537 0.002083 0.010185
6 0.727083 0.116667 0.006250 0.007407
1 0.708854 0.081481 0.005208 0.009259
2 0.702344 0.107407 0.015104 0.035185
1 0.683854 0.126389 0.009375 0.015741
0 0.713542 0.054630 0.002083 0.007407
0 0.712500 0.063889 0.002083 0.003704
0 0.712760 0.062500 0.001563 0.006481
0 0.712760 0.062500 0.001563 0.006481
0 0.713021 0.059259 0.002083 0.007407
0 0.712500 0.064352 0.002083 0.004630
0 0.712760 0.062500 0.001563 0.006481
0 0.713021 0.059259 0.002083 0.007407
0 0.712760 0.062500 0.001563 0.006481
0 0.712760 0.062500 0.001563 0.006481
0 0.712760 0.061574 0.001563 0.004630
0 0.713021 0.059259 0.002083 0.007407
0 0.713021 0.060185 0.002083 0.007407
0 0.712760 0.061574 0.001563 0.004630
0 0.713021 0.059259 0.002083 0.007407
0 0.557552 0.381019 0.005729 0.034259
0 0.965625 0.101852 0.004167 0.011111
0 0.712500 0.063889 0.002083 0.003704
0 0.603646 0.276852 0.005208 0.025926
0 0.713021 0.059259 0.002083 0.007407
0 0.691927 0.078704 0.001563 0.005556
0 0.713021 0.060185 0.002083 0.007407
0 0.996875 0.117130 0.005208 0.012037
0 0.713281 0.058333 0.001563 0.007407
0 0.631510 0.222222 0.003646 0.022222
0 0.609896 0.241667 0.004167 0.024074
1 0.724479 0.099074 0.014583 0.009259
1 0.831250 0.073148 0.012500 0.007407
1 0.980469 0.085185 0.019271 0.009259