1 0.725260 0.068981 0.010937 0.006481
1 0.631771 0.097685 0.013542 0.010185
1 0.853125 0.076852 0.015625 0.009259
6 0.638021 0.124074 0.002083 0.011111
6 0.933333 0.112963 0.005208 0.007407
6 0.635938 0.115741 0.006250 0.007407
6 0.963802 0.122685 0.008854 0.010185
6 0.973177 0.124537 0.008854 0.010185
1 0.615365 0.079630 0.004688 0.009259
8 0.626302 0.062500 0.003646 0.006481
7 0.873698 0.097685 0.006771 0.010185
2 0.612500 0.106019 0.012500 0.034259
1 0.595573 0.129167 0.008854 0.015741
0 0.617969 0.059259 0.001563 0.007407
0 0.617448 0.053241 0.001563 0.006481
0 0.616927 0.062500 0.001563 0.004630
0 0.616927 0.061111 0.001563 0.007407
0 0.616927 0.061111 0.001563 0.007407
0 0.617188 0.058333 0.001042 0.007407
0 0.616927 0.062500 0.001563 0.004630
0 0.616927 0.061111 0.001563 0.007407
0 0.617188 0.058333 0.001042 0.007407
0 0.616927 0.061111 0.001563 0.007407
0 0.616927 0.061111 0.001563 0.007407
0 0.617188 0.060185 0.001042 0.005556
0 0.617188 0.058333 0.001042 0.007407
0 0.617188 0.058333 0.001042 0.007407
0 0.616927 0.059722 0.001563 0.004630
0 0.617188 0.058333 0.001042 0.007407
0 0.486979 0.435185 0.005208 0.038889
0 0.616927 0.062500 0.001563 0.004630
0 0.528646 0.301852 0.004167 0.027778
0 0.626042 0.065741 0.001042 0.007407
0 0.617188 0.058333 0.001042 0.007407
0 0.598958 0.077315 0.001042 0.006481
0 0.617188 0.058333 0.001042 0.007407
0 0.617448 0.056481 0.001563 0.007407
0 0.552604 0.235185 0.003125 0.022222
0 0.531771 0.262037 0.003125 0.024074
1 0.631771 0.097685 0.013542 0.010185
1 0.725260 0.068981 0.010937 0.006481
1 0.853125 0.076852 0.015625 0.009259