1 0.920052 0.083333 0.013021 0.009259
1 0.691667 0.068056 0.010417 0.006481
1 0.600781 0.097685 0.013021 0.010185
1 0.814323 0.075000 0.015104 0.009259
6 0.607813 0.124537 0.002083 0.010185
6 0.891667 0.109259 0.005208 0.007407
6 0.605469 0.116204 0.005729 0.006481
6 0.920573 0.118981 0.007812 0.010185
6 0.929427 0.120370 0.007812 0.011111
6 0.883594 0.106481 0.004688 0.007407
1 0.605990 0.062500 0.007812 0.006481
1 0.584115 0.079167 0.004688 0.008333
8 0.594531 0.062500 0.003646 0.006481
7 0.834896 0.095370 0.006250 0.009259
2 0.582031 0.106019 0.011979 0.034259
1 0.565625 0.131019 0.008333 0.015741
0 0.588281 0.058333 0.001563 0.007407
0 0.585677 0.052778 0.001563 0.007407
0 0.585156 0.062500 0.001563 0.004630
0 0.585417 0.061111 0.001042 0.007407
0 0.585417 0.061111 0.001042 0.007407
0 0.585417 0.057870 0.001042 0.006481
0 0.585156 0.062500 0.001563 0.004630
0 0.585417 0.061111 0.001042 0.007407
0 0.585417 0.057870 0.001042 0.006481
0 0.585417 0.061111 0.001042 0.007407
0 0.585417 0.061111 0.001042 0.007407
0 0.585417 0.060185 0.001042 0.005556
0 0.585417 0.057870 0.001042 0.006481
0 0.585417 0.058333 0.001042 0.007407
0 0.585417 0.059722 0.001042 0.004630
0 0.585417 0.058333 0.001042 0.007407
0 0.460677 0.457870 0.006771 0.039815
0 0.585156 0.062500 0.001563 0.004630
0 0.501562 0.312500 0.003125 0.028704
0 0.594271 0.065741 0.001042 0.007407
0 0.585417 0.058333 0.001042 0.007407
0 0.567708 0.077778 0.001042 0.005556
0 0.585417 0.058333 0.001042 0.007407
0 0.988802 0.083333 0.003646 0.009259
0 0.585417 0.056481 0.001042 0.007407
0 0.525000 0.240741 0.003125 0.022222
0 0.503646 0.270833 0.003125 0.025000
1 0.920052 0.083333 0.013021 0.009259
1 0.600781 0.097685 0.013021 0.010185
1 0.691667 0.068056 0.010417 0.006481
1 0.814323 0.075000 0.015104 0.009259