1 0.905990 0.082407 0.013021 0.009259
1 0.680469 0.068056 0.009896 0.006481
1 0.860937 0.092130 0.007292 0.008333
1 0.590365 0.098611 0.013021 0.010185
1 0.802083 0.074537 0.014583 0.008333
6 0.597917 0.125463 0.002083 0.010185
6 0.879167 0.109259 0.005208 0.007407
6 0.595573 0.117130 0.005729 0.006481
6 0.908073 0.118056 0.007812 0.010185
6 0.916667 0.119907 0.008333 0.010185
6 0.871094 0.106019 0.004688 0.006481
1 0.594531 0.062500 0.007812 0.006481
1 0.573698 0.079630 0.004688 0.009259
8 0.583594 0.062500 0.003646 0.006481
7 0.822917 0.094907 0.006250 0.010185
2 0.571615 0.106481 0.011979 0.035185
1 0.555208 0.132870 0.008333 0.015741
0 0.576823 0.057870 0.001563 0.006481
0 0.574740 0.053241 0.001563 0.006481
0 0.574219 0.062500 0.001563 0.004630
0 0.574479 0.061111 0.001042 0.007407
0 0.574479 0.061111 0.001042 0.007407
0 0.574479 0.058333 0.001042 0.007407
0 0.574219 0.062500 0.001563 0.004630
0 0.574479 0.061111 0.001042 0.007407
0 0.574479 0.058333 0.001042 0.007407
0 0.574479 0.061111 0.001042 0.007407
0 0.574479 0.061111 0.001042 0.007407
0 0.574479 0.060185 0.001042 0.005556
0 0.574479 0.058333 0.001042 0.007407
0 0.574479 0.058333 0.001042 0.007407
0 0.574479 0.059722 0.001042 0.004630
0 0.574479 0.058333 0.001042 0.007407
0 0.450260 0.475463 0.006771 0.041667
0 0.574219 0.062500 0.001563 0.004630
0 0.491927 0.320370 0.003646 0.029630
0 0.757812 0.073611 0.002083 0.008333
0 0.583333 0.066204 0.001042 0.008333
0 0.574479 0.058333 0.001042 0.007407
0 0.556771 0.077778 0.001042 0.005556
0 0.574479 0.058333 0.001042 0.007407
0 0.973437 0.082407 0.004167 0.009259
0 0.821615 0.103704 0.003646 0.011111
0 0.574479 0.056481 0.001042 0.007407
0 0.515104 0.245833 0.003125 0.023148
0 0.759896 0.067593 0.002083 0.007407
0 0.493750 0.277778 0.003125 0.025926
1 0.905990 0.082407 0.013021 0.009259
1 0.590365 0.098611 0.013021 0.010185
1 0.680469 0.068056 0.009896 0.006481
1 0.860937 0.092130 0.007292 0.008333
1 0.802083 0.074537 0.014583 0.008333