1 0.865885 0.080556 0.011979 0.009259
1 0.648698 0.068056 0.009896 0.006481
1 0.560156 0.099537 0.013021 0.010185
1 0.766927 0.073611 0.014062 0.008333
6 0.568229 0.127315 0.002083 0.010185
6 0.842448 0.106944 0.004688 0.006481
6 0.565885 0.118519 0.005729 0.007407
6 0.870313 0.116204 0.007292 0.010185
6 0.878906 0.117130 0.007812 0.010185
6 0.834635 0.104167 0.004688 0.006481
1 0.542969 0.080093 0.004688 0.008333
8 0.997917 0.067130 0.004167 0.006481
8 0.552344 0.062500 0.003646 0.006481
7 0.787760 0.093519 0.005729 0.009259
2 0.541667 0.107407 0.011458 0.035185
1 0.525521 0.136574 0.008333 0.015741
0 0.545833 0.058333 0.001042 0.007407
0 0.543490 0.053704 0.001563 0.007407
0 0.543229 0.062963 0.001042 0.003704
0 0.543229 0.061574 0.001042 0.006481
0 0.543229 0.061574 0.001042 0.006481
0 0.543229 0.058333 0.001042 0.007407
0 0.543229 0.062963 0.001042 0.003704
0 0.543229 0.061574 0.001042 0.006481
0 0.543229 0.058333 0.001042 0.007407
0 0.543229 0.061574 0.001042 0.006481
0 0.543229 0.061574 0.001042 0.006481
0 0.543229 0.060648 0.001042 0.004630
0 0.543229 0.058333 0.001042 0.007407
0 0.543229 0.059259 0.001042 0.007407
0 0.543229 0.060648 0.001042 0.004630
0 0.543229 0.058333 0.001042 0.007407
0 0.421354 0.516204 0.008333 0.043519
0 0.543229 0.062963 0.001042 0.003704
0 0.463542 0.338889 0.004167 0.031481
0 0.724479 0.072685 0.002083 0.008333
0 0.552344 0.066667 0.000521 0.007407
0 0.543229 0.058333 0.001042 0.007407
0 0.526042 0.078704 0.001042 0.005556
0 0.543229 0.059259 0.001042 0.007407
0 0.929427 0.079630 0.003646 0.009259
0 0.786979 0.102778 0.003125 0.011111
0 0.543229 0.057407 0.001042 0.007407
0 0.486719 0.255556 0.002604 0.024074
0 0.464844 0.293519 0.003646 0.027778
1 0.865885 0.080556 0.011979 0.009259
1 0.560156 0.099537 0.013021 0.010185
1 0.648698 0.068056 0.009896 0.006481
1 0.766927 0.073611 0.014062 0.008333