1 0.842188 0.079167 0.011458 0.008333
1 0.628906 0.067593 0.009896 0.007407
1 0.541927 0.100463 0.013021 0.010185
1 0.745313 0.072685 0.013542 0.008333
6 0.550000 0.128241 0.002083 0.010185
6 0.820052 0.105556 0.004688 0.007407
6 0.547656 0.119444 0.005729 0.007407
6 0.847396 0.114352 0.007292 0.010185
6 0.855729 0.115741 0.007292 0.009259
6 0.812500 0.102778 0.004167 0.007407
1 0.523958 0.080556 0.004167 0.009259
8 0.533333 0.062963 0.003125 0.005556
7 0.766406 0.092593 0.005729 0.009259
2 0.523438 0.108333 0.011458 0.035185
1 0.507292 0.138426 0.008333 0.015741
0 0.525000 0.058796 0.001042 0.006481
0 0.524479 0.053704 0.001042 0.007407
0 0.524219 0.063426 0.001563 0.004630
0 0.523958 0.062037 0.001042 0.007407
0 0.523958 0.062037 0.001042 0.007407
0 0.523958 0.059259 0.001042 0.007407
0 0.524219 0.063426 0.001563 0.004630
0 0.523958 0.062037 0.001042 0.007407
0 0.523958 0.059259 0.001042 0.007407
0 0.523958 0.062037 0.001042 0.007407
0 0.523958 0.062037 0.001042 0.007407
0 0.523958 0.061111 0.001042 0.005556
0 0.523958 0.059259 0.001042 0.007407
0 0.523958 0.059259 0.001042 0.007407
0 0.524219 0.060648 0.001563 0.004630
0 0.523958 0.059259 0.001042 0.007407
0 0.403125 0.539352 0.009375 0.045370
0 0.524219 0.063426 0.001563 0.004630
0 0.445833 0.349074 0.005208 0.031481
0 0.703906 0.072222 0.001563 0.007407
0 0.533333 0.067130 0.001042 0.008333
0 0.523958 0.059259 0.001042 0.007407
0 0.507031 0.079167 0.000521 0.006481
0 0.523958 0.059259 0.001042 0.007407
0 0.903125 0.077778 0.003125 0.009259
0 0.766146 0.101852 0.003125 0.011111
0 0.524479 0.057407 0.001042 0.007407
0 0.468750 0.261574 0.003125 0.025000
0 0.705729 0.066667 0.002083 0.007407
0 0.987760 0.121296 0.005729 0.012963
0 0.446354 0.301852 0.004167 0.027778
1 0.842188 0.079167 0.011458 0.008333
1 0.541927 0.100463 0.013021 0.010185
1 0.628906 0.067593 0.009896 0.007407
1 0.745313 0.072685 0.013542 0.008333