1 0.809896 0.078241 0.011458 0.008333
1 0.600000 0.068519 0.009375 0.007407
1 0.512500 0.103241 0.013542 0.010185
1 0.715365 0.072685 0.013021 0.008333
4 0.988542 0.116204 0.022917 0.037963
6 0.521875 0.133333 0.002083 0.011111
6 0.790885 0.106019 0.004688 0.006481
6 0.519010 0.124074 0.005729 0.007407
6 0.818490 0.114815 0.006771 0.009259
6 0.826563 0.116204 0.007292 0.010185
1 0.511979 0.064352 0.007292 0.006481
1 0.494010 0.081944 0.004688 0.008333
8 0.503125 0.064352 0.003125 0.006481
2 0.493750 0.111574 0.011458 0.036111
1 0.477344 0.146759 0.008854 0.017593
0 0.494531 0.060185 0.000521 0.007407
0 0.493750 0.055556 0.001042 0.007407
0 0.494010 0.064352 0.001563 0.004630
0 0.493750 0.062963 0.001042 0.007407
0 0.493750 0.062963 0.001042 0.007407
0 0.493750 0.060185 0.001042 0.007407
0 0.494010 0.064815 0.001563 0.003704
0 0.493750 0.062963 0.001042 0.007407
0 0.493750 0.060185 0.001042 0.007407
0 0.493750 0.062963 0.001042 0.007407
0 0.493750 0.062963 0.001042 0.007407
0 0.493750 0.062500 0.001042 0.004630
0 0.493750 0.060185 0.001042 0.007407
0 0.493750 0.061111 0.001042 0.007407
0 0.494010 0.062037 0.001563 0.003704
0 0.493750 0.060185 0.001042 0.007407
0 0.360677 0.634259 0.011979 0.050000
0 0.494010 0.064352 0.001563 0.004630
0 0.411979 0.389815 0.006250 0.035185
0 0.675000 0.072685 0.002083 0.008333
0 0.503385 0.068519 0.000521 0.007407
0 0.493750 0.060185 0.001042 0.007407
0 0.476562 0.081481 0.001042 0.005556
0 0.493750 0.061111 0.001042 0.007407
0 0.868750 0.077315 0.003125 0.008333
0 0.737500 0.102778 0.003125 0.011111
0 0.493750 0.059259 0.001042 0.007407
0 0.437240 0.283796 0.003646 0.026852
0 0.676823 0.066667 0.001563 0.007407
0 0.955208 0.120370 0.005208 0.012963
0 0.412240 0.335648 0.004688 0.030556
0 0.871875 0.078704 0.003125 0.009259
1 0.809896 0.078241 0.011458 0.008333
1 0.512500 0.103241 0.013542 0.010185
1 0.600000 0.068519 0.009375 0.007407
1 0.715625 0.072685 0.013542 0.008333
4 0.988542 0.116204 0.022917 0.037963