1 0.814323 0.077315 0.010937 0.008333
1 0.606250 0.067130 0.009375 0.006481
1 0.519531 0.101389 0.013021 0.010185
1 0.720573 0.071759 0.013021 0.008333
4 0.988542 0.114352 0.022917 0.037963
6 0.528646 0.129630 0.002083 0.011111
6 0.794010 0.104167 0.004688 0.006481
6 0.525781 0.120370 0.005729 0.007407
6 0.820573 0.112500 0.006771 0.010185
6 0.828646 0.113889 0.007292 0.009259
6 0.786458 0.101389 0.004167 0.006481
1 0.520312 0.063426 0.007292 0.006481
1 0.501562 0.081019 0.004167 0.008333
8 0.510677 0.063426 0.003646 0.006481
7 0.741667 0.091667 0.005208 0.009259
2 0.501302 0.109259 0.010937 0.035185
1 0.485417 0.140741 0.008333 0.016667
0 0.502083 0.059259 0.001042 0.007407
0 0.501562 0.054630 0.001042 0.007407
0 0.501562 0.063426 0.001042 0.004630
0 0.501562 0.062037 0.001042 0.007407
0 0.501562 0.062037 0.001042 0.007407
0 0.501562 0.059259 0.001042 0.007407
0 0.501562 0.063426 0.001042 0.004630
0 0.501562 0.062037 0.001042 0.007407
0 0.501562 0.059259 0.001042 0.007407
0 0.501562 0.062037 0.001042 0.007407
0 0.501562 0.062037 0.001042 0.007407
0 0.501562 0.061574 0.001042 0.004630
0 0.501562 0.059259 0.001042 0.007407
0 0.501562 0.059259 0.001042 0.007407
0 0.501562 0.061111 0.001042 0.003704
0 0.501562 0.059259 0.001042 0.007407
0 0.380990 0.565741 0.009896 0.046296
0 0.501562 0.063426 0.001042 0.004630
0 0.424479 0.360648 0.005208 0.032407
0 0.510938 0.067593 0.001042 0.007407
0 0.501562 0.059259 0.001042 0.007407
0 0.484375 0.080093 0.001042 0.006481
0 0.501562 0.059259 0.001042 0.007407
0 0.872917 0.076389 0.003125 0.008333
0 0.741406 0.100926 0.002604 0.011111
0 0.501562 0.057407 0.001042 0.007407
0 0.447656 0.268056 0.003646 0.025000
0 0.682031 0.065741 0.001563 0.007407
0 0.955208 0.118519 0.005208 0.012963
0 0.424740 0.312500 0.004688 0.028704
0 0.876042 0.078241 0.003125 0.008333
1 0.814323 0.077315 0.010937 0.008333
1 0.519531 0.101389 0.013021 0.010185
1 0.606250 0.067130 0.009375 0.006481
1 0.720573 0.071759 0.013021 0.008333
4 0.988542 0.114352 0.022917 0.037963