1 0.808854 0.078241 0.011458 0.008333
1 0.599740 0.068056 0.009896 0.006481
1 0.512500 0.103241 0.013542 0.010185
1 0.714844 0.072685 0.013021 0.008333
4 0.987240 0.115278 0.025521 0.037963
6 0.521875 0.132407 0.002083 0.011111
6 0.789844 0.105556 0.004688 0.007407
6 0.519010 0.123148 0.005729 0.007407
6 0.817187 0.114352 0.007292 0.010185
6 0.825000 0.115278 0.007292 0.010185
1 0.494010 0.081944 0.004688 0.008333
8 0.503125 0.064352 0.003125 0.006481
2 0.494010 0.111574 0.010937 0.036111
1 0.477344 0.145370 0.008854 0.016667
0 0.494792 0.060185 0.001042 0.007407
0 0.494010 0.054630 0.000521 0.007407
0 0.494010 0.064352 0.001563 0.004630
0 0.494010 0.062963 0.000521 0.007407
0 0.494010 0.062963 0.000521 0.007407
0 0.494010 0.060185 0.000521 0.007407
0 0.494010 0.064352 0.001563 0.004630
0 0.494010 0.062963 0.000521 0.007407
0 0.494010 0.060185 0.000521 0.007407
0 0.494010 0.062963 0.000521 0.007407
0 0.494010 0.062963 0.000521 0.007407
0 0.494010 0.062500 0.000521 0.004630
0 0.494010 0.060185 0.000521 0.007407
0 0.494010 0.060185 0.000521 0.007407
0 0.494010 0.061574 0.001563 0.004630
0 0.494010 0.060185 0.000521 0.007407
0 0.363802 0.619907 0.011979 0.049074
0 0.494010 0.064352 0.001563 0.004630
0 0.413281 0.383796 0.005729 0.034259
0 0.674479 0.072685 0.002083 0.008333
0 0.503385 0.068519 0.000521 0.007407
0 0.494010 0.060185 0.000521 0.007407
0 0.476562 0.081019 0.001042 0.006481
0 0.494010 0.060185 0.000521 0.007407
0 0.867708 0.076389 0.003125 0.008333
0 0.736719 0.101852 0.002604 0.011111
0 0.494010 0.058333 0.000521 0.007407
0 0.438021 0.280556 0.004167 0.025926
0 0.676302 0.066667 0.001563 0.007407
0 0.953125 0.119907 0.005208 0.012037
0 0.413542 0.331019 0.005208 0.030556
0 0.870833 0.078704 0.003125 0.009259
1 0.808854 0.078241 0.011458 0.008333
1 0.512500 0.103241 0.013542 0.010185
1 0.599740 0.068056 0.009896 0.006481
1 0.714844 0.072685 0.013021 0.008333
4 0.987240 0.115278 0.025521 0.037963