1 0.810417 0.078704 0.011458 0.009259
1 0.599740 0.068981 0.009896 0.006481
1 0.512240 0.104167 0.013021 0.010185
1 0.715625 0.073148 0.013542 0.007407
4 0.989323 0.116667 0.021354 0.038889
6 0.521875 0.134259 0.002083 0.011111
6 0.791927 0.106481 0.004688 0.007407
6 0.518750 0.124537 0.006250 0.006481
6 0.819792 0.115278 0.007292 0.010185
6 0.827604 0.116667 0.007292 0.009259
1 0.511458 0.064352 0.007292 0.006481
1 0.493750 0.082407 0.004167 0.009259
8 0.502865 0.064352 0.003646 0.006481
2 0.493490 0.112037 0.010937 0.037037
1 0.476823 0.147685 0.008854 0.017593
0 0.494271 0.060185 0.001042 0.007407
0 0.493490 0.055556 0.000521 0.007407
0 0.493490 0.065278 0.001563 0.004630
0 0.493750 0.063889 0.001042 0.007407
0 0.493750 0.063889 0.001042 0.007407
0 0.493750 0.060185 0.001042 0.007407
0 0.493490 0.065278 0.001563 0.004630
0 0.493750 0.063889 0.001042 0.007407
0 0.493750 0.060185 0.001042 0.007407
0 0.493750 0.063889 0.001042 0.007407
0 0.493750 0.063889 0.001042 0.007407
0 0.493750 0.062963 0.001042 0.005556
0 0.493750 0.060185 0.001042 0.007407
0 0.493750 0.061111 0.001042 0.007407
0 0.493490 0.062500 0.001563 0.004630
0 0.493750 0.060185 0.001042 0.007407
0 0.357292 0.649074 0.012500 0.051852
0 0.493490 0.065278 0.001563 0.004630
0 0.410417 0.395833 0.006250 0.034259
0 0.675260 0.072685 0.001563 0.008333
0 0.503125 0.068981 0.001042 0.008333
0 0.493750 0.060185 0.001042 0.007407
0 0.476042 0.081944 0.001042 0.006481
0 0.493750 0.061111 0.001042 0.007407
0 0.869792 0.077315 0.003125 0.008333
0 0.738021 0.102778 0.003125 0.011111
0 0.493750 0.059259 0.001042 0.007407
0 0.436198 0.286574 0.003646 0.026852
0 0.676823 0.066667 0.001563 0.007407
0 0.957292 0.120833 0.005208 0.012037
0 0.410937 0.341204 0.005208 0.030556
0 0.872396 0.079167 0.003125 0.008333
1 0.810417 0.078704 0.011458 0.009259
1 0.512240 0.104167 0.013021 0.010185
1 0.599740 0.068981 0.009896 0.006481
1 0.715625 0.073148 0.013542 0.007407
4 0.989323 0.116667 0.021354 0.038889