1 0.603385 0.071759 0.009896 0.006481
1 0.783594 0.093981 0.006771 0.008333
1 0.512760 0.109259 0.014062 0.011111
6 0.522917 0.143056 0.002083 0.012037
6 0.805990 0.112037 0.004688 0.007407
6 0.519792 0.132407 0.006250 0.007407
6 0.836198 0.121759 0.007812 0.010185
6 0.845052 0.123611 0.007812 0.010185
8 0.980729 0.138889 0.011458 0.012963
1 0.511458 0.067130 0.007292 0.006481
1 0.493490 0.085185 0.004688 0.009259
2 0.830729 0.079167 0.027083 0.025000
8 0.502865 0.067130 0.003646 0.006481
2 0.493229 0.117130 0.011458 0.037963
1 0.474740 0.161574 0.009896 0.019444
8 0.994792 0.138426 0.010417 0.013889
8 0.948958 0.193981 0.013542 0.021296
0 0.495313 0.060185 0.001042 0.007407
0 0.493229 0.057407 0.001042 0.007407
0 0.493490 0.067130 0.001563 0.004630
0 0.493229 0.065741 0.001042 0.007407
0 0.493229 0.065741 0.001042 0.007407
0 0.493229 0.062963 0.001042 0.007407
0 0.493490 0.067130 0.001563 0.004630
0 0.493229 0.065741 0.001042 0.007407
0 0.493229 0.062963 0.001042 0.007407
0 0.493229 0.065741 0.001042 0.007407
0 0.493229 0.065741 0.001042 0.007407
0 0.493229 0.064815 0.001042 0.005556
0 0.493229 0.062963 0.001042 0.007407
0 0.493229 0.062963 0.001042 0.007407
0 0.493490 0.064352 0.001563 0.004630
0 0.493229 0.062963 0.001042 0.007407
0 0.312500 0.855093 0.018750 0.062037
0 0.493490 0.067130 0.001563 0.004630
0 0.394010 0.470833 0.007812 0.039815
0 0.682031 0.076389 0.001563 0.008333
0 0.503125 0.071759 0.001042 0.008333
0 0.493229 0.062963 0.001042 0.007407
0 0.475000 0.085648 0.001042 0.006481
0 0.493229 0.062963 0.001042 0.007407
0 0.493229 0.061111 0.001042 0.007407
0 0.427604 0.324074 0.004167 0.029630
0 0.684115 0.069444 0.001563 0.007407
0 0.984635 0.128704 0.005729 0.012963
0 0.395573 0.401852 0.006771 0.035185
1 0.512760 0.109259 0.014062 0.011111
1 0.603385 0.071759 0.009896 0.006481
1 0.783594 0.093981 0.006771 0.008333