1 0.602604 0.070833 0.010417 0.006481
1 0.781250 0.093056 0.006250 0.008333
1 0.512760 0.108333 0.014062 0.011111
6 0.522917 0.141204 0.002083 0.012037
6 0.803125 0.111111 0.005208 0.007407
6 0.519531 0.130556 0.005729 0.007407
6 0.832812 0.120833 0.007292 0.010185
6 0.841406 0.121759 0.007812 0.010185
8 0.974740 0.137037 0.010937 0.012963
1 0.511458 0.066204 0.007292 0.006481
7 0.998177 0.137037 0.003646 0.012963
1 0.493490 0.084259 0.004688 0.009259
2 0.829167 0.078704 0.027083 0.024074
8 0.502865 0.066667 0.003646 0.007407
2 0.493229 0.116204 0.011458 0.037963
1 0.475260 0.158333 0.009896 0.018519
8 0.988802 0.136111 0.010937 0.012963
0 0.495833 0.060185 0.001042 0.007407
0 0.493229 0.057407 0.001042 0.007407
0 0.493490 0.067130 0.001563 0.004630
0 0.493229 0.065278 0.001042 0.008333
0 0.493229 0.065278 0.001042 0.008333
0 0.493229 0.062037 0.001042 0.007407
0 0.493490 0.067130 0.001563 0.004630
0 0.493229 0.065278 0.001042 0.008333
0 0.493229 0.062037 0.001042 0.007407
0 0.493229 0.065278 0.001042 0.008333
0 0.493229 0.065278 0.001042 0.008333
0 0.493229 0.064815 0.001042 0.005556
0 0.493229 0.062037 0.001042 0.007407
0 0.493229 0.062963 0.001042 0.007407
0 0.493490 0.064352 0.001563 0.004630
0 0.493229 0.062037 0.001042 0.007407
0 0.324219 0.801852 0.017188 0.059259
0 0.493490 0.067130 0.001563 0.004630
0 0.397917 0.452778 0.007292 0.038889
0 0.680729 0.075463 0.002083 0.008333
0 0.503125 0.071296 0.001042 0.007407
0 0.493229 0.062037 0.001042 0.007407
0 0.475000 0.084722 0.001042 0.006481
0 0.493229 0.062963 0.001042 0.007407
0 0.493229 0.061111 0.001042 0.007407
0 0.429688 0.315741 0.004167 0.029630
0 0.682552 0.068981 0.001563 0.008333
0 0.978906 0.126852 0.005729 0.012963
0 0.399479 0.387500 0.006250 0.034259
1 0.512760 0.108333 0.014062 0.011111
1 0.602604 0.070833 0.010417 0.006481
1 0.781250 0.093056 0.006250 0.008333