1 0.818490 0.081019 0.011979 0.008333
1 0.602344 0.070833 0.009896 0.006481
1 0.780208 0.092593 0.006250 0.009259
1 0.512760 0.107870 0.014062 0.010185
1 0.721094 0.075463 0.014062 0.008333
6 0.522656 0.140278 0.002604 0.012037
6 0.801562 0.110185 0.005208 0.007407
6 0.519531 0.129630 0.005729 0.007407
6 0.830990 0.119907 0.007812 0.010185
6 0.839323 0.121296 0.007812 0.011111
8 0.972135 0.136574 0.010937 0.012037
1 0.511458 0.066204 0.007292 0.006481
7 0.996875 0.136111 0.006250 0.012963
1 0.493490 0.084259 0.004688 0.009259
2 0.828646 0.077778 0.027083 0.024074
8 0.502865 0.066204 0.003646 0.006481
2 0.493229 0.115741 0.011458 0.037037
1 0.475521 0.156944 0.009375 0.019444
8 0.986198 0.135648 0.010937 0.013889
0 0.496875 0.059722 0.001042 0.008333
0 0.493229 0.056944 0.001042 0.008333
0 0.493490 0.066204 0.001563 0.004630
0 0.493229 0.064815 0.001042 0.007407
0 0.493229 0.064815 0.001042 0.007407
0 0.493229 0.062037 0.001042 0.007407
0 0.493490 0.066667 0.001563 0.003704
0 0.493229 0.064815 0.001042 0.007407
0 0.493229 0.062037 0.001042 0.007407
0 0.493229 0.064815 0.001042 0.007407
0 0.493229 0.064815 0.001042 0.007407
0 0.493229 0.064352 0.001042 0.004630
0 0.493229 0.062037 0.001042 0.007407
0 0.493229 0.062500 0.001042 0.008333
0 0.493490 0.064352 0.001563 0.004630
0 0.493229 0.062037 0.001042 0.007407
0 0.328906 0.779167 0.016146 0.058333
0 0.493490 0.066204 0.001563 0.004630
0 0.399479 0.444907 0.007292 0.037963
0 0.679948 0.075463 0.001563 0.008333
0 0.503125 0.070833 0.001042 0.008333
0 0.493229 0.062037 0.001042 0.007407
0 0.475521 0.083796 0.001042 0.006481
0 0.493229 0.062500 0.001042 0.008333
0 0.493229 0.060648 0.001042 0.008333
0 0.430469 0.311574 0.004688 0.028704
0 0.682031 0.068519 0.001563 0.007407
0 0.975781 0.125926 0.005729 0.012963
0 0.401042 0.381019 0.006250 0.034259
1 0.818490 0.081019 0.011979 0.008333
1 0.512760 0.107870 0.014062 0.010185
1 0.602344 0.070833 0.009896 0.006481
1 0.780208 0.092593 0.006250 0.009259
1 0.721094 0.075463 0.014062 0.008333