1 0.603646 0.071759 0.010417 0.006481
1 0.784896 0.094444 0.006250 0.009259
1 0.512760 0.110185 0.014062 0.011111
6 0.523177 0.143981 0.002604 0.012037
6 0.807813 0.112963 0.005208 0.007407
6 0.519792 0.133333 0.006250 0.007407
6 0.838281 0.122685 0.007812 0.010185
6 0.847135 0.124537 0.007812 0.010185
8 0.983854 0.139815 0.011458 0.012963
1 0.511719 0.067130 0.007812 0.006481
1 0.493490 0.085185 0.004688 0.009259
2 0.831771 0.079630 0.027083 0.024074
8 0.502865 0.067130 0.003646 0.006481
2 0.492969 0.118056 0.011979 0.037963
1 0.474740 0.163426 0.009896 0.019444
8 0.996354 0.139352 0.007292 0.013889
8 0.953385 0.195833 0.014062 0.021296
0 0.495313 0.060648 0.001042 0.008333
0 0.493229 0.057870 0.001042 0.008333
0 0.493490 0.068056 0.001563 0.004630
0 0.493229 0.066204 0.001042 0.008333
0 0.493229 0.066204 0.001042 0.008333
0 0.493229 0.062963 0.001042 0.007407
0 0.493490 0.068056 0.001563 0.004630
0 0.493229 0.066204 0.001042 0.008333
0 0.493229 0.062963 0.001042 0.007407
0 0.493229 0.066204 0.001042 0.008333
0 0.493229 0.066204 0.001042 0.008333
0 0.493229 0.065741 0.001042 0.005556
0 0.493229 0.062963 0.001042 0.007407
0 0.493229 0.063426 0.001042 0.008333
0 0.493490 0.065278 0.001563 0.004630
0 0.493229 0.062963 0.001042 0.007407
0 0.305729 0.887037 0.019792 0.062963
0 0.493490 0.068056 0.001563 0.004630
0 0.391667 0.480556 0.008333 0.040741
0 0.689062 0.079167 0.002083 0.008333
0 0.682813 0.076389 0.002083 0.008333
0 0.503125 0.072222 0.001042 0.007407
0 0.493229 0.062963 0.001042 0.007407
0 0.475000 0.085648 0.001042 0.006481
0 0.493229 0.063426 0.001042 0.008333
0 0.514583 0.068981 0.001042 0.008333
0 0.493229 0.061574 0.001042 0.008333
0 0.426562 0.329167 0.004167 0.030556
0 0.684635 0.069907 0.001563 0.008333
0 0.987760 0.129167 0.005729 0.013889
0 0.393490 0.409722 0.006771 0.036111
1 0.512760 0.110185 0.014062 0.011111
1 0.603646 0.071759 0.010417 0.006481
1 0.784896 0.094444 0.006250 0.009259