1 0.836198 0.086111 0.013021 0.009259
1 0.607292 0.075000 0.010417 0.007407
1 0.797656 0.099074 0.006771 0.009259
1 0.513542 0.116667 0.014583 0.011111
6 0.524740 0.154630 0.002604 0.012963
6 0.804167 0.112037 0.005208 0.007407
6 0.521094 0.142130 0.006771 0.008333
6 0.857292 0.130556 0.008333 0.011111
6 0.866927 0.132407 0.008854 0.011111
1 0.511719 0.069907 0.007812 0.006481
1 0.492969 0.087963 0.004688 0.009259
2 0.839323 0.083333 0.028646 0.025926
8 0.502865 0.069907 0.003646 0.006481
7 0.761198 0.103704 0.006771 0.011111
2 0.492708 0.123611 0.012500 0.039815
1 0.472396 0.179630 0.011458 0.022222
8 0.992969 0.215278 0.014062 0.023148
0 0.494271 0.061574 0.001042 0.008333
0 0.493229 0.060185 0.001042 0.007407
0 0.492969 0.069907 0.001563 0.004630
0 0.493229 0.068519 0.001042 0.007407
0 0.493229 0.068519 0.001042 0.007407
0 0.493229 0.065741 0.001042 0.007407
0 0.492969 0.070370 0.001563 0.005556
0 0.493229 0.068519 0.001042 0.007407
0 0.493229 0.065741 0.001042 0.007407
0 0.493229 0.068519 0.001042 0.007407
0 0.493229 0.068519 0.001042 0.007407
0 0.493229 0.067593 0.001042 0.005556
0 0.493229 0.065741 0.001042 0.007407
0 0.493229 0.066204 0.001042 0.008333
0 0.492969 0.067130 0.001563 0.004630
0 0.493229 0.065741 0.001042 0.007407
0 0.492969 0.069907 0.001563 0.004630
0 0.366667 0.596296 0.011458 0.048148
0 0.695833 0.082407 0.002083 0.009259
0 0.690104 0.080093 0.002083 0.008333
0 0.503125 0.075463 0.001042 0.008333
0 0.493229 0.065741 0.001042 0.007407
0 0.473437 0.089352 0.001042 0.006481
0 0.493229 0.066204 0.001042 0.008333
0 0.493229 0.063889 0.001042 0.007407
0 0.415104 0.379167 0.005208 0.034259
0 0.692448 0.072685 0.001563 0.008333
0 0.371094 0.500926 0.008854 0.042593
1 0.836198 0.086111 0.013021 0.009259
1 0.513542 0.116667 0.014583 0.011111
1 0.607292 0.075000 0.010417 0.007407
1 0.797656 0.099074 0.006771 0.009259