1 0.605729 0.073611 0.010417 0.006481
1 0.792448 0.097222 0.006771 0.009259
1 0.513281 0.113889 0.014062 0.011111
6 0.523958 0.150000 0.002083 0.012963
6 0.817187 0.116667 0.005208 0.007407
6 0.798177 0.109259 0.004688 0.007407
6 0.520573 0.138426 0.006771 0.008333
6 0.849479 0.127315 0.008333 0.010185
6 0.858333 0.128704 0.008333 0.011111
8 0.997917 0.145370 0.004167 0.012963
1 0.511719 0.068981 0.007812 0.006481
1 0.493229 0.087037 0.004167 0.009259
2 0.835938 0.081944 0.028125 0.025000
8 0.502865 0.068981 0.003646 0.006481
7 0.756510 0.101389 0.006771 0.010185
2 0.492969 0.121296 0.011979 0.038889
1 0.473437 0.172685 0.010417 0.021296
8 0.976823 0.206481 0.015104 0.022222
0 0.493750 0.060185 0.001042 0.007407
0 0.493229 0.059259 0.001042 0.007407
0 0.493229 0.068981 0.001042 0.004630
0 0.493229 0.067593 0.001042 0.007407
0 0.493229 0.067593 0.001042 0.007407
0 0.493229 0.064815 0.001042 0.007407
0 0.493229 0.068981 0.001042 0.004630
0 0.493229 0.067593 0.001042 0.007407
0 0.493229 0.064815 0.001042 0.007407
0 0.493229 0.067593 0.001042 0.007407
0 0.493229 0.067593 0.001042 0.007407
0 0.493229 0.066667 0.001042 0.005556
0 0.493229 0.064815 0.001042 0.007407
0 0.493229 0.064815 0.001042 0.007407
0 0.493229 0.066204 0.001042 0.004630
0 0.493229 0.064815 0.001042 0.007407
0 0.493229 0.068981 0.001042 0.004630
0 0.377865 0.543519 0.009896 0.044444
0 0.693229 0.081019 0.002083 0.008333
0 0.686979 0.078704 0.002083 0.009259
0 0.503125 0.073611 0.001042 0.008333
0 0.493229 0.064815 0.001042 0.007407
0 0.473958 0.087500 0.001042 0.006481
0 0.493229 0.064815 0.001042 0.007407
0 0.493229 0.062963 0.001042 0.007407
0 0.420052 0.356944 0.004688 0.032407
0 0.689323 0.071759 0.001563 0.008333
0 0.381250 0.459722 0.008333 0.039815
1 0.513281 0.113889 0.014062 0.011111
1 0.605729 0.073611 0.010417 0.006481
1 0.792448 0.097222 0.006771 0.009259