1 0.606250 0.074074 0.010417 0.007407
1 0.793490 0.097685 0.006771 0.008333
1 0.513542 0.114352 0.014583 0.012037
6 0.524219 0.150926 0.002604 0.012963
6 0.818750 0.117593 0.005208 0.007407
6 0.799740 0.110185 0.004688 0.007407
6 0.520833 0.139352 0.006250 0.008333
6 0.851302 0.127778 0.007812 0.011111
6 0.860417 0.129630 0.008333 0.011111
1 0.511719 0.068981 0.007812 0.006481
1 0.493229 0.087037 0.004167 0.009259
2 0.836979 0.082407 0.028125 0.025926
8 0.502865 0.068981 0.003646 0.006481
7 0.757552 0.102315 0.006771 0.010185
2 0.492969 0.121759 0.011979 0.039815
1 0.473177 0.174537 0.010937 0.021296
8 0.980729 0.208796 0.015625 0.023148
0 0.494271 0.060648 0.001042 0.008333
0 0.493229 0.059259 0.001042 0.007407
0 0.493229 0.069444 0.001042 0.005556
0 0.493229 0.068056 0.001042 0.008333
0 0.493229 0.068056 0.001042 0.008333
0 0.493229 0.064815 0.001042 0.007407
0 0.493229 0.069907 0.001042 0.004630
0 0.493229 0.068056 0.001042 0.008333
0 0.493229 0.064815 0.001042 0.007407
0 0.493229 0.068056 0.001042 0.008333
0 0.493229 0.068056 0.001042 0.008333
0 0.493229 0.067593 0.001042 0.005556
0 0.493229 0.064815 0.001042 0.007407
0 0.493229 0.065278 0.001042 0.008333
0 0.493229 0.066667 0.001042 0.005556
0 0.493229 0.064815 0.001042 0.007407
0 0.493229 0.069444 0.001042 0.005556
0 0.375260 0.555556 0.009896 0.046296
0 0.693750 0.081481 0.002083 0.009259
0 0.687500 0.079167 0.002083 0.008333
0 0.503125 0.074537 0.001042 0.008333
0 0.493229 0.064815 0.001042 0.007407
0 0.473958 0.088426 0.001042 0.006481
0 0.493229 0.065278 0.001042 0.008333
0 0.493229 0.063426 0.001042 0.008333
0 0.418750 0.362500 0.005208 0.032407
0 0.689844 0.071759 0.001563 0.008333
0 0.378906 0.469444 0.007812 0.040741
1 0.513542 0.114352 0.014583 0.012037
1 0.606250 0.074074 0.010417 0.007407
1 0.793490 0.097685 0.006771 0.008333