1 0.607031 0.074537 0.010937 0.006481
1 0.796094 0.098611 0.006771 0.008333
1 0.513542 0.116204 0.014583 0.012037
6 0.524479 0.153241 0.002083 0.012037
6 0.821875 0.118981 0.005208 0.008333
6 0.802865 0.111111 0.004688 0.007407
6 0.521094 0.141204 0.006771 0.008333
6 0.855208 0.129630 0.008333 0.011111
6 0.864583 0.131481 0.008333 0.011111
1 0.511719 0.069907 0.007812 0.006481
1 0.492969 0.087963 0.004688 0.009259
2 0.838542 0.083333 0.028125 0.025926
8 0.502865 0.069907 0.003646 0.006481
7 0.760156 0.103241 0.006771 0.010185
2 0.492708 0.122685 0.012500 0.039815
1 0.472656 0.177778 0.010937 0.022222
8 0.989583 0.212963 0.015625 0.022222
0 0.494271 0.061111 0.001042 0.007407
0 0.493229 0.059722 0.001042 0.008333
0 0.493229 0.069907 0.001042 0.004630
0 0.493229 0.068519 0.001042 0.007407
0 0.493229 0.068519 0.001042 0.007407
0 0.493229 0.065278 0.001042 0.008333
0 0.493229 0.069907 0.001042 0.004630
0 0.493229 0.068519 0.001042 0.007407
0 0.493229 0.065278 0.001042 0.008333
0 0.493229 0.068519 0.001042 0.007407
0 0.493229 0.068519 0.001042 0.007407
0 0.493229 0.067593 0.001042 0.005556
0 0.493229 0.065278 0.001042 0.008333
0 0.493229 0.065741 0.001042 0.007407
0 0.493229 0.067130 0.001042 0.004630
0 0.493229 0.065278 0.001042 0.008333
0 0.493229 0.069907 0.001042 0.004630
0 0.369531 0.581944 0.010937 0.047222
0 0.695312 0.081944 0.002083 0.008333
0 0.689062 0.079630 0.002083 0.009259
0 0.503125 0.075000 0.001042 0.009259
0 0.493229 0.065278 0.001042 0.008333
0 0.473698 0.088889 0.001563 0.007407
0 0.493229 0.065741 0.001042 0.007407
0 0.493229 0.063889 0.001042 0.007407
0 0.416146 0.373611 0.005208 0.034259
0 0.691406 0.072685 0.001563 0.008333
0 0.373698 0.489352 0.008854 0.041667
1 0.513542 0.116204 0.014583 0.012037
1 0.607031 0.074537 0.010937 0.006481
1 0.796094 0.098611 0.006771 0.008333