1 0.604167 0.072222 0.010417 0.007407
1 0.786198 0.094907 0.006771 0.008333
1 0.512760 0.111111 0.014062 0.011111
6 0.523438 0.144907 0.002083 0.012037
6 0.809375 0.113889 0.005208 0.007407
6 0.520052 0.134259 0.005729 0.007407
6 0.840365 0.123611 0.007812 0.010185
6 0.849219 0.125000 0.007812 0.011111
8 0.986979 0.140741 0.011458 0.012963
1 0.511719 0.068056 0.007812 0.006481
1 0.493490 0.086111 0.004688 0.009259
2 0.832552 0.080093 0.027604 0.025000
8 0.502865 0.068056 0.003646 0.006481
7 0.751042 0.099537 0.006250 0.010185
2 0.492969 0.118519 0.011979 0.038889
1 0.474479 0.164815 0.010417 0.020370
8 0.997917 0.140278 0.004167 0.013889
8 0.957552 0.197685 0.014062 0.021296
0 0.493750 0.061111 0.001042 0.007407
0 0.493229 0.058333 0.001042 0.007407
0 0.493229 0.068056 0.001042 0.004630
0 0.493229 0.066667 0.001042 0.007407
0 0.493229 0.066667 0.001042 0.007407
0 0.493229 0.063426 0.001042 0.008333
0 0.493229 0.068056 0.001042 0.004630
0 0.493229 0.066667 0.001042 0.007407
0 0.493229 0.063426 0.001042 0.008333
0 0.493229 0.066667 0.001042 0.007407
0 0.493229 0.066667 0.001042 0.007407
0 0.493229 0.065741 0.001042 0.005556
0 0.493229 0.063426 0.001042 0.008333
0 0.493229 0.063889 0.001042 0.007407
0 0.493229 0.065278 0.001042 0.004630
0 0.493229 0.063426 0.001042 0.008333
0 0.298177 0.920370 0.021354 0.064815
0 0.493229 0.068056 0.001042 0.004630
0 0.389323 0.491204 0.008854 0.041667
0 0.689583 0.079167 0.002083 0.008333
0 0.683333 0.076852 0.002083 0.009259
0 0.503125 0.072685 0.001042 0.008333
0 0.493229 0.063426 0.001042 0.008333
0 0.474479 0.085648 0.001042 0.006481
0 0.493229 0.063889 0.001042 0.007407
0 0.514583 0.068981 0.001042 0.008333
0 0.493229 0.062037 0.001042 0.007407
0 0.425260 0.333796 0.004688 0.030556
0 0.685677 0.069907 0.001563 0.008333
0 0.991146 0.130093 0.006250 0.013889
0 0.391667 0.418519 0.007292 0.037037
1 0.512760 0.111111 0.014062 0.011111
1 0.604167 0.072222 0.010417 0.007407
1 0.786198 0.094907 0.006771 0.008333