1 0.839844 0.087500 0.013021 0.010185
1 0.608594 0.075926 0.010937 0.007407
1 0.801302 0.100926 0.006771 0.009259
1 0.513802 0.118519 0.015104 0.012963
6 0.525260 0.157407 0.002604 0.012963
6 0.808333 0.113889 0.005208 0.007407
6 0.521615 0.144907 0.006771 0.008333
6 0.863281 0.132870 0.008854 0.012037
6 0.872656 0.134722 0.008854 0.012037
1 0.511979 0.070833 0.008333 0.006481
1 0.492969 0.088889 0.004688 0.009259
2 0.841667 0.084259 0.029167 0.025926
8 0.502604 0.070833 0.003125 0.006481
7 0.764844 0.105556 0.006771 0.011111
2 0.492708 0.125000 0.012500 0.040741
1 0.471875 0.185185 0.011458 0.022222
0 0.493750 0.062037 0.001042 0.007407
0 0.493229 0.060648 0.001042 0.008333
0 0.492969 0.070833 0.001563 0.004630
0 0.493229 0.069444 0.001042 0.007407
0 0.493229 0.069444 0.001042 0.007407
0 0.493229 0.066204 0.001042 0.008333
0 0.492969 0.070833 0.001563 0.004630
0 0.493229 0.069444 0.001042 0.007407
0 0.493229 0.066204 0.001042 0.008333
0 0.493229 0.069444 0.001042 0.007407
0 0.493229 0.069444 0.001042 0.007407
0 0.493229 0.068519 0.001042 0.005556
0 0.493229 0.066204 0.001042 0.008333
0 0.493229 0.066667 0.001042 0.007407
0 0.492969 0.068056 0.001563 0.004630
0 0.493229 0.066204 0.001042 0.008333
0 0.492969 0.070833 0.001563 0.004630
0 0.357292 0.640278 0.012500 0.050926
0 0.697917 0.083333 0.002083 0.009259
0 0.692187 0.081481 0.002083 0.009259
0 0.503385 0.076389 0.000521 0.008333
0 0.858073 0.071759 0.002604 0.008333
0 0.493229 0.066204 0.001042 0.008333
0 0.473177 0.090278 0.001563 0.006481
0 0.493229 0.066667 0.001042 0.007407
0 0.493229 0.064815 0.001042 0.007407
0 0.411198 0.396296 0.005729 0.035185
0 0.694531 0.073611 0.001563 0.008333
0 0.362760 0.534259 0.009896 0.044444
1 0.839844 0.087500 0.013021 0.010185
1 0.513802 0.118519 0.015104 0.012963
1 0.608594 0.075926 0.010937 0.007407
1 0.801302 0.100926 0.006771 0.009259