1 0.610677 0.077778 0.010937 0.007407
1 0.809635 0.103704 0.006771 0.009259
1 0.514323 0.122685 0.015104 0.012037
6 0.526302 0.164352 0.002604 0.013889
6 0.839063 0.125926 0.006250 0.007407
6 0.817708 0.117593 0.005208 0.007407
6 0.522135 0.150463 0.006771 0.008333
6 0.875781 0.137963 0.008854 0.011111
6 0.885938 0.139815 0.009375 0.011111
1 0.512240 0.072222 0.007812 0.007407
8 0.867448 0.071296 0.005729 0.007407
1 0.492969 0.091204 0.004688 0.010185
2 0.846354 0.087037 0.030208 0.025926
8 0.502344 0.072685 0.003646 0.006481
7 0.772135 0.108333 0.006771 0.011111
2 0.492188 0.129167 0.012500 0.041667
1 0.470052 0.197222 0.011979 0.024074
0 0.496354 0.060648 0.001042 0.008333
0 0.492708 0.062500 0.001042 0.008333
0 0.492969 0.072685 0.001563 0.004630
0 0.492708 0.070833 0.001042 0.008333
0 0.492708 0.070833 0.001042 0.008333
0 0.492708 0.068056 0.001042 0.008333
0 0.492969 0.072685 0.001563 0.004630
0 0.492708 0.070833 0.001042 0.008333
0 0.492708 0.068056 0.001042 0.008333
0 0.492708 0.070833 0.001042 0.008333
0 0.492708 0.070833 0.001042 0.008333
0 0.492708 0.070370 0.001042 0.005556
0 0.492708 0.068056 0.001042 0.008333
0 0.492708 0.068056 0.001042 0.008333
0 0.492969 0.069907 0.001563 0.004630
0 0.492708 0.068056 0.001042 0.008333
0 0.492969 0.072685 0.001563 0.004630
0 0.332552 0.753704 0.016146 0.057407
0 0.702083 0.085185 0.002083 0.009259
0 0.696875 0.083333 0.002083 0.009259
0 0.503385 0.078241 0.000521 0.008333
0 0.866406 0.073611 0.002604 0.008333
0 0.492708 0.068056 0.001042 0.008333
0 0.472396 0.092593 0.001042 0.007407
0 0.492708 0.068056 0.001042 0.008333
0 0.774219 0.120370 0.003646 0.012963
0 0.492708 0.066204 0.001042 0.008333
0 0.401823 0.437037 0.006771 0.038889
0 0.699219 0.075463 0.001563 0.008333
0 0.341667 0.619444 0.012500 0.050000
1 0.514063 0.122685 0.015625 0.012037
1 0.610677 0.077778 0.010937 0.007407
1 0.809635 0.103704 0.006771 0.009259