1 0.611198 0.077778 0.010937 0.007407
1 0.811198 0.104167 0.006771 0.010185
1 0.514323 0.123148 0.015104 0.012963
6 0.526302 0.166204 0.002604 0.013889
6 0.819271 0.118056 0.005208 0.008333
6 0.522396 0.151389 0.007292 0.008333
6 0.878125 0.138426 0.009375 0.012037
6 0.888542 0.140278 0.009375 0.012037
6 0.830208 0.122222 0.005208 0.007407
1 0.512240 0.072685 0.007812 0.006481
8 0.868750 0.071759 0.006250 0.008333
1 0.492969 0.091204 0.004688 0.010185
2 0.847396 0.087500 0.030208 0.026852
8 0.502344 0.073148 0.003646 0.007407
7 0.773438 0.109259 0.007292 0.011111
2 0.492188 0.129630 0.012500 0.042593
1 0.469792 0.199537 0.012500 0.025000
0 0.496354 0.060648 0.001042 0.008333
0 0.492708 0.062500 0.001042 0.008333
0 0.492969 0.073148 0.001563 0.005556
0 0.492708 0.071296 0.001042 0.007407
0 0.492708 0.071296 0.001042 0.007407
0 0.492708 0.068056 0.001042 0.008333
0 0.492969 0.073148 0.001563 0.005556
0 0.492708 0.071296 0.001042 0.007407
0 0.492708 0.068056 0.001042 0.008333
0 0.492708 0.071296 0.001042 0.007407
0 0.492708 0.071296 0.001042 0.007407
0 0.492708 0.070370 0.001042 0.005556
0 0.492708 0.068056 0.001042 0.008333
0 0.492708 0.068981 0.001042 0.008333
0 0.492969 0.069907 0.001563 0.004630
0 0.492708 0.068056 0.001042 0.008333
0 0.492969 0.073148 0.001563 0.005556
0 0.327344 0.776852 0.017188 0.059259
0 0.703125 0.086111 0.002083 0.009259
0 0.697396 0.084259 0.002083 0.009259
0 0.503385 0.078704 0.000521 0.009259
0 0.867708 0.073611 0.003125 0.008333
0 0.492708 0.068056 0.001042 0.008333
0 0.472396 0.093056 0.001042 0.006481
0 0.492708 0.068519 0.001042 0.007407
0 0.775260 0.121296 0.003646 0.012963
0 0.492708 0.066204 0.001042 0.008333
0 0.399740 0.445370 0.006771 0.038889
0 0.700000 0.075463 0.002083 0.008333
0 0.337240 0.636574 0.013021 0.050926
1 0.514323 0.123148 0.015104 0.012963
1 0.611198 0.077778 0.010937 0.007407
1 0.811198 0.104167 0.006771 0.010185