1 0.611719 0.078704 0.010937 0.007407
1 0.812500 0.104630 0.007292 0.009259
1 0.514583 0.124074 0.015625 0.012963
6 0.526563 0.167130 0.003125 0.013889
6 0.821094 0.118519 0.005729 0.007407
6 0.522656 0.152778 0.006771 0.009259
6 0.880208 0.139352 0.009375 0.012037
6 0.890625 0.141204 0.009375 0.012037
6 0.832031 0.123148 0.005729 0.007407
1 0.512500 0.073148 0.008333 0.007407
8 0.870052 0.072222 0.005729 0.007407
1 0.492969 0.091667 0.004688 0.009259
2 0.848177 0.087963 0.030729 0.027778
8 0.502344 0.073148 0.003646 0.007407
7 0.775000 0.110185 0.007292 0.011111
2 0.492188 0.130556 0.012500 0.042593
1 0.469271 0.201852 0.012500 0.025926
0 0.496354 0.061574 0.001042 0.008333
0 0.492708 0.062500 0.001042 0.008333
0 0.492969 0.073611 0.001563 0.004630
0 0.492708 0.071759 0.001042 0.008333
0 0.492708 0.071759 0.001042 0.008333
0 0.492708 0.068519 0.001042 0.007407
0 0.492969 0.073611 0.001563 0.004630
0 0.492708 0.071759 0.001042 0.008333
0 0.492708 0.068519 0.001042 0.007407
0 0.492708 0.071759 0.001042 0.008333
0 0.492708 0.071759 0.001042 0.008333
0 0.492708 0.070833 0.001042 0.006481
0 0.492708 0.068519 0.001042 0.007407
0 0.492708 0.068981 0.001042 0.008333
0 0.492969 0.070370 0.001563 0.005556
0 0.492708 0.068519 0.001042 0.007407
0 0.492969 0.073611 0.001563 0.004630
0 0.321875 0.801852 0.017708 0.059259
0 0.703646 0.086111 0.002083 0.009259
0 0.698438 0.084259 0.002083 0.009259
0 0.503385 0.079167 0.000521 0.008333
0 0.869271 0.074537 0.003125 0.008333
0 0.492708 0.068519 0.001042 0.007407
0 0.472135 0.093519 0.001563 0.007407
0 0.492708 0.068981 0.001042 0.008333
0 0.776823 0.121759 0.003646 0.012037
0 0.492708 0.067130 0.001042 0.008333
0 0.397917 0.454167 0.007292 0.039815
0 0.700781 0.076389 0.001563 0.008333
0 0.332812 0.654630 0.013542 0.051852
1 0.514583 0.124074 0.015625 0.012963
1 0.611719 0.078704 0.010937 0.007407
1 0.812500 0.104630 0.007292 0.009259