1 0.614062 0.080556 0.011458 0.007407
1 0.514844 0.128704 0.016146 0.012963
1 0.747656 0.086111 0.016146 0.009259
6 0.527865 0.175000 0.002604 0.014815
6 0.830990 0.122685 0.005729 0.008333
6 0.523438 0.159259 0.007292 0.009259
6 0.894010 0.144907 0.009896 0.012037
6 0.904948 0.147222 0.009896 0.012963
1 0.512500 0.075000 0.008333 0.007407
8 0.877344 0.073611 0.005729 0.008333
1 0.492708 0.093519 0.005208 0.009259
2 0.853125 0.090741 0.031250 0.027778
8 0.502344 0.075000 0.003646 0.007407
7 0.885938 0.074074 0.007292 0.007407
7 0.782552 0.113426 0.007812 0.012037
2 0.491927 0.134259 0.013021 0.044444
1 0.467708 0.215741 0.013542 0.027778
0 0.494792 0.061111 0.001042 0.009259
0 0.492708 0.064352 0.001042 0.008333
0 0.492969 0.075000 0.001563 0.005556
0 0.492708 0.073611 0.001042 0.008333
0 0.492708 0.073611 0.001042 0.008333
0 0.492708 0.069907 0.001042 0.008333
0 0.492969 0.075000 0.001563 0.005556
0 0.492708 0.073611 0.001042 0.008333
0 0.492708 0.069907 0.001042 0.008333
0 0.492708 0.073611 0.001042 0.008333
0 0.492708 0.073611 0.001042 0.008333
0 0.492708 0.072685 0.001042 0.006481
0 0.492708 0.069907 0.001042 0.008333
0 0.492708 0.070833 0.001042 0.008333
0 0.492708 0.072222 0.001042 0.005556
0 0.492708 0.069907 0.001042 0.008333
0 0.492969 0.075000 0.001563 0.005556
0 0.282813 0.974074 0.023958 0.051852
0 0.708333 0.088426 0.002083 0.010185
0 0.703125 0.086574 0.002083 0.010185
0 0.503646 0.081019 0.001042 0.008333
0 0.877604 0.075926 0.003125 0.009259
0 0.492708 0.069907 0.001042 0.008333
0 0.471354 0.096296 0.001042 0.007407
0 0.492708 0.070833 0.001042 0.008333
0 0.785156 0.125926 0.003646 0.012963
0 0.492708 0.068056 0.001042 0.008333
0 0.384896 0.506019 0.008333 0.043519
0 0.705729 0.077778 0.002083 0.009259
0 0.300781 0.782870 0.018229 0.058333
1 0.514844 0.128704 0.016146 0.012963
1 0.614062 0.080556 0.011458 0.007407
1 0.747656 0.086111 0.016146 0.009259