1 0.614583 0.080556 0.011458 0.007407
1 0.822917 0.108796 0.007292 0.010185
1 0.514844 0.129630 0.016146 0.012963
1 0.748698 0.086111 0.016146 0.009259
6 0.527865 0.175926 0.002604 0.014815
6 0.832552 0.123611 0.005729 0.008333
6 0.523438 0.160185 0.007292 0.009259
6 0.896615 0.146296 0.009896 0.012963
6 0.907552 0.148148 0.009896 0.012963
6 0.844271 0.128241 0.006250 0.008333
1 0.512500 0.075000 0.008333 0.007407
8 0.878646 0.074074 0.006250 0.007407
1 0.492708 0.093981 0.005208 0.010185
2 0.854167 0.090741 0.031250 0.027778
8 0.502344 0.075000 0.003646 0.007407
7 0.887500 0.074537 0.007292 0.006481
7 0.784115 0.113889 0.007812 0.011111
2 0.491927 0.134722 0.013021 0.043519
1 0.467187 0.218519 0.013542 0.027778
0 0.494792 0.061574 0.001042 0.008333
0 0.492708 0.064352 0.001042 0.008333
0 0.492708 0.075463 0.001042 0.004630
0 0.492708 0.073611 0.001042 0.008333
0 0.492708 0.073611 0.001042 0.008333
0 0.492708 0.070833 0.001042 0.008333
0 0.492708 0.075463 0.001042 0.004630
0 0.492708 0.073611 0.001042 0.008333
0 0.492708 0.070833 0.001042 0.008333
0 0.492708 0.073611 0.001042 0.008333
0 0.492708 0.073611 0.001042 0.008333
0 0.492708 0.073148 0.001042 0.005556
0 0.492708 0.070833 0.001042 0.008333
0 0.492708 0.070833 0.001042 0.008333
0 0.492708 0.072222 0.001042 0.005556
0 0.492708 0.070833 0.001042 0.008333
0 0.492708 0.075463 0.001042 0.004630
0 0.273698 0.993981 0.025521 0.012037
0 0.709115 0.088889 0.002604 0.009259
0 0.703906 0.087037 0.002604 0.009259
0 0.503646 0.081481 0.001042 0.009259
0 0.879167 0.076389 0.003125 0.008333
0 0.492708 0.070833 0.001042 0.008333
0 0.471354 0.096296 0.001042 0.007407
0 0.492708 0.070833 0.001042 0.008333
0 0.786979 0.126852 0.004167 0.012963
0 0.492708 0.068981 0.001042 0.008333
0 0.382552 0.516667 0.008854 0.044444
0 0.706771 0.078241 0.002083 0.008333
0 0.293750 0.810648 0.018750 0.060185
1 0.514844 0.129630 0.016146 0.012963
1 0.614583 0.080556 0.011458 0.007407
1 0.822917 0.108796 0.007292 0.010185
1 0.748698 0.086111 0.016146 0.009259