1 0.612760 0.079630 0.010937 0.007407
1 0.514583 0.126389 0.015625 0.013889
1 0.744792 0.085185 0.015625 0.009259
6 0.527083 0.170833 0.003125 0.013889
6 0.825781 0.120833 0.005729 0.008333
6 0.522917 0.156019 0.007292 0.008333
6 0.886979 0.142130 0.009375 0.012037
6 0.897656 0.144444 0.009896 0.012963
6 0.837240 0.125463 0.005729 0.008333
1 0.512500 0.074074 0.008333 0.007407
8 0.873698 0.072685 0.005729 0.008333
1 0.492708 0.092593 0.005208 0.009259
2 0.850781 0.089352 0.030729 0.026852
8 0.502344 0.074074 0.003646 0.007407
7 0.778646 0.111574 0.007292 0.012037
2 0.491927 0.132407 0.013021 0.042593
1 0.468490 0.208796 0.013021 0.026852
0 0.494792 0.061574 0.001042 0.008333
0 0.492708 0.063426 0.001042 0.008333
0 0.492969 0.074074 0.001563 0.005556
0 0.492708 0.072685 0.001042 0.008333
0 0.492708 0.072685 0.001042 0.008333
0 0.492708 0.068981 0.001042 0.008333
0 0.492969 0.074537 0.001563 0.004630
0 0.492708 0.072685 0.001042 0.008333
0 0.492708 0.068981 0.001042 0.008333
0 0.492708 0.072685 0.001042 0.008333
0 0.492708 0.072685 0.001042 0.008333
0 0.492708 0.071759 0.001042 0.006481
0 0.492708 0.068981 0.001042 0.008333
0 0.492708 0.069907 0.001042 0.008333
0 0.492969 0.071296 0.001563 0.005556
0 0.492708 0.068981 0.001042 0.008333
0 0.492969 0.074074 0.001563 0.005556
0 0.304427 0.882870 0.020312 0.063889
0 0.705990 0.087037 0.002604 0.009259
0 0.700521 0.085185 0.002083 0.009259
0 0.503646 0.080093 0.001042 0.008333
0 0.492708 0.068981 0.001042 0.008333
0 0.471875 0.094444 0.001042 0.007407
0 0.492708 0.069907 0.001042 0.008333
0 0.780990 0.124074 0.003646 0.012963
0 0.492708 0.067593 0.001042 0.007407
0 0.391927 0.478241 0.007812 0.041667
0 0.703385 0.077315 0.001563 0.008333
0 0.318229 0.713426 0.015625 0.054630
1 0.514583 0.126389 0.015625 0.013889
1 0.612760 0.079630 0.010937 0.007407
1 0.744792 0.085185 0.015625 0.009259