1 0.618490 0.083796 0.011979 0.008333
1 0.515885 0.137037 0.017188 0.014815
1 0.757812 0.089815 0.016667 0.009259
6 0.529688 0.189352 0.003125 0.015741
6 0.848958 0.130093 0.006250 0.008333
6 0.525260 0.171296 0.007812 0.009259
6 0.919271 0.155556 0.010417 0.012963
6 0.931510 0.157870 0.010937 0.013889
6 0.861719 0.135185 0.006771 0.009259
1 0.898438 0.106944 0.016667 0.010185
1 0.513021 0.077778 0.008333 0.007407
8 0.890625 0.076389 0.006250 0.008333
1 0.492448 0.096759 0.004688 0.010185
2 0.862760 0.094907 0.032812 0.028704
8 0.502344 0.077778 0.003646 0.007407
7 0.899740 0.077315 0.007812 0.006481
7 0.797396 0.119907 0.008333 0.012037
2 0.491406 0.141204 0.014062 0.045370
1 0.463542 0.243981 0.015625 0.032407
0 0.494792 0.065741 0.001042 0.009259
0 0.492448 0.067130 0.001563 0.008333
0 0.492448 0.078241 0.001563 0.004630
0 0.492448 0.076389 0.001563 0.008333
0 0.492448 0.076389 0.001563 0.008333
0 0.492448 0.073148 0.001563 0.009259
0 0.492448 0.078241 0.001563 0.004630
0 0.492448 0.076389 0.001563 0.008333
0 0.492448 0.073148 0.001563 0.009259
0 0.492448 0.076389 0.001563 0.008333
0 0.492448 0.076389 0.001563 0.008333
0 0.492448 0.075463 0.001563 0.006481
0 0.492448 0.073148 0.001563 0.009259
0 0.492448 0.073611 0.001563 0.008333
0 0.492448 0.075000 0.001563 0.005556
0 0.492448 0.073148 0.001563 0.009259
0 0.492448 0.078241 0.001563 0.004630
0 0.716406 0.092130 0.002604 0.010185
0 0.503646 0.085185 0.001042 0.009259
0 0.892708 0.079167 0.003125 0.008333
0 0.492448 0.073148 0.001563 0.009259
0 0.470313 0.100000 0.001042 0.007407
0 0.492448 0.073611 0.001563 0.008333
0 0.492448 0.071296 0.001563 0.009259
0 0.355990 0.628704 0.010937 0.051852
0 0.714583 0.081481 0.002083 0.009259
1 0.515885 0.137037 0.017188 0.014815
1 0.618490 0.083796 0.011979 0.008333
1 0.757812 0.089815 0.016667 0.009259