1 0.619531 0.084722 0.011979 0.008333
1 0.515885 0.139815 0.017188 0.014815
1 0.760938 0.091204 0.016667 0.010185
6 0.530729 0.194444 0.003125 0.016667
6 0.854948 0.132407 0.006771 0.009259
6 0.525781 0.175463 0.007812 0.010185
6 0.927865 0.158796 0.010937 0.013889
6 0.940104 0.161574 0.011458 0.013889
6 0.868229 0.137963 0.007292 0.009259
1 0.513281 0.078704 0.008854 0.007407
8 0.894792 0.077315 0.006250 0.008333
1 0.492188 0.097685 0.005208 0.010185
2 0.865625 0.096759 0.033333 0.028704
8 0.502344 0.078704 0.003646 0.007407
7 0.903906 0.078704 0.007812 0.007407
7 0.801823 0.121759 0.008854 0.012037
2 0.491406 0.143519 0.014062 0.046296
1 0.462240 0.254167 0.016146 0.034259
0 0.492448 0.064815 0.001563 0.009259
0 0.492188 0.068056 0.001042 0.008333
0 0.492448 0.079167 0.001563 0.004630
0 0.492448 0.077315 0.001563 0.008333
0 0.492448 0.077315 0.001563 0.008333
0 0.492448 0.074074 0.001563 0.009259
0 0.492448 0.079167 0.001563 0.004630
0 0.492448 0.077315 0.001563 0.008333
0 0.492448 0.074074 0.001563 0.009259
0 0.492448 0.077315 0.001563 0.008333
0 0.492448 0.077315 0.001563 0.008333
0 0.492448 0.076389 0.001563 0.006481
0 0.492448 0.074074 0.001563 0.009259
0 0.492448 0.074537 0.001563 0.008333
0 0.492448 0.075926 0.001563 0.005556
0 0.492448 0.074074 0.001563 0.009259
0 0.492448 0.079167 0.001563 0.004630
0 0.719010 0.093981 0.002604 0.010185
0 0.503646 0.086111 0.001042 0.009259
0 0.897656 0.080093 0.003646 0.008333
0 0.492448 0.074074 0.001563 0.009259
0 0.470052 0.101852 0.001563 0.007407
0 0.492448 0.074537 0.001563 0.008333
0 0.492448 0.072222 0.001563 0.009259
0 0.344271 0.678241 0.012500 0.054630
0 0.717708 0.082407 0.002083 0.009259
1 0.515885 0.139815 0.017188 0.014815
1 0.619531 0.084722 0.011979 0.008333
1 0.760938 0.091204 0.016667 0.010185