1 0.615625 0.081481 0.011458 0.007407
1 0.827604 0.110648 0.007292 0.010185
1 0.515104 0.131944 0.016667 0.013889
1 0.751823 0.087500 0.016146 0.010185
6 0.528646 0.180556 0.003125 0.014815
6 0.837760 0.125463 0.005729 0.008333
6 0.524219 0.163889 0.007812 0.009259
6 0.903646 0.149074 0.010417 0.012963
6 0.915104 0.150926 0.010417 0.012963
6 0.850000 0.130556 0.006250 0.009259
1 0.512760 0.075926 0.008854 0.007407
8 0.882292 0.075000 0.006250 0.007407
1 0.492708 0.094907 0.005208 0.010185
2 0.857031 0.092593 0.031771 0.027778
8 0.502344 0.075926 0.003646 0.007407
7 0.891406 0.075463 0.007812 0.006481
7 0.788281 0.116204 0.007812 0.012037
2 0.491667 0.137037 0.013542 0.044444
1 0.465885 0.226389 0.014062 0.028704
0 0.494792 0.062037 0.001042 0.009259
0 0.492708 0.065278 0.001042 0.008333
0 0.492448 0.076389 0.001563 0.004630
0 0.492708 0.074537 0.001042 0.008333
0 0.492708 0.074537 0.001042 0.008333
0 0.492708 0.071296 0.001042 0.009259
0 0.492448 0.076389 0.001563 0.004630
0 0.492708 0.074537 0.001042 0.008333
0 0.492708 0.071296 0.001042 0.009259
0 0.492708 0.074537 0.001042 0.008333
0 0.492708 0.074537 0.001042 0.008333
0 0.492708 0.073611 0.001042 0.006481
0 0.492708 0.071296 0.001042 0.009259
0 0.492708 0.071759 0.001042 0.008333
0 0.492448 0.073148 0.001563 0.005556
0 0.492708 0.071296 0.001042 0.009259
0 0.492448 0.076389 0.001563 0.004630
0 0.711458 0.089815 0.002083 0.009259
0 0.503646 0.082407 0.001042 0.009259
0 0.883333 0.077315 0.003125 0.008333
0 0.492708 0.071296 0.001042 0.009259
0 0.470833 0.097685 0.001042 0.006481
0 0.492708 0.071759 0.001042 0.008333
0 0.791146 0.128704 0.004167 0.012963
0 0.492708 0.069907 0.001042 0.008333
0 0.374740 0.549074 0.008854 0.046296
0 0.709375 0.079167 0.002083 0.008333
0 0.271094 0.902315 0.022396 0.063889
1 0.515104 0.131944 0.016667 0.013889
1 0.615625 0.081481 0.011458 0.007407
1 0.827604 0.110648 0.007292 0.010185
1 0.751823 0.087500 0.016146 0.010185