1 0.617969 0.083333 0.011979 0.007407
1 0.835417 0.113426 0.007292 0.010185
1 0.515625 0.136111 0.016667 0.014815
1 0.765365 0.081019 0.011979 0.010185
1 0.756771 0.089352 0.016667 0.010185
6 0.529688 0.187500 0.003125 0.015741
6 0.872396 0.139815 0.007292 0.009259
6 0.846875 0.129167 0.006250 0.008333
6 0.524740 0.170370 0.007812 0.009259
6 0.916667 0.154630 0.010417 0.012963
6 0.928385 0.156481 0.010937 0.012963
6 0.859896 0.134722 0.006250 0.008333
1 0.513021 0.077778 0.008333 0.007407
8 0.889063 0.076389 0.006250 0.008333
1 0.492448 0.096759 0.004688 0.010185
2 0.861719 0.094907 0.032812 0.028704
8 0.502344 0.077778 0.003646 0.007407
7 0.898177 0.076852 0.007812 0.007407
7 0.795833 0.118981 0.008333 0.012037
2 0.491406 0.140741 0.014062 0.046296
1 0.464063 0.241204 0.015625 0.032407
0 0.494792 0.064815 0.001042 0.009259
0 0.492448 0.067130 0.001563 0.008333
0 0.492448 0.077778 0.001563 0.005556
0 0.492708 0.076389 0.001042 0.008333
0 0.492708 0.076389 0.001042 0.008333
0 0.492448 0.072685 0.001563 0.008333
0 0.492448 0.077778 0.001563 0.005556
0 0.492708 0.076389 0.001042 0.008333
0 0.492448 0.072685 0.001563 0.008333
0 0.492708 0.076389 0.001042 0.008333
0 0.492708 0.076389 0.001042 0.008333
0 0.492708 0.075463 0.001042 0.006481
0 0.492448 0.072685 0.001563 0.008333
0 0.492708 0.073148 0.001042 0.009259
0 0.492448 0.075000 0.001563 0.005556
0 0.492448 0.072685 0.001563 0.008333
0 0.492448 0.077778 0.001563 0.005556
0 0.715625 0.092130 0.002083 0.010185
0 0.503646 0.084259 0.001042 0.009259
0 0.891146 0.078704 0.003125 0.009259
0 0.492708 0.072685 0.001042 0.008333
0 0.470313 0.100000 0.001042 0.007407
0 0.492708 0.073148 0.001042 0.009259
0 0.492448 0.070833 0.001563 0.008333
0 0.359375 0.613426 0.010417 0.050926
0 0.713802 0.081019 0.001563 0.008333
1 0.515625 0.136111 0.016667 0.014815
1 0.617969 0.083333 0.011979 0.007407
1 0.835417 0.113426 0.007292 0.010185
1 0.765365 0.081019 0.011979 0.010185
1 0.756771 0.089352 0.016667 0.010185