1 0.895573 0.104167 0.017188 0.012037
1 0.623958 0.088426 0.012500 0.008333
1 0.516927 0.147685 0.018229 0.015741
1 0.770573 0.094907 0.017188 0.010185
6 0.532812 0.209722 0.003125 0.017593
6 0.902865 0.152315 0.007812 0.010185
6 0.873177 0.139815 0.006771 0.009259
6 0.527344 0.188426 0.008854 0.010185
6 0.954427 0.169444 0.011979 0.014815
6 0.967708 0.172222 0.012500 0.014815
6 0.888021 0.146296 0.007292 0.009259
1 0.921615 0.113426 0.018229 0.010185
1 0.513542 0.081944 0.009375 0.008333
8 0.907292 0.080556 0.006250 0.009259
1 0.492188 0.100926 0.005208 0.011111
2 0.874740 0.101389 0.034896 0.030556
8 0.502083 0.081944 0.004167 0.008333
7 0.916667 0.081481 0.008333 0.007407
7 0.816406 0.128704 0.008854 0.012963
2 0.490625 0.150463 0.014583 0.049074
1 0.457292 0.288889 0.018750 0.040741
0 0.492188 0.068519 0.001042 0.009259
0 0.492188 0.070370 0.001042 0.009259
0 0.491927 0.082407 0.001563 0.005556
0 0.492188 0.080556 0.001042 0.009259
0 0.492188 0.080556 0.001042 0.009259
0 0.492188 0.076852 0.001042 0.009259
0 0.491927 0.082407 0.001563 0.005556
0 0.492188 0.080556 0.001042 0.009259
0 0.492188 0.076852 0.001042 0.009259
0 0.492188 0.080556 0.001042 0.009259
0 0.492188 0.080556 0.001042 0.009259
0 0.492188 0.079167 0.001042 0.006481
0 0.492188 0.076852 0.001042 0.009259
0 0.492188 0.077315 0.001042 0.008333
0 0.491927 0.078704 0.001563 0.005556
0 0.492188 0.076852 0.001042 0.009259
0 0.491927 0.082407 0.001563 0.005556
0 0.503646 0.089815 0.001042 0.009259
0 0.912240 0.083333 0.003646 0.009259
0 0.492188 0.076852 0.001042 0.009259
0 0.469010 0.106019 0.001563 0.008333
0 0.492188 0.077315 0.001042 0.008333
0 0.821615 0.143519 0.004688 0.014815
0 0.492188 0.075000 0.001042 0.009259
0 0.298438 0.878241 0.019792 0.063889
0 0.726562 0.085185 0.002083 0.009259
0 0.724219 0.500926 0.010937 0.031481
1 0.895573 0.104167 0.017188 0.012037
1 0.516927 0.147685 0.018229 0.015741
1 0.623958 0.088426 0.012500 0.008333
1 0.770833 0.094907 0.017708 0.010185