1 0.620573 0.085648 0.011979 0.008333
1 0.845573 0.117130 0.007812 0.010185
1 0.516146 0.141667 0.017708 0.014815
1 0.762760 0.092130 0.017188 0.010185
6 0.531250 0.197222 0.003125 0.016667
6 0.885938 0.145370 0.007292 0.009259
6 0.858854 0.134259 0.006250 0.009259
6 0.526042 0.178241 0.008333 0.010185
6 0.933333 0.161111 0.011458 0.012963
6 0.945833 0.163426 0.011458 0.013889
6 0.872396 0.139815 0.007292 0.009259
1 0.908073 0.109722 0.017188 0.010185
1 0.513281 0.079630 0.008854 0.007407
8 0.897396 0.078241 0.006250 0.008333
1 0.492188 0.098611 0.005208 0.010185
2 0.867448 0.098148 0.033854 0.029630
8 0.502083 0.079630 0.004167 0.007407
7 0.906510 0.078704 0.007812 0.007407
7 0.804948 0.123148 0.008854 0.012963
2 0.491146 0.144907 0.014583 0.047222
1 0.461198 0.261111 0.016146 0.035185
0 0.492448 0.065278 0.001563 0.008333
0 0.492188 0.068519 0.001042 0.009259
0 0.492448 0.079630 0.001563 0.005556
0 0.492188 0.078241 0.001042 0.008333
0 0.492188 0.078241 0.001042 0.008333
0 0.492188 0.074537 0.001042 0.008333
0 0.492448 0.079630 0.001563 0.005556
0 0.492188 0.078241 0.001042 0.008333
0 0.492188 0.074537 0.001042 0.008333
0 0.492188 0.078241 0.001042 0.008333
0 0.492188 0.078241 0.001042 0.008333
0 0.492188 0.077315 0.001042 0.006481
0 0.492188 0.074537 0.001042 0.008333
0 0.492188 0.075000 0.001042 0.009259
0 0.492448 0.076852 0.001563 0.005556
0 0.492188 0.074537 0.001042 0.008333
0 0.492448 0.079630 0.001563 0.005556
0 0.721094 0.093981 0.002604 0.010185
0 0.503646 0.087037 0.001042 0.009259
0 0.900781 0.080556 0.003646 0.009259
0 0.492188 0.074537 0.001042 0.008333
0 0.469792 0.102778 0.001042 0.007407
0 0.492188 0.075000 0.001042 0.009259
0 0.492188 0.072685 0.001042 0.008333
0 0.335938 0.714352 0.013542 0.056481
0 0.719271 0.083333 0.002083 0.009259
1 0.516146 0.141667 0.017708 0.014815
1 0.620573 0.085648 0.011979 0.008333
1 0.845573 0.117130 0.007812 0.010185
1 0.763021 0.092130 0.016667 0.010185