1 0.888802 0.101852 0.016146 0.011111
1 0.621875 0.086574 0.012500 0.008333
1 0.850781 0.119444 0.007812 0.011111
1 0.516406 0.143981 0.018229 0.015741
1 0.766406 0.093056 0.017188 0.010185
6 0.531771 0.202778 0.003125 0.016667
6 0.864844 0.136574 0.006771 0.008333
6 0.526563 0.182407 0.008333 0.009259
6 0.942187 0.164352 0.011458 0.013889
6 0.954948 0.167130 0.011979 0.013889
6 0.879167 0.142593 0.007292 0.009259
1 0.913542 0.111574 0.017708 0.010185
1 0.513281 0.080556 0.008854 0.007407
8 0.901563 0.079167 0.006250 0.008333
1 0.492188 0.099537 0.005208 0.010185
2 0.870833 0.099074 0.034375 0.029630
8 0.502083 0.080556 0.004167 0.007407
7 0.910937 0.079630 0.008333 0.007407
7 0.809635 0.125926 0.008854 0.012963
2 0.491146 0.147222 0.014583 0.048148
1 0.459635 0.272685 0.017188 0.037963
0 0.492448 0.065741 0.001563 0.009259
0 0.492188 0.069444 0.001042 0.009259
0 0.492448 0.080556 0.001563 0.005556
0 0.492188 0.079167 0.001042 0.008333
0 0.492188 0.079167 0.001042 0.008333
0 0.492188 0.075463 0.001042 0.008333
0 0.492448 0.080556 0.001563 0.005556
0 0.492188 0.079167 0.001042 0.008333
0 0.492188 0.075463 0.001042 0.008333
0 0.492188 0.079167 0.001042 0.008333
0 0.492188 0.079167 0.001042 0.008333
0 0.492188 0.078241 0.001042 0.006481
0 0.492188 0.075463 0.001042 0.008333
0 0.492188 0.075926 0.001042 0.009259
0 0.492448 0.077778 0.001563 0.005556
0 0.492188 0.075463 0.001042 0.008333
0 0.492448 0.080556 0.001563 0.005556
0 0.723698 0.095833 0.002604 0.010185
0 0.503646 0.087963 0.001042 0.009259
0 0.905729 0.081944 0.003125 0.008333
0 0.492188 0.075463 0.001042 0.008333
0 0.469531 0.104167 0.001563 0.008333
0 0.492188 0.075926 0.001042 0.009259
0 0.814323 0.140278 0.004688 0.013889
0 0.492188 0.073611 0.001042 0.008333
0 0.321615 0.776852 0.016146 0.059259
0 0.722396 0.084259 0.002083 0.009259
1 0.888802 0.101852 0.016146 0.011111
1 0.516406 0.143981 0.018229 0.015741
1 0.621875 0.086574 0.012500 0.008333
1 0.850781 0.119444 0.007812 0.011111
1 0.766406 0.093056 0.017188 0.010185