1 0.890365 0.102315 0.016146 0.012037
1 0.622396 0.087500 0.012500 0.008333
1 0.852865 0.120370 0.007812 0.011111
1 0.516667 0.145370 0.017708 0.014815
1 0.767448 0.093981 0.017188 0.010185
6 0.532031 0.204630 0.003646 0.016667
6 0.866927 0.137500 0.006771 0.008333
6 0.526823 0.183796 0.008854 0.010185
6 0.945312 0.166204 0.011458 0.013889
6 0.958594 0.168519 0.011979 0.014815
6 0.881250 0.143519 0.007292 0.009259
1 0.915625 0.111574 0.017708 0.010185
1 0.513281 0.081019 0.008854 0.008333
8 0.903125 0.079167 0.006250 0.008333
1 0.492188 0.100000 0.005208 0.011111
2 0.871875 0.100000 0.034375 0.029630
8 0.502083 0.081019 0.004167 0.008333
7 0.912500 0.080556 0.008333 0.007407
7 0.811458 0.125926 0.009375 0.012963
2 0.491146 0.148148 0.014583 0.048148
1 0.459115 0.276389 0.017188 0.037963
0 0.492188 0.066667 0.001042 0.009259
0 0.492188 0.069444 0.001042 0.009259
0 0.492448 0.081019 0.001563 0.004630
0 0.492188 0.079167 0.001042 0.008333
0 0.492188 0.079167 0.001042 0.008333
0 0.492188 0.075926 0.001042 0.009259
0 0.492448 0.081481 0.001563 0.005556
0 0.492188 0.079167 0.001042 0.008333
0 0.492188 0.075926 0.001042 0.009259
0 0.492188 0.079167 0.001042 0.008333
0 0.492188 0.079167 0.001042 0.008333
0 0.492188 0.078241 0.001042 0.006481
0 0.492188 0.075926 0.001042 0.009259
0 0.492188 0.076389 0.001042 0.008333
0 0.492448 0.077778 0.001563 0.005556
0 0.492188 0.075926 0.001042 0.009259
0 0.492448 0.081019 0.001563 0.004630
0 0.724740 0.095833 0.002604 0.010185
0 0.503646 0.088426 0.001042 0.010185
0 0.907552 0.082407 0.003646 0.009259
0 0.492188 0.075926 0.001042 0.009259
0 0.469531 0.104630 0.001563 0.007407
0 0.492188 0.076389 0.001042 0.008333
0 0.816406 0.140741 0.004688 0.014815
0 0.492188 0.074074 0.001042 0.009259
0 0.315885 0.801389 0.017188 0.060185
0 0.723437 0.084259 0.002083 0.009259
1 0.890365 0.102315 0.016146 0.012037
1 0.516667 0.145370 0.017708 0.014815
1 0.622396 0.087500 0.012500 0.008333
1 0.852865 0.120370 0.007812 0.011111
1 0.767448 0.093981 0.017188 0.010185