1 0.885156 0.100926 0.016146 0.011111
1 0.621094 0.086111 0.011979 0.007407
1 0.847135 0.117593 0.007812 0.011111
1 0.516146 0.142593 0.017708 0.014815
1 0.763802 0.092130 0.017188 0.010185
6 0.531250 0.199074 0.003125 0.016667
6 0.888281 0.146296 0.007812 0.009259
6 0.860677 0.135185 0.006771 0.009259
6 0.526302 0.179630 0.007812 0.009259
6 0.936198 0.162500 0.010937 0.013889
6 0.948958 0.164352 0.011458 0.013889
6 0.874479 0.140741 0.007292 0.009259
1 0.909635 0.109722 0.017188 0.010185
1 0.513281 0.079630 0.008854 0.007407
8 0.898698 0.078241 0.006771 0.008333
1 0.492188 0.099074 0.005208 0.011111
2 0.868490 0.098148 0.033854 0.029630
8 0.502083 0.080093 0.004167 0.008333
7 0.908073 0.079630 0.007812 0.007407
7 0.806510 0.124074 0.008854 0.012963
2 0.491146 0.145833 0.014583 0.047222
1 0.460938 0.265278 0.016667 0.036111
0 0.492448 0.065278 0.001563 0.008333
0 0.492188 0.068981 0.001042 0.008333
0 0.492448 0.080093 0.001563 0.004630
0 0.492188 0.078241 0.001042 0.008333
0 0.492188 0.078241 0.001042 0.008333
0 0.492188 0.075000 0.001042 0.009259
0 0.492448 0.080093 0.001563 0.004630
0 0.492188 0.078241 0.001042 0.008333
0 0.492188 0.075000 0.001042 0.009259
0 0.492188 0.078241 0.001042 0.008333
0 0.492188 0.078241 0.001042 0.008333
0 0.492188 0.077315 0.001042 0.006481
0 0.492188 0.075000 0.001042 0.009259
0 0.492188 0.075463 0.001042 0.008333
0 0.492448 0.076852 0.001563 0.005556
0 0.492188 0.075000 0.001042 0.009259
0 0.492448 0.080093 0.001563 0.004630
0 0.721615 0.094907 0.002604 0.010185
0 0.503646 0.087037 0.001042 0.009259
0 0.902344 0.081481 0.003646 0.009259
0 0.492188 0.075000 0.001042 0.009259
0 0.469531 0.103241 0.001563 0.008333
0 0.492188 0.075463 0.001042 0.008333
0 0.492188 0.073148 0.001042 0.009259
0 0.331771 0.733333 0.014583 0.057407
0 0.720312 0.083333 0.002083 0.009259
1 0.885156 0.100926 0.016146 0.011111
1 0.516146 0.142593 0.017708 0.014815
1 0.621094 0.086111 0.011979 0.007407
1 0.847135 0.117593 0.007812 0.011111
1 0.764063 0.092130 0.016667 0.010185