1 0.899219 0.105093 0.017188 0.012037
1 0.625000 0.089352 0.012500 0.008333
1 0.517187 0.150000 0.018750 0.016667
1 0.772917 0.095833 0.017708 0.010185
6 0.533594 0.213889 0.003646 0.018519
6 0.907812 0.154167 0.008333 0.010185
6 0.877604 0.141667 0.007292 0.009259
6 0.527865 0.191204 0.008854 0.010185
6 0.960938 0.172222 0.012500 0.014815
6 0.974740 0.175000 0.013021 0.014815
6 0.892969 0.148148 0.007812 0.009259
1 0.925781 0.114815 0.018229 0.011111
1 0.513802 0.082407 0.008854 0.007407
8 0.910156 0.081019 0.006771 0.008333
1 0.491927 0.101852 0.005729 0.011111
2 0.877083 0.102315 0.035417 0.030556
8 0.502083 0.082870 0.004167 0.008333
7 0.919792 0.081944 0.008333 0.008333
7 0.819792 0.130093 0.009375 0.013889
2 0.490625 0.152315 0.014583 0.049074
1 0.455990 0.298148 0.019271 0.042593
0 0.492188 0.069907 0.001042 0.008333
0 0.492188 0.071296 0.001042 0.009259
0 0.491927 0.082407 0.001563 0.005556
0 0.492188 0.081019 0.001042 0.008333
0 0.492188 0.081019 0.001042 0.008333
0 0.492188 0.077778 0.001042 0.009259
0 0.491927 0.082870 0.001563 0.004630
0 0.492188 0.081019 0.001042 0.008333
0 0.492188 0.077778 0.001042 0.009259
0 0.492188 0.081019 0.001042 0.008333
0 0.492188 0.081019 0.001042 0.008333
0 0.492188 0.080093 0.001042 0.006481
0 0.492188 0.077778 0.001042 0.009259
0 0.492188 0.077778 0.001042 0.009259
0 0.491927 0.079630 0.001563 0.005556
0 0.492188 0.077778 0.001042 0.009259
0 0.491927 0.082407 0.001563 0.005556
0 0.503646 0.090741 0.001042 0.009259
0 0.915885 0.084259 0.003646 0.009259
0 0.492188 0.077778 0.001042 0.009259
0 0.469010 0.106944 0.001563 0.008333
0 0.492188 0.077778 0.001042 0.009259
0 0.825521 0.145370 0.005208 0.014815
0 0.492188 0.075926 0.001042 0.009259
0 0.284115 0.941204 0.022396 0.065741
0 0.728125 0.086111 0.002083 0.009259
0 0.734635 0.521759 0.011979 0.032407
1 0.899219 0.105093 0.017188 0.012037
1 0.517187 0.150000 0.018750 0.016667
1 0.625000 0.089352 0.012500 0.008333
1 0.772917 0.095833 0.017708 0.010185