1 0.901302 0.105556 0.017188 0.011111
1 0.625521 0.089352 0.012500 0.008333
1 0.864062 0.124074 0.008333 0.011111
1 0.517187 0.151389 0.018750 0.015741
1 0.773958 0.096759 0.017708 0.010185
6 0.533594 0.215741 0.003646 0.018519
6 0.910677 0.155093 0.008854 0.010185
6 0.880208 0.142593 0.007292 0.009259
6 0.527865 0.193056 0.008854 0.010185
6 0.964063 0.173148 0.012500 0.014815
6 0.978125 0.175926 0.012500 0.014815
6 0.895573 0.149074 0.007812 0.009259
1 0.927865 0.115741 0.018229 0.011111
1 0.513802 0.082870 0.008854 0.008333
8 0.911719 0.081481 0.006771 0.009259
1 0.491927 0.102315 0.005729 0.010185
2 0.878125 0.103241 0.035417 0.030556
8 0.502083 0.082870 0.004167 0.008333
7 0.921354 0.082407 0.008333 0.007407
7 0.821875 0.131019 0.009375 0.013889
2 0.490365 0.153704 0.015104 0.050000
1 0.455469 0.302778 0.019271 0.042593
0 0.492969 0.069444 0.001563 0.009259
0 0.492188 0.071296 0.001042 0.009259
0 0.491927 0.083333 0.001563 0.005556
0 0.492188 0.081481 0.001042 0.009259
0 0.492188 0.081481 0.001042 0.009259
0 0.492188 0.077778 0.001042 0.009259
0 0.491927 0.083333 0.001563 0.005556
0 0.492188 0.081481 0.001042 0.009259
0 0.492188 0.077778 0.001042 0.009259
0 0.492188 0.081481 0.001042 0.009259
0 0.492188 0.081481 0.001042 0.009259
0 0.492188 0.080093 0.001042 0.006481
0 0.492188 0.077778 0.001042 0.009259
0 0.492188 0.078241 0.001042 0.008333
0 0.491927 0.079630 0.001563 0.005556
0 0.492188 0.077778 0.001042 0.009259
0 0.491927 0.083333 0.001563 0.005556
0 0.504167 0.091204 0.001042 0.010185
0 0.917448 0.084259 0.003646 0.009259
0 0.492188 0.077778 0.001042 0.009259
0 0.468750 0.107870 0.001042 0.008333
0 0.492188 0.078241 0.001042 0.008333
0 0.827344 0.146296 0.004688 0.014815
0 0.492188 0.075926 0.001042 0.009259
0 0.276302 0.971759 0.023438 0.056481
0 0.729167 0.086111 0.002083 0.009259
0 0.740365 0.533333 0.011979 0.033333
1 0.901302 0.105556 0.017188 0.011111
1 0.517187 0.151389 0.018750 0.015741
1 0.625521 0.089352 0.012500 0.008333
1 0.864062 0.124074 0.008333 0.011111
1 0.774219 0.096759 0.018229 0.010185