1 0.902865 0.106019 0.017188 0.012037
1 0.626042 0.090278 0.012500 0.008333
1 0.865885 0.125000 0.007812 0.011111
1 0.517187 0.152315 0.018750 0.015741
1 0.775260 0.096759 0.018229 0.010185
6 0.534115 0.217593 0.003646 0.018519
6 0.913542 0.156019 0.008333 0.010185
6 0.882292 0.143519 0.007292 0.009259
6 0.528385 0.194907 0.008854 0.010185
6 0.967448 0.175000 0.013021 0.014815
6 0.981510 0.177778 0.013021 0.014815
6 0.897917 0.150000 0.008333 0.009259
1 0.929948 0.116204 0.018229 0.010185
1 0.513802 0.083333 0.008854 0.007407
8 0.913281 0.081944 0.006771 0.008333
1 0.491927 0.102778 0.005729 0.011111
2 0.879427 0.103704 0.035937 0.031481
8 0.502083 0.083333 0.004167 0.007407
7 0.922917 0.082407 0.008333 0.007407
7 0.823438 0.131481 0.009375 0.012963
2 0.490365 0.154167 0.015104 0.050926
1 0.454688 0.307870 0.019792 0.043519
0 0.492969 0.069444 0.001563 0.009259
0 0.491927 0.072222 0.001563 0.009259
0 0.491927 0.083333 0.001563 0.005556
0 0.492188 0.081481 0.001042 0.009259
0 0.492188 0.081481 0.001042 0.009259
0 0.491927 0.077778 0.001563 0.009259
0 0.491927 0.083333 0.001563 0.005556
0 0.492188 0.081481 0.001042 0.009259
0 0.491927 0.077778 0.001563 0.009259
0 0.492188 0.081481 0.001042 0.009259
0 0.492188 0.081481 0.001042 0.009259
0 0.492188 0.081019 0.001042 0.006481
0 0.491927 0.077778 0.001563 0.009259
0 0.491927 0.078704 0.001563 0.009259
0 0.491927 0.080556 0.001563 0.005556
0 0.491927 0.077778 0.001563 0.009259
0 0.491927 0.083333 0.001563 0.005556
0 0.504167 0.091667 0.001042 0.009259
0 0.919010 0.085185 0.003646 0.009259
0 0.491927 0.078241 0.001563 0.008333
0 0.468490 0.108333 0.001563 0.007407
0 0.491927 0.078704 0.001563 0.009259
0 0.829427 0.147222 0.004688 0.014815
0 0.491927 0.075926 0.001563 0.009259
0 0.267969 0.990278 0.025521 0.019444
0 0.730208 0.087037 0.002083 0.009259
0 0.745833 0.544907 0.012500 0.034259
1 0.902865 0.106019 0.017188 0.012037
1 0.517187 0.152315 0.018750 0.015741
1 0.626042 0.090278 0.012500 0.008333
1 0.865885 0.125000 0.007812 0.011111
1 0.775260 0.096759 0.018229 0.010185