1 0.912500 0.108796 0.017708 0.012037
1 0.628385 0.092130 0.013021 0.008333
1 0.517969 0.157407 0.019271 0.016667
1 0.781250 0.099074 0.018750 0.011111
6 0.535677 0.228241 0.003646 0.019444
6 0.927083 0.162037 0.009375 0.011111
6 0.529427 0.203241 0.008854 0.010185
6 0.984896 0.181481 0.013542 0.014815
6 0.996354 0.184722 0.007292 0.015741
6 0.910417 0.155093 0.008333 0.010185
1 0.940885 0.119444 0.019271 0.011111
1 0.514063 0.084722 0.009375 0.008333
8 0.921094 0.083796 0.006771 0.008333
1 0.491667 0.104630 0.005208 0.011111
2 0.885156 0.106481 0.036979 0.031481
8 0.502083 0.085185 0.004167 0.007407
7 0.930729 0.084259 0.008333 0.007407
7 0.832812 0.135648 0.010417 0.013889
2 0.490104 0.158333 0.015625 0.051852
1 0.451042 0.334722 0.021875 0.049074
0 0.492708 0.070370 0.001042 0.009259
0 0.491927 0.073148 0.001563 0.009259
0 0.491927 0.085185 0.001563 0.005556
0 0.491927 0.083333 0.001563 0.009259
0 0.491927 0.083333 0.001563 0.009259
0 0.491927 0.079630 0.001563 0.009259
0 0.491927 0.085185 0.001563 0.005556
0 0.491927 0.083333 0.001563 0.009259
0 0.491927 0.079630 0.001563 0.009259
0 0.491927 0.083333 0.001563 0.009259
0 0.491927 0.083333 0.001563 0.009259
0 0.491927 0.082870 0.001563 0.006481
0 0.491927 0.079630 0.001563 0.009259
0 0.491927 0.080556 0.001563 0.009259
0 0.491927 0.082407 0.001563 0.005556
0 0.491927 0.079630 0.001563 0.009259
0 0.491927 0.085185 0.001563 0.005556
0 0.504167 0.093981 0.001042 0.010185
0 0.928125 0.087037 0.004167 0.009259
0 0.491927 0.079630 0.001563 0.009259
0 0.467969 0.110648 0.001563 0.008333
0 0.491927 0.080556 0.001563 0.009259
0 0.839583 0.152315 0.005208 0.015741
0 0.491927 0.077778 0.001563 0.009259
0 0.735677 0.088889 0.002604 0.009259
0 0.778125 0.610648 0.014583 0.036111
1 0.912500 0.108796 0.017708 0.012037
1 0.517969 0.157407 0.019271 0.016667
1 0.628385 0.092130 0.013021 0.008333
1 0.781250 0.099074 0.018750 0.011111