1 0.937500 0.116667 0.019792 0.012963
1 0.635156 0.097685 0.014062 0.008333
1 0.902604 0.138889 0.009375 0.012963
1 0.519271 0.172222 0.020833 0.018519
1 0.796875 0.105556 0.019792 0.011111
6 0.540104 0.258796 0.004167 0.021296
6 0.964583 0.177315 0.010417 0.012037
6 0.925781 0.161574 0.008854 0.010185
6 0.532812 0.227315 0.010417 0.012037
6 0.945052 0.169444 0.009896 0.011111
1 0.969792 0.128241 0.020833 0.012037
1 0.774740 0.089352 0.013021 0.008333
1 0.514323 0.089815 0.009896 0.009259
8 0.941146 0.087963 0.007292 0.009259
1 0.621875 0.091204 0.011458 0.008333
1 0.491406 0.109722 0.005729 0.012037
2 0.900260 0.114352 0.040104 0.034259
8 0.501562 0.090278 0.004167 0.008333
7 0.951042 0.089352 0.009375 0.008333
2 0.489583 0.170370 0.016667 0.055556
1 0.438802 0.422685 0.028646 0.069444
0 0.495573 0.074074 0.001563 0.009259
0 0.491406 0.077778 0.001563 0.009259
0 0.491406 0.089815 0.001563 0.005556
0 0.491406 0.087963 0.001563 0.009259
0 0.491406 0.087963 0.001563 0.009259
0 0.491406 0.084259 0.001563 0.009259
0 0.491406 0.090278 0.001563 0.006481
0 0.491406 0.087963 0.001563 0.009259
0 0.491406 0.084259 0.001563 0.009259
0 0.491406 0.087963 0.001563 0.009259
0 0.491406 0.087963 0.001563 0.009259
0 0.491406 0.087037 0.001563 0.007407
0 0.491406 0.084259 0.001563 0.009259
0 0.491406 0.084722 0.001563 0.010185
0 0.491406 0.086574 0.001563 0.006481
0 0.491406 0.084259 0.001563 0.009259
0 0.491406 0.089815 0.001563 0.005556
0 0.504167 0.100000 0.001042 0.011111
0 0.951302 0.091667 0.003646 0.009259
0 0.491406 0.084259 0.001563 0.009259
0 0.466927 0.117593 0.001563 0.009259
0 0.491406 0.084722 0.001563 0.010185
0 0.491406 0.082407 0.001563 0.009259
0 0.749219 0.093981 0.002604 0.010185
0 0.900521 0.861111 0.026042 0.048148
1 0.937500 0.116667 0.019792 0.012963
1 0.519271 0.172222 0.020833 0.018519
1 0.635156 0.097685 0.014062 0.008333
1 0.902604 0.138889 0.009375 0.012963
1 0.796875 0.105556 0.019792 0.011111