1 0.928906 0.113889 0.019271 0.012963
1 0.632812 0.095833 0.013542 0.008333
1 0.893490 0.135185 0.008854 0.012963
1 0.519010 0.167130 0.020312 0.017593
1 0.791406 0.103704 0.019271 0.011111
6 0.538542 0.247685 0.004167 0.021296
6 0.951302 0.172222 0.009896 0.011111
6 0.914583 0.156944 0.008333 0.010185
6 0.531510 0.218981 0.009896 0.012037
6 0.933073 0.164815 0.008854 0.011111
1 0.959635 0.125000 0.020312 0.011111
1 0.514323 0.088426 0.009896 0.008333
8 0.934375 0.087037 0.007292 0.009259
1 0.491406 0.107870 0.005729 0.012037
2 0.895052 0.112037 0.039062 0.033333
8 0.501823 0.088426 0.004688 0.008333
7 0.944271 0.087500 0.009375 0.008333
7 0.848698 0.143056 0.010937 0.013889
2 0.489844 0.166204 0.016146 0.054630
1 0.443750 0.388889 0.026042 0.061111
0 0.495573 0.074074 0.001563 0.009259
0 0.491667 0.075926 0.001042 0.009259
0 0.491667 0.088426 0.002083 0.006481
0 0.491667 0.086574 0.001042 0.010185
0 0.491667 0.086574 0.001042 0.010185
0 0.491667 0.082870 0.001042 0.010185
0 0.491667 0.088426 0.002083 0.006481
0 0.491667 0.086574 0.001042 0.010185
0 0.491667 0.082870 0.001042 0.010185
0 0.491667 0.086574 0.001042 0.010185
0 0.491667 0.086574 0.001042 0.010185
0 0.491667 0.085648 0.001042 0.006481
0 0.491667 0.082870 0.001042 0.010185
0 0.491667 0.083333 0.001042 0.009259
0 0.491667 0.085185 0.002083 0.005556
0 0.491667 0.082870 0.001042 0.010185
0 0.491667 0.088426 0.002083 0.006481
0 0.504167 0.097685 0.001042 0.010185
0 0.943490 0.089815 0.003646 0.009259
0 0.491667 0.082870 0.001042 0.010185
0 0.466927 0.115278 0.001563 0.008333
0 0.491667 0.083333 0.001042 0.009259
0 0.857031 0.160648 0.005729 0.015741
0 0.491667 0.080556 0.001042 0.009259
0 0.744792 0.092130 0.002083 0.010185
0 0.850521 0.758796 0.020833 0.043519
1 0.928906 0.113889 0.019271 0.012963
1 0.519010 0.167130 0.020312 0.017593
1 0.632812 0.095833 0.013542 0.008333
1 0.893490 0.135185 0.008854 0.012963
1 0.791927 0.103704 0.019271 0.011111