1 0.920573 0.111111 0.018229 0.012963
1 0.630729 0.093981 0.013542 0.008333
1 0.518229 0.162500 0.019792 0.017593
1 0.786458 0.101389 0.018750 0.010185
6 0.536979 0.237963 0.004167 0.020370
6 0.939062 0.166667 0.009375 0.011111
6 0.530469 0.210648 0.009896 0.012037
6 0.996354 0.187500 0.007292 0.015741
6 0.921615 0.159722 0.008854 0.010185
1 0.950000 0.122222 0.019792 0.011111
1 0.514323 0.086574 0.009896 0.008333
8 0.927604 0.085185 0.007292 0.009259
1 0.491667 0.106019 0.005208 0.012037
2 0.889844 0.108796 0.038021 0.032407
8 0.501823 0.086574 0.004688 0.008333
7 0.937240 0.086111 0.008854 0.007407
7 0.840625 0.139352 0.010417 0.013889
2 0.489844 0.162500 0.016146 0.052778
1 0.447656 0.359722 0.023438 0.054630
0 0.492708 0.072222 0.001042 0.009259
0 0.491667 0.075000 0.001042 0.009259
0 0.491927 0.087037 0.001563 0.005556
0 0.491667 0.085185 0.001042 0.009259
0 0.491667 0.085185 0.001042 0.009259
0 0.491667 0.081481 0.001042 0.009259
0 0.491927 0.087037 0.001563 0.005556
0 0.491667 0.085185 0.001042 0.009259
0 0.491667 0.081481 0.001042 0.009259
0 0.491667 0.085185 0.001042 0.009259
0 0.491667 0.085185 0.001042 0.009259
0 0.491667 0.083796 0.001042 0.006481
0 0.491667 0.081481 0.001042 0.009259
0 0.491667 0.081481 0.001042 0.009259
0 0.491927 0.083333 0.001563 0.005556
0 0.491667 0.081481 0.001042 0.009259
0 0.491927 0.087037 0.001563 0.005556
0 0.504167 0.095833 0.001042 0.010185
0 0.935677 0.088426 0.003646 0.010185
0 0.491667 0.081481 0.001042 0.009259
0 0.467448 0.113426 0.001563 0.008333
0 0.491667 0.081481 0.001042 0.009259
0 0.847917 0.156019 0.005208 0.015741
0 0.491667 0.079630 0.001042 0.009259
0 0.740104 0.090278 0.002083 0.010185
0 0.810417 0.676389 0.017708 0.039815
1 0.920573 0.111111 0.018229 0.012963
1 0.518229 0.162500 0.019792 0.017593
1 0.630729 0.093981 0.013542 0.008333
1 0.786458 0.101389 0.018750 0.010185