1 0.926823 0.112963 0.019271 0.012963
1 0.632292 0.095370 0.013542 0.009259
1 0.890885 0.134259 0.008854 0.012963
1 0.518490 0.166204 0.020312 0.017593
1 0.790365 0.102778 0.019271 0.011111
6 0.538021 0.245370 0.004167 0.020370
6 0.948177 0.170370 0.009896 0.011111
6 0.911979 0.156019 0.008333 0.010185
6 0.531510 0.216667 0.009896 0.011111
1 0.957292 0.124537 0.019792 0.012037
1 0.514323 0.087500 0.009896 0.008333
8 0.932292 0.086111 0.007292 0.009259
1 0.491406 0.107407 0.005729 0.011111
2 0.893750 0.111111 0.038542 0.033333
8 0.501823 0.087963 0.004688 0.009259
7 0.942448 0.087037 0.008854 0.007407
7 0.846615 0.142130 0.010937 0.013889
2 0.489844 0.165278 0.016146 0.054630
1 0.444531 0.381481 0.025521 0.059259
0 0.492708 0.074074 0.001042 0.009259
0 0.491667 0.075926 0.001042 0.009259
0 0.491667 0.087963 0.002083 0.005556
0 0.491667 0.086111 0.001042 0.009259
0 0.491667 0.086111 0.001042 0.009259
0 0.491667 0.082407 0.001042 0.009259
0 0.491667 0.087963 0.002083 0.005556
0 0.491667 0.086111 0.001042 0.009259
0 0.491667 0.082407 0.001042 0.009259
0 0.491667 0.086111 0.001042 0.009259
0 0.491667 0.086111 0.001042 0.009259
0 0.491667 0.085185 0.001042 0.007407
0 0.491667 0.082407 0.001042 0.009259
0 0.491667 0.082870 0.001042 0.010185
0 0.491667 0.084722 0.002083 0.006481
0 0.491667 0.082407 0.001042 0.009259
0 0.491667 0.087963 0.002083 0.005556
0 0.504167 0.097222 0.001042 0.011111
0 0.941406 0.089352 0.003646 0.010185
0 0.491667 0.082407 0.001042 0.009259
0 0.467448 0.114352 0.001563 0.008333
0 0.491667 0.082870 0.001042 0.010185
0 0.854948 0.159722 0.005729 0.015741
0 0.491667 0.080556 0.001042 0.009259
0 0.743490 0.092130 0.002604 0.010185
0 0.839583 0.736111 0.019792 0.042593
1 0.926823 0.112963 0.019271 0.012963
1 0.518490 0.166204 0.020312 0.017593
1 0.632292 0.095370 0.013542 0.009259
1 0.890885 0.134259 0.008854 0.012963
1 0.790365 0.102778 0.019271 0.011111