1 0.935417 0.115741 0.019792 0.012963
1 0.634635 0.097222 0.014062 0.009259
1 0.900260 0.137963 0.008854 0.012963
1 0.519271 0.171296 0.020833 0.018519
1 0.795573 0.105093 0.019271 0.012037
6 0.539583 0.256019 0.004167 0.021296
6 0.961198 0.175926 0.009896 0.011111
6 0.922656 0.160648 0.008854 0.010185
6 0.532552 0.225000 0.009896 0.012963
6 0.941927 0.168519 0.009896 0.011111
1 0.967188 0.127315 0.020833 0.012037
1 0.773698 0.088889 0.013021 0.009259
1 0.514323 0.089352 0.009896 0.008333
8 0.939062 0.087963 0.007292 0.009259
1 0.620573 0.091204 0.010937 0.008333
1 0.491406 0.108796 0.005729 0.012037
2 0.898958 0.113889 0.039583 0.033333
8 0.501562 0.089352 0.004167 0.008333
7 0.949479 0.088426 0.009375 0.008333
2 0.489583 0.169444 0.016667 0.055556
1 0.440104 0.413889 0.028125 0.066667
0 0.495573 0.074074 0.001563 0.009259
0 0.491406 0.077315 0.001563 0.010185
0 0.491406 0.089815 0.001563 0.005556
0 0.491667 0.087500 0.001042 0.010185
0 0.491667 0.087500 0.001042 0.010185
0 0.491406 0.083796 0.001563 0.010185
0 0.491406 0.089815 0.001563 0.005556
0 0.491667 0.087500 0.001042 0.010185
0 0.491406 0.083796 0.001563 0.010185
0 0.491667 0.087500 0.001042 0.010185
0 0.491667 0.087500 0.001042 0.010185
0 0.491667 0.086574 0.001042 0.006481
0 0.491406 0.083796 0.001563 0.010185
0 0.491406 0.084259 0.001563 0.009259
0 0.491406 0.086111 0.001563 0.005556
0 0.491406 0.083796 0.001563 0.010185
0 0.491406 0.089815 0.001563 0.005556
0 0.504167 0.099074 0.001042 0.011111
0 0.949479 0.091204 0.004167 0.010185
0 0.491406 0.083796 0.001563 0.010185
0 0.466927 0.117130 0.001563 0.008333
0 0.491406 0.084259 0.001563 0.009259
0 0.491406 0.081944 0.001563 0.010185
0 0.748177 0.093981 0.002604 0.010185
0 0.886719 0.832870 0.024479 0.047222
1 0.935417 0.115741 0.019792 0.012963
1 0.519271 0.171296 0.020833 0.018519
1 0.634635 0.097222 0.014062 0.009259
1 0.900260 0.137963 0.008854 0.012963
1 0.795833 0.105093 0.019792 0.012037