1 0.941927 0.117593 0.020312 0.012963
1 0.636458 0.099074 0.013542 0.009259
1 0.907292 0.140741 0.009375 0.012963
1 0.519531 0.175000 0.021354 0.018519
1 0.799740 0.106944 0.020312 0.012037
6 0.540885 0.264815 0.004688 0.022222
6 0.971354 0.180093 0.010417 0.012037
6 0.931510 0.163889 0.008854 0.011111
6 0.533333 0.231481 0.010417 0.012963
6 0.951302 0.172222 0.009896 0.011111
1 0.975000 0.130093 0.020833 0.012037
1 0.776823 0.089815 0.013021 0.009259
1 0.514323 0.090278 0.009896 0.008333
8 0.944531 0.088889 0.007812 0.009259
1 0.491406 0.110648 0.005729 0.012037
2 0.903125 0.115741 0.040625 0.035185
8 0.501562 0.090741 0.004167 0.009259
7 0.954687 0.089815 0.009375 0.007407
2 0.489323 0.172685 0.017188 0.056481
1 0.436458 0.441667 0.030208 0.074074
0 0.495573 0.074537 0.001563 0.010185
0 0.491406 0.078241 0.001563 0.010185
0 0.491406 0.090741 0.001563 0.005556
0 0.491406 0.088889 0.001563 0.009259
0 0.491406 0.088889 0.001563 0.009259
0 0.491406 0.085185 0.001563 0.009259
0 0.491406 0.090741 0.001563 0.005556
0 0.491406 0.088889 0.001563 0.009259
0 0.491406 0.085185 0.001563 0.009259
0 0.491406 0.088889 0.001563 0.009259
0 0.491406 0.088889 0.001563 0.009259
0 0.491406 0.087963 0.001563 0.007407
0 0.491406 0.085185 0.001563 0.009259
0 0.491406 0.085648 0.001563 0.010185
0 0.491406 0.087500 0.001563 0.006481
0 0.491406 0.085185 0.001563 0.009259
0 0.491406 0.090741 0.001563 0.005556
0 0.814583 0.087037 0.003125 0.009259
0 0.504167 0.100926 0.001042 0.011111
0 0.955208 0.092130 0.004167 0.010185
0 0.491406 0.085185 0.001563 0.009259
0 0.466406 0.118981 0.001563 0.008333
0 0.491406 0.085648 0.001563 0.010185
0 0.871354 0.167593 0.006250 0.016667
0 0.491406 0.082870 0.001563 0.010185
0 0.751823 0.094907 0.002604 0.010185
0 0.931250 0.923148 0.029167 0.051852
1 0.941927 0.117593 0.020312 0.012963
1 0.519531 0.175000 0.021354 0.018519
1 0.636458 0.099074 0.013542 0.009259
1 0.907292 0.140741 0.009375 0.012963
1 0.800000 0.106944 0.019792 0.012037