1 0.960677 0.123611 0.021354 0.013889
1 0.641146 0.102778 0.014583 0.009259
1 0.927604 0.148611 0.010417 0.013889
1 0.520833 0.186574 0.022917 0.021296
1 0.811458 0.111574 0.020833 0.012037
6 0.544792 0.290278 0.005208 0.025000
6 0.955990 0.174074 0.009896 0.011111
6 0.535937 0.251389 0.011458 0.013889
6 0.978385 0.182870 0.010937 0.012037
1 0.785937 0.093519 0.013542 0.009259
1 0.514583 0.093981 0.010417 0.008333
8 0.959115 0.092593 0.007812 0.009259
1 0.633073 0.095833 0.011979 0.008333
1 0.490885 0.113889 0.005729 0.012963
2 0.914583 0.121759 0.042708 0.036111
8 0.501562 0.094444 0.004167 0.009259
7 0.969531 0.093056 0.009896 0.008333
2 0.488542 0.181481 0.017708 0.059259
1 0.422917 0.538426 0.038542 0.099074
0 0.495573 0.078241 0.001563 0.010185
0 0.491146 0.081019 0.001042 0.010185
0 0.491146 0.093981 0.002083 0.006481
0 0.491146 0.092130 0.001042 0.010185
0 0.491146 0.092130 0.001042 0.010185
0 0.491146 0.088426 0.001042 0.010185
0 0.491146 0.094444 0.002083 0.005556
0 0.491146 0.092130 0.001042 0.010185
0 0.491146 0.088426 0.001042 0.010185
0 0.491146 0.092130 0.001042 0.010185
0 0.491146 0.092130 0.001042 0.010185
0 0.491146 0.091204 0.001042 0.006481
0 0.491146 0.088426 0.001042 0.010185
0 0.491146 0.088426 0.001042 0.010185
0 0.491146 0.090741 0.002083 0.005556
0 0.491146 0.088426 0.001042 0.010185
0 0.491146 0.093981 0.002083 0.006481
0 0.504687 0.105556 0.001042 0.011111
0 0.972135 0.095833 0.004688 0.010185
0 0.491146 0.088426 0.001042 0.010185
0 0.465365 0.124074 0.001563 0.009259
0 0.491146 0.088426 0.001042 0.010185
0 0.892448 0.178241 0.006771 0.017593
0 0.491146 0.086574 0.001042 0.010185
0 0.761979 0.099074 0.003125 0.011111
1 0.960677 0.123611 0.021354 0.013889
1 0.520833 0.186574 0.022917 0.021296
1 0.641146 0.102778 0.014583 0.009259
1 0.927604 0.148611 0.010417 0.013889
1 0.811458 0.111574 0.020833 0.012037