1 0.946615 0.118981 0.020312 0.013889
1 0.637760 0.100000 0.014062 0.009259
1 0.912240 0.142593 0.009896 0.012963
1 0.520052 0.177778 0.021354 0.018519
1 0.802604 0.107870 0.019792 0.012037
6 0.541927 0.270833 0.004688 0.023148
6 0.978385 0.182870 0.010937 0.012037
6 0.937500 0.166667 0.009375 0.011111
6 0.534115 0.236111 0.010937 0.012963
1 0.980208 0.131019 0.021875 0.012037
1 0.779167 0.090741 0.013542 0.009259
1 0.514323 0.091204 0.009896 0.008333
8 0.947917 0.089815 0.007292 0.009259
1 0.626042 0.093056 0.011458 0.008333
1 0.491406 0.111574 0.005729 0.012037
2 0.905990 0.117130 0.041146 0.034259
8 0.501562 0.091667 0.004167 0.009259
7 0.958333 0.090278 0.009375 0.008333
2 0.489062 0.175000 0.016667 0.057407
1 0.433333 0.462500 0.032292 0.078704
0 0.495573 0.075463 0.001563 0.010185
0 0.491406 0.079167 0.001563 0.010185
0 0.491406 0.091667 0.001563 0.005556
0 0.491406 0.089815 0.001563 0.009259
0 0.491406 0.089815 0.001563 0.009259
0 0.491406 0.085648 0.001563 0.010185
0 0.491406 0.091667 0.001563 0.005556
0 0.491406 0.089815 0.001563 0.009259
0 0.491406 0.085648 0.001563 0.010185
0 0.491406 0.089815 0.001563 0.009259
0 0.491406 0.089815 0.001563 0.009259
0 0.491406 0.088889 0.001563 0.007407
0 0.491406 0.085648 0.001563 0.010185
0 0.491406 0.086574 0.001563 0.010185
0 0.491406 0.087963 0.001563 0.005556
0 0.491406 0.085648 0.001563 0.010185
0 0.491406 0.091667 0.001563 0.005556
0 0.504167 0.101852 0.001042 0.011111
0 0.959375 0.093056 0.004167 0.010185
0 0.491406 0.085648 0.001563 0.010185
0 0.466406 0.120370 0.001563 0.009259
0 0.491406 0.086574 0.001563 0.010185
0 0.876562 0.170370 0.006250 0.016667
0 0.491406 0.083796 0.001563 0.010185
0 0.754427 0.095833 0.002604 0.010185
0 0.966406 0.983796 0.032812 0.032407
1 0.946615 0.118981 0.020312 0.013889
1 0.520052 0.177778 0.021354 0.018519
1 0.637760 0.100000 0.014062 0.009259
1 0.912240 0.142593 0.009896 0.012963
1 0.802865 0.107870 0.020312 0.012037