1 0.958333 0.122685 0.021875 0.013889
1 0.640625 0.102315 0.014583 0.010185
1 0.925000 0.147222 0.010417 0.012963
1 0.520573 0.185185 0.022396 0.020370
1 0.809896 0.110648 0.020833 0.012037
6 0.544271 0.286574 0.005208 0.025000
6 0.995573 0.190741 0.008854 0.012963
6 0.952865 0.172685 0.009896 0.012037
6 0.535677 0.248611 0.010937 0.013889
6 0.974740 0.181944 0.010937 0.012037
1 0.991406 0.135185 0.017188 0.012963
1 0.784896 0.092593 0.013542 0.009259
1 0.514583 0.093519 0.010417 0.009259
8 0.957031 0.091667 0.007812 0.009259
1 0.632031 0.095370 0.011979 0.009259
1 0.490885 0.113426 0.005729 0.012037
2 0.913021 0.120833 0.042708 0.036111
8 0.501562 0.093519 0.004167 0.009259
7 0.967708 0.093056 0.009375 0.008333
2 0.488542 0.180556 0.017708 0.059259
1 0.424740 0.524074 0.036979 0.094444
0 0.495573 0.080093 0.001563 0.010185
0 0.491146 0.081019 0.001042 0.010185
0 0.491146 0.093981 0.002083 0.006481
0 0.491146 0.092130 0.001042 0.010185
0 0.491146 0.092130 0.001042 0.010185
0 0.491146 0.087500 0.001042 0.010185
0 0.491146 0.093981 0.002083 0.006481
0 0.491146 0.092130 0.001042 0.010185
0 0.491146 0.087963 0.001042 0.009259
0 0.491146 0.092130 0.001042 0.010185
0 0.491146 0.092130 0.001042 0.010185
0 0.491146 0.090741 0.001042 0.007407
0 0.491146 0.087963 0.001042 0.009259
0 0.491146 0.088426 0.001042 0.010185
0 0.491146 0.090278 0.002083 0.006481
0 0.491146 0.087963 0.001042 0.009259
0 0.491146 0.093981 0.002083 0.006481
0 0.504427 0.104630 0.001563 0.011111
0 0.970052 0.095833 0.004688 0.010185
0 0.491146 0.087963 0.001042 0.009259
0 0.465365 0.123148 0.001563 0.009259
0 0.491146 0.088426 0.001042 0.010185
0 0.889844 0.176389 0.006771 0.017593
0 0.491146 0.085648 0.001042 0.010185
0 0.760677 0.098611 0.002604 0.010185
1 0.958333 0.122685 0.021875 0.013889
1 0.520573 0.185185 0.022396 0.020370
1 0.640625 0.102315 0.014583 0.010185
1 0.925000 0.147222 0.010417 0.012963
1 0.809896 0.110648 0.020833 0.012037