1 0.944010 0.118519 0.020312 0.012963
1 0.636979 0.099074 0.013542 0.009259
1 0.909896 0.141667 0.009375 0.012963
1 0.519792 0.176389 0.021875 0.019444
1 0.801302 0.107407 0.020312 0.011111
6 0.541406 0.267593 0.004688 0.022222
6 0.974740 0.181944 0.010937 0.012037
6 0.934375 0.165278 0.009375 0.010185
6 0.533854 0.233796 0.010417 0.012037
6 0.954427 0.173148 0.009896 0.011111
1 0.977344 0.130556 0.021354 0.012963
1 0.778125 0.090278 0.013542 0.008333
1 0.514323 0.091204 0.009896 0.008333
8 0.946354 0.089815 0.007292 0.009259
1 0.491406 0.110648 0.005729 0.012037
2 0.904427 0.116204 0.041146 0.034259
8 0.501562 0.091204 0.004167 0.008333
7 0.956771 0.090278 0.009375 0.008333
2 0.489323 0.173611 0.017188 0.056481
1 0.434896 0.451852 0.031250 0.075926
0 0.495573 0.075463 0.001563 0.010185
0 0.491406 0.078704 0.001563 0.009259
0 0.491406 0.091204 0.001563 0.006481
0 0.491406 0.089352 0.001563 0.010185
0 0.491406 0.089352 0.001563 0.010185
0 0.491406 0.085648 0.001563 0.010185
0 0.491406 0.091204 0.001563 0.006481
0 0.491406 0.089352 0.001563 0.010185
0 0.491406 0.085648 0.001563 0.010185
0 0.491406 0.089352 0.001563 0.010185
0 0.491406 0.089352 0.001563 0.010185
0 0.491406 0.088426 0.001563 0.006481
0 0.491406 0.085648 0.001563 0.010185
0 0.491406 0.086111 0.001563 0.009259
0 0.491406 0.087963 0.001563 0.005556
0 0.491406 0.085648 0.001563 0.010185
0 0.491406 0.091204 0.001563 0.006481
0 0.504167 0.101389 0.001042 0.010185
0 0.957292 0.093056 0.004167 0.010185
0 0.491406 0.085648 0.001563 0.010185
0 0.466406 0.119444 0.001563 0.009259
0 0.491406 0.085648 0.001563 0.010185
0 0.873958 0.168981 0.006250 0.017593
0 0.491406 0.083333 0.001563 0.009259
0 0.753125 0.095833 0.003125 0.010185
0 0.947917 0.957870 0.031250 0.052778
1 0.944010 0.118519 0.020312 0.012963
1 0.519792 0.176389 0.021875 0.019444
1 0.636979 0.099074 0.013542 0.009259
1 0.909896 0.141667 0.009375 0.012963
1 0.801302 0.107407 0.020312 0.011111