1 0.951042 0.120370 0.020833 0.012963
1 0.638802 0.100926 0.014062 0.009259
1 0.917448 0.144444 0.009896 0.012963
1 0.520312 0.180556 0.021875 0.020370
1 0.805469 0.108796 0.020312 0.012037
6 0.542969 0.276852 0.004688 0.024074
6 0.985937 0.186111 0.011458 0.012963
6 0.943490 0.168519 0.009896 0.011111
6 0.534635 0.241204 0.010937 0.012037
6 0.964583 0.177315 0.010417 0.012037
1 0.985937 0.132870 0.021875 0.012037
1 0.781510 0.091667 0.013021 0.009259
1 0.514323 0.092130 0.009896 0.008333
8 0.951563 0.090741 0.007292 0.009259
1 0.628646 0.093981 0.011458 0.008333
1 0.491146 0.112500 0.006250 0.012037
2 0.908854 0.118519 0.041667 0.035185
8 0.501562 0.092593 0.004167 0.009259
7 0.961979 0.091204 0.009375 0.008333
2 0.488802 0.177315 0.017188 0.058333
1 0.430208 0.485648 0.034375 0.084259
0 0.495573 0.077315 0.001563 0.010185
0 0.491406 0.080093 0.001563 0.010185
0 0.491406 0.092593 0.001563 0.005556
0 0.491406 0.090278 0.001563 0.010185
0 0.491406 0.090278 0.001563 0.010185
0 0.491406 0.086574 0.001563 0.010185
0 0.491406 0.092593 0.001563 0.005556
0 0.491406 0.090278 0.001563 0.010185
0 0.491406 0.086574 0.001563 0.010185
0 0.491406 0.090278 0.001563 0.010185
0 0.491406 0.090278 0.001563 0.010185
0 0.491406 0.089815 0.001563 0.007407
0 0.491406 0.086574 0.001563 0.010185
0 0.491406 0.087500 0.001563 0.010185
0 0.491406 0.088889 0.001563 0.005556
0 0.491406 0.086574 0.001563 0.010185
0 0.491406 0.092593 0.001563 0.005556
0 0.504427 0.102778 0.001563 0.011111
0 0.963542 0.093981 0.004167 0.010185
0 0.491406 0.086574 0.001563 0.010185
0 0.465885 0.121296 0.001563 0.009259
0 0.491406 0.087037 0.001563 0.009259
0 0.881771 0.172685 0.006250 0.017593
0 0.491406 0.084722 0.001563 0.010185
0 0.756771 0.097222 0.003125 0.011111
1 0.951042 0.120370 0.020833 0.012963
1 0.520312 0.180556 0.021875 0.020370
1 0.638802 0.100926 0.014062 0.009259
1 0.917448 0.144444 0.009896 0.012963
1 0.805469 0.108796 0.020312 0.012037