1 0.939844 0.117130 0.020312 0.013889
1 0.635677 0.098148 0.014062 0.009259
1 0.905208 0.139815 0.009375 0.012963
1 0.519531 0.173611 0.021354 0.019444
1 0.798437 0.106481 0.019792 0.011111
6 0.540625 0.262037 0.004167 0.022222
6 0.967969 0.178704 0.010937 0.011111
6 0.928646 0.162963 0.009375 0.011111
6 0.533073 0.229167 0.009896 0.012037
6 0.948177 0.170833 0.009896 0.012037
1 0.972396 0.129167 0.020833 0.012037
1 0.514323 0.090278 0.009896 0.008333
8 0.942708 0.088889 0.007292 0.009259
1 0.622917 0.091667 0.011458 0.009259
1 0.491406 0.109722 0.005729 0.012037
2 0.901823 0.115278 0.040104 0.034259
8 0.501562 0.090278 0.004167 0.008333
7 0.953125 0.089352 0.009375 0.008333
2 0.489323 0.171759 0.017188 0.056481
1 0.437760 0.431944 0.029687 0.071296
0 0.495573 0.074537 0.001563 0.010185
0 0.491406 0.078241 0.001563 0.010185
0 0.491406 0.090278 0.001563 0.006481
0 0.491406 0.088426 0.001563 0.010185
0 0.491406 0.088426 0.001563 0.010185
0 0.491406 0.084722 0.001563 0.010185
0 0.491406 0.090741 0.001563 0.005556
0 0.491406 0.088426 0.001563 0.010185
0 0.491406 0.084722 0.001563 0.010185
0 0.491406 0.088426 0.001563 0.010185
0 0.491406 0.088426 0.001563 0.010185
0 0.491406 0.087500 0.001563 0.006481
0 0.491406 0.084722 0.001563 0.010185
0 0.491406 0.085185 0.001563 0.009259
0 0.491406 0.087037 0.001563 0.005556
0 0.491406 0.084722 0.001563 0.010185
0 0.491406 0.090278 0.001563 0.006481
0 0.504167 0.100463 0.001042 0.010185
0 0.953125 0.092130 0.004167 0.010185
0 0.491406 0.084722 0.001563 0.010185
0 0.466406 0.118056 0.001563 0.008333
0 0.491406 0.085185 0.001563 0.009259
0 0.869010 0.166667 0.005729 0.016667
0 0.491406 0.082870 0.001563 0.010185
0 0.750781 0.094907 0.002604 0.010185
0 0.915365 0.890741 0.027604 0.050000
1 0.939844 0.117130 0.020312 0.013889
1 0.519531 0.173611 0.021354 0.019444
1 0.635677 0.098148 0.014062 0.009259
1 0.905208 0.139815 0.009375 0.012963
1 0.798437 0.106481 0.019792 0.011111