1 0.955990 0.121759 0.021354 0.013889
1 0.640104 0.101852 0.014583 0.009259
1 0.922396 0.146296 0.010417 0.012963
1 0.520573 0.183333 0.022396 0.020370
1 0.808333 0.110648 0.020833 0.012037
6 0.543750 0.283333 0.005208 0.024074
6 0.993229 0.189352 0.011458 0.012037
6 0.949740 0.171296 0.009896 0.011111
6 0.535417 0.246296 0.011458 0.012963
6 0.971354 0.180093 0.010417 0.012037
1 0.990104 0.134722 0.019792 0.012037
1 0.514583 0.093056 0.010417 0.008333
8 0.955469 0.091667 0.007812 0.009259
1 0.630729 0.094907 0.011458 0.008333
1 0.490885 0.113426 0.005729 0.012037
2 0.911719 0.120370 0.042188 0.035185
8 0.501562 0.093519 0.004167 0.009259
7 0.965885 0.092130 0.009896 0.008333
2 0.488802 0.179167 0.017188 0.058333
1 0.426562 0.511111 0.036458 0.090741
0 0.495573 0.079167 0.001563 0.010185
0 0.491146 0.080556 0.001042 0.009259
0 0.491146 0.093519 0.002083 0.005556
0 0.491406 0.091204 0.001563 0.010185
0 0.491406 0.091204 0.001563 0.010185
0 0.491146 0.087500 0.001042 0.010185
0 0.491146 0.093519 0.002083 0.005556
0 0.491406 0.091204 0.001563 0.010185
0 0.491146 0.087500 0.001042 0.010185
0 0.491406 0.091204 0.001563 0.010185
0 0.491406 0.091204 0.001563 0.010185
0 0.491146 0.090278 0.001042 0.006481
0 0.491146 0.087500 0.001042 0.010185
0 0.491146 0.087963 0.001042 0.009259
0 0.491146 0.089815 0.002083 0.005556
0 0.491146 0.087500 0.001042 0.010185
0 0.491146 0.093519 0.002083 0.005556
0 0.504427 0.103704 0.001563 0.011111
0 0.967708 0.094907 0.004167 0.010185
0 0.491146 0.087500 0.001042 0.010185
0 0.465625 0.122685 0.002083 0.008333
0 0.491146 0.087963 0.001042 0.009259
0 0.887240 0.175463 0.006771 0.017593
0 0.491146 0.085648 0.001042 0.010185
0 0.759375 0.098148 0.003125 0.011111
1 0.955990 0.121759 0.021354 0.013889
1 0.520573 0.183333 0.022396 0.020370
1 0.640104 0.101852 0.014583 0.009259
1 0.922396 0.146296 0.010417 0.012963
1 0.808333 0.110648 0.020833 0.012037