1 0.963281 0.123611 0.021354 0.013889
1 0.642187 0.103241 0.014583 0.010185
1 0.930729 0.149537 0.010417 0.013889
1 0.521094 0.187963 0.022396 0.020370
1 0.813021 0.112037 0.020833 0.012963
6 0.545313 0.293981 0.005208 0.025000
6 0.536458 0.254167 0.011458 0.013889
6 0.982031 0.184722 0.010937 0.012037
1 0.787500 0.093519 0.013542 0.009259
1 0.514583 0.094444 0.010417 0.009259
8 0.960677 0.092593 0.007812 0.009259
1 0.634375 0.096296 0.011458 0.009259
1 0.490885 0.114352 0.005729 0.012037
2 0.916146 0.122685 0.042708 0.036111
8 0.501302 0.094444 0.004688 0.009259
7 0.971615 0.093981 0.009896 0.008333
2 0.488542 0.182870 0.017708 0.060185
1 0.420573 0.554167 0.040104 0.102778
0 0.495573 0.078241 0.001563 0.010185
0 0.491146 0.081944 0.001042 0.010185
0 0.491146 0.094907 0.002083 0.006481
0 0.491146 0.093056 0.001042 0.010185
0 0.491146 0.093056 0.001042 0.010185
0 0.491146 0.088426 0.001042 0.010185
0 0.491146 0.094907 0.002083 0.006481
0 0.491146 0.093056 0.001042 0.010185
0 0.491146 0.088426 0.001042 0.010185
0 0.491146 0.093056 0.001042 0.010185
0 0.491146 0.093056 0.001042 0.010185
0 0.491146 0.091667 0.001042 0.007407
0 0.491146 0.088426 0.001042 0.010185
0 0.491146 0.089352 0.001042 0.010185
0 0.491146 0.091204 0.002083 0.006481
0 0.491146 0.088426 0.001042 0.010185
0 0.491146 0.094907 0.002083 0.006481
0 0.504687 0.105556 0.001042 0.011111
0 0.974479 0.096759 0.004167 0.010185
0 0.491146 0.088426 0.001042 0.010185
0 0.465365 0.125000 0.001563 0.009259
0 0.491146 0.089352 0.001042 0.010185
0 0.491146 0.086574 0.001042 0.010185
0 0.763281 0.099537 0.002604 0.010185
1 0.963281 0.123611 0.021354 0.013889
1 0.521094 0.187963 0.022396 0.020370
1 0.642187 0.103241 0.014583 0.010185
1 0.930729 0.149537 0.010417 0.013889
1 0.813021 0.112037 0.020833 0.012963