1 0.966146 0.124537 0.021875 0.013889
1 0.642708 0.103704 0.014583 0.009259
1 0.933594 0.150463 0.010937 0.013889
1 0.521354 0.189815 0.022917 0.020370
1 0.814844 0.112500 0.021354 0.012037
6 0.545833 0.298148 0.005208 0.025926
6 0.536979 0.256944 0.011458 0.013889
6 0.986198 0.186574 0.010937 0.012037
1 0.788542 0.094444 0.013542 0.009259
1 0.514583 0.094907 0.010417 0.008333
1 0.635677 0.096759 0.011979 0.008333
1 0.490885 0.114815 0.005729 0.012963
2 0.917969 0.123148 0.043229 0.037037
8 0.501302 0.095370 0.004688 0.009259
7 0.973698 0.093981 0.009896 0.008333
2 0.488281 0.184259 0.018229 0.061111
1 0.418229 0.571759 0.041667 0.108333
0 0.495573 0.078241 0.001563 0.010185
0 0.490885 0.081944 0.001563 0.010185
0 0.491146 0.094907 0.002083 0.006481
0 0.491146 0.093056 0.001042 0.010185
0 0.491146 0.093056 0.001042 0.010185
0 0.491146 0.089352 0.001042 0.010185
0 0.491146 0.095370 0.002083 0.005556
0 0.491146 0.093056 0.001042 0.010185
0 0.491146 0.089352 0.001042 0.010185
0 0.491146 0.093056 0.001042 0.010185
0 0.491146 0.093056 0.001042 0.010185
0 0.491146 0.092130 0.001042 0.006481
0 0.491146 0.089352 0.001042 0.010185
0 0.491146 0.089352 0.001042 0.010185
0 0.491146 0.091667 0.002083 0.005556
0 0.491146 0.089352 0.001042 0.010185
0 0.491146 0.094907 0.002083 0.006481
0 0.504687 0.106481 0.001042 0.011111
0 0.976823 0.096759 0.004688 0.010185
0 0.491146 0.089352 0.001042 0.010185
0 0.465104 0.125463 0.002083 0.008333
0 0.491146 0.089352 0.001042 0.010185
0 0.898698 0.181019 0.006771 0.017593
0 0.491146 0.087500 0.001042 0.010185
0 0.764583 0.100000 0.003125 0.011111
1 0.966146 0.124537 0.021875 0.013889
1 0.521354 0.189815 0.022917 0.020370
1 0.642708 0.103704 0.014583 0.009259
1 0.933594 0.150463 0.010937 0.013889
1 0.814844 0.112500 0.021354 0.012037