1 0.969010 0.125463 0.022396 0.013889
1 0.643490 0.104630 0.015104 0.009259
1 0.936719 0.151389 0.010937 0.013889
1 0.521615 0.192130 0.023438 0.021296
1 0.816406 0.113426 0.021354 0.012037
6 0.546354 0.302315 0.005208 0.026852
6 0.967188 0.178704 0.010417 0.011111
6 0.537240 0.260648 0.011979 0.013889
6 0.990625 0.187963 0.011458 0.012963
1 0.789844 0.094444 0.014062 0.009259
1 0.514583 0.095370 0.010417 0.009259
1 0.636719 0.097222 0.011979 0.009259
1 0.490885 0.115278 0.005729 0.012037
2 0.919792 0.124074 0.043750 0.037037
8 0.501302 0.095370 0.004688 0.009259
7 0.975781 0.094907 0.009896 0.008333
2 0.488281 0.186111 0.018229 0.061111
1 0.415365 0.590741 0.043229 0.112963
0 0.495573 0.078241 0.001563 0.010185
0 0.490885 0.082870 0.001563 0.010185
0 0.491146 0.095833 0.002083 0.006481
0 0.490885 0.093981 0.001563 0.010185
0 0.490885 0.093981 0.001563 0.010185
0 0.490885 0.089352 0.001563 0.010185
0 0.491146 0.095833 0.002083 0.006481
0 0.490885 0.093981 0.001563 0.010185
0 0.490885 0.089352 0.001563 0.010185
0 0.490885 0.093981 0.001563 0.010185
0 0.490885 0.093981 0.001563 0.010185
0 0.490885 0.092593 0.001563 0.007407
0 0.490885 0.089352 0.001563 0.010185
0 0.490885 0.090278 0.001563 0.010185
0 0.491146 0.092130 0.002083 0.006481
0 0.490885 0.089352 0.001563 0.010185
0 0.491146 0.095833 0.002083 0.006481
0 0.504687 0.107407 0.001042 0.011111
0 0.979427 0.097685 0.004688 0.010185
0 0.490885 0.089352 0.001563 0.010185
0 0.464844 0.125926 0.001563 0.009259
0 0.490885 0.090278 0.001563 0.010185
0 0.490885 0.087500 0.001563 0.010185
0 0.766146 0.100926 0.003125 0.011111
1 0.969010 0.125463 0.022396 0.013889
1 0.521354 0.192130 0.022917 0.021296
1 0.643490 0.104630 0.015104 0.009259
1 0.936719 0.151389 0.010937 0.013889
1 0.816406 0.113426 0.021354 0.012037