1 0.979427 0.128704 0.023438 0.014815
1 0.646094 0.106944 0.015104 0.010185
1 0.948438 0.156019 0.011458 0.013889
1 0.522135 0.198611 0.024479 0.021296
1 0.822917 0.116204 0.021875 0.012037
6 0.548698 0.318519 0.005729 0.027778
6 0.981250 0.184722 0.011458 0.012037
6 0.539062 0.272685 0.012500 0.013889
1 0.795052 0.096296 0.014062 0.009259
1 0.515104 0.097222 0.010417 0.009259
1 0.641667 0.099074 0.012500 0.009259
1 0.490625 0.117593 0.006250 0.012963
2 0.926302 0.127315 0.045313 0.037963
8 0.501302 0.097222 0.004688 0.009259
7 0.984115 0.096759 0.009896 0.008333
2 0.488021 0.190741 0.018750 0.062963
1 0.404167 0.670833 0.051042 0.137963
0 0.495573 0.080093 0.001563 0.010185
0 0.490885 0.084259 0.001563 0.011111
0 0.490885 0.097685 0.001563 0.006481
0 0.490885 0.095833 0.001563 0.010185
0 0.490885 0.095833 0.001563 0.010185
0 0.490885 0.091204 0.001563 0.010185
0 0.490885 0.097685 0.001563 0.006481
0 0.490885 0.095833 0.001563 0.010185
0 0.490885 0.091204 0.001563 0.010185
0 0.490885 0.095833 0.001563 0.010185
0 0.490885 0.095833 0.001563 0.010185
0 0.490885 0.094444 0.001563 0.007407
0 0.490885 0.091204 0.001563 0.010185
0 0.490885 0.092130 0.001563 0.010185
0 0.490885 0.093981 0.001563 0.006481
0 0.490885 0.091204 0.001563 0.010185
0 0.490885 0.097685 0.001563 0.006481
0 0.504687 0.109722 0.001042 0.012037
0 0.988802 0.099537 0.004688 0.010185
0 0.490885 0.091204 0.001563 0.010185
0 0.464323 0.128704 0.001563 0.009259
0 0.490885 0.092130 0.001563 0.010185
0 0.490885 0.089352 0.001563 0.010185
0 0.771354 0.102778 0.003125 0.011111
1 0.979427 0.128704 0.023438 0.014815
1 0.522135 0.198611 0.024479 0.021296
1 0.646094 0.106944 0.015104 0.010185
1 0.948438 0.156019 0.011458 0.013889
1 0.822917 0.116204 0.021875 0.012037