1 0.997135 0.136574 0.005729 0.015741
1 0.653385 0.112500 0.016146 0.010185
1 0.979427 0.168056 0.013021 0.015741
1 0.523958 0.217130 0.026042 0.025000
1 0.839844 0.123148 0.023438 0.012963
6 0.555990 0.366204 0.006771 0.032407
6 0.543750 0.307407 0.013542 0.016667
1 0.807813 0.101389 0.014583 0.010185
1 0.515365 0.102315 0.010937 0.010185
1 0.654948 0.104167 0.013021 0.010185
1 0.490104 0.122222 0.006250 0.012963
2 0.951302 0.133796 0.049479 0.049074
8 0.501302 0.102778 0.004688 0.009259
2 0.486979 0.205093 0.019792 0.067593
1 0.355729 0.937963 0.088542 0.124074
0 0.492448 0.084259 0.001563 0.011111
0 0.490365 0.088889 0.001563 0.011111
0 0.490625 0.102315 0.002083 0.006481
0 0.490365 0.100000 0.001563 0.011111
0 0.490365 0.100000 0.001563 0.011111
0 0.490365 0.096296 0.001563 0.011111
0 0.490625 0.102315 0.002083 0.006481
0 0.490365 0.100000 0.001563 0.011111
0 0.490365 0.096296 0.001563 0.011111
0 0.490365 0.100000 0.001563 0.011111
0 0.490365 0.100000 0.001563 0.011111
0 0.490365 0.099074 0.001563 0.007407
0 0.490365 0.096296 0.001563 0.011111
0 0.490365 0.096759 0.001563 0.010185
0 0.490625 0.098611 0.002083 0.006481
0 0.490365 0.096296 0.001563 0.011111
0 0.490625 0.102315 0.002083 0.006481
0 0.505469 0.116204 0.001563 0.012037
0 0.490365 0.096296 0.001563 0.011111
0 0.462760 0.136574 0.001563 0.010185
0 0.490365 0.096296 0.001563 0.011111
0 0.490365 0.093981 0.001563 0.010185
0 0.785417 0.108796 0.003125 0.012037
1 0.997135 0.136574 0.005729 0.015741
1 0.523958 0.217130 0.026042 0.025000
1 0.653385 0.112500 0.016146 0.010185
1 0.979427 0.168056 0.013021 0.015741
1 0.839844 0.123148 0.023438 0.012963