1 0.990365 0.132870 0.019271 0.015741
1 0.649740 0.109722 0.015104 0.010185
1 0.963542 0.161574 0.012500 0.015741
1 0.522917 0.207870 0.025000 0.023148
1 0.831250 0.119444 0.022917 0.012963
6 0.552083 0.341204 0.006250 0.030556
6 0.997135 0.192593 0.005729 0.012963
6 0.541406 0.288889 0.013021 0.014815
1 0.801302 0.099074 0.014062 0.009259
1 0.515365 0.100000 0.010937 0.009259
1 0.648177 0.101852 0.013021 0.009259
1 0.490625 0.119907 0.006250 0.012037
2 0.937240 0.131019 0.047396 0.041667
8 0.501302 0.100000 0.004688 0.009259
7 0.994271 0.099074 0.010417 0.009259
2 0.487240 0.197685 0.019271 0.065741
1 0.384635 0.807407 0.065104 0.185185
0 0.495573 0.083796 0.001563 0.010185
0 0.490625 0.086574 0.001042 0.010185
0 0.490625 0.099537 0.002083 0.006481
0 0.490885 0.097685 0.001563 0.010185
0 0.490885 0.097685 0.001563 0.010185
0 0.490625 0.093981 0.001042 0.010185
0 0.490625 0.100463 0.002083 0.006481
0 0.490885 0.097685 0.001563 0.010185
0 0.490625 0.093981 0.001042 0.010185
0 0.490885 0.097685 0.001563 0.010185
0 0.490885 0.097685 0.001563 0.010185
0 0.490885 0.097222 0.001563 0.007407
0 0.490625 0.093981 0.001042 0.010185
0 0.490885 0.094444 0.001563 0.011111
0 0.490625 0.095833 0.002083 0.006481
0 0.490625 0.093981 0.001042 0.010185
0 0.490625 0.099537 0.002083 0.006481
0 0.504948 0.112500 0.001563 0.012037
0 0.998958 0.101852 0.002083 0.011111
0 0.490625 0.093981 0.001042 0.010185
0 0.463542 0.132870 0.002083 0.010185
0 0.490885 0.094444 0.001563 0.011111
0 0.490625 0.091667 0.001042 0.011111
0 0.778385 0.106019 0.003646 0.012037
1 0.990365 0.132870 0.019271 0.015741
1 0.522917 0.207870 0.025000 0.023148
1 0.649740 0.109722 0.015104 0.010185
1 0.963542 0.161574 0.012500 0.015741
1 0.831250 0.119444 0.022917 0.012963