1 0.654167 0.113426 0.015625 0.010185
1 0.983073 0.168981 0.013021 0.015741
1 0.524219 0.218981 0.026563 0.025000
1 0.841927 0.123611 0.023438 0.013889
6 0.557031 0.372222 0.006771 0.033333
6 0.544010 0.311111 0.014062 0.016667
1 0.809115 0.101852 0.015104 0.009259
1 0.515365 0.102778 0.010937 0.009259
1 0.655990 0.104630 0.013021 0.009259
1 0.490104 0.123148 0.006250 0.012963
2 0.954167 0.134259 0.050000 0.050000
8 0.501302 0.103241 0.004688 0.010185
2 0.486719 0.206481 0.020312 0.068519
1 0.347656 0.958796 0.095312 0.082407
0 0.492448 0.084722 0.001563 0.010185
0 0.490365 0.088889 0.001563 0.011111
0 0.490625 0.103241 0.002083 0.006481
0 0.490365 0.100926 0.001563 0.011111
0 0.490365 0.100926 0.001563 0.011111
0 0.490365 0.096296 0.001563 0.011111
0 0.490625 0.103241 0.002083 0.006481
0 0.490365 0.100926 0.001563 0.011111
0 0.490365 0.096296 0.001563 0.011111
0 0.490365 0.100926 0.001563 0.011111
0 0.490365 0.100926 0.001563 0.011111
0 0.490365 0.100000 0.001563 0.007407
0 0.490365 0.096296 0.001563 0.011111
0 0.490365 0.097222 0.001563 0.011111
0 0.490625 0.099537 0.002083 0.006481
0 0.490365 0.096296 0.001563 0.011111
0 0.490625 0.103241 0.002083 0.006481
0 0.505469 0.116667 0.001563 0.012963
0 0.490365 0.096296 0.001563 0.011111
0 0.462500 0.137500 0.002083 0.010185
0 0.490365 0.097222 0.001563 0.011111
0 0.490365 0.094444 0.001563 0.011111
0 0.786979 0.109722 0.003125 0.012037
1 0.524219 0.218981 0.026563 0.025000
1 0.654167 0.113426 0.015625 0.010185
1 0.983073 0.168981 0.013021 0.015741
1 0.841927 0.123611 0.023438 0.013889