1 0.989062 0.131944 0.021875 0.015741
1 0.648958 0.108796 0.015625 0.010185
1 0.960677 0.160648 0.011979 0.015741
1 0.522917 0.206019 0.025000 0.023148
1 0.829427 0.118519 0.022396 0.012963
6 0.551562 0.336574 0.006250 0.028704
6 0.995313 0.190741 0.009375 0.012963
6 0.540885 0.285648 0.013021 0.015741
1 0.800000 0.098611 0.014583 0.010185
1 0.515365 0.099074 0.010937 0.009259
1 0.646875 0.100926 0.012500 0.009259
1 0.490625 0.119444 0.006250 0.012963
2 0.934375 0.130556 0.046875 0.040741
8 0.501302 0.099537 0.004688 0.010185
7 0.992188 0.098611 0.010417 0.008333
2 0.487500 0.196296 0.018750 0.064815
1 0.389062 0.776852 0.061458 0.174074
0 0.495573 0.082870 0.001563 0.010185
0 0.490885 0.086111 0.001563 0.011111
0 0.490625 0.099537 0.002083 0.006481
0 0.490885 0.097685 0.001563 0.010185
0 0.490885 0.097685 0.001563 0.010185
0 0.490885 0.093056 0.001563 0.010185
0 0.490625 0.099537 0.002083 0.006481
0 0.490885 0.097685 0.001563 0.010185
0 0.490885 0.093056 0.001563 0.010185
0 0.490885 0.097685 0.001563 0.010185
0 0.490885 0.097685 0.001563 0.010185
0 0.490885 0.096296 0.001563 0.007407
0 0.490885 0.093056 0.001563 0.010185
0 0.490885 0.093981 0.001563 0.010185
0 0.490625 0.095833 0.002083 0.006481
0 0.490885 0.093056 0.001563 0.010185
0 0.490625 0.099537 0.002083 0.006481
0 0.504948 0.112037 0.001563 0.011111
0 0.997917 0.101852 0.004167 0.011111
0 0.490885 0.093519 0.001563 0.011111
0 0.463802 0.131944 0.001563 0.010185
0 0.490885 0.093981 0.001563 0.010185
0 0.490885 0.091204 0.001563 0.010185
0 0.777083 0.105556 0.003125 0.011111
1 0.989062 0.131944 0.021875 0.015741
1 0.522917 0.206019 0.025000 0.023148
1 0.648958 0.108796 0.015625 0.010185
1 0.960677 0.160648 0.011979 0.015741
1 0.829687 0.118519 0.022917 0.012963