1 0.655469 0.114352 0.016146 0.010185
1 0.990104 0.171759 0.013542 0.015741
1 0.524740 0.224074 0.026563 0.025926
1 0.845573 0.125000 0.023438 0.012963
6 0.558854 0.384259 0.007292 0.033333
6 0.545313 0.319444 0.014583 0.016667
1 0.812240 0.103241 0.015104 0.010185
1 0.515625 0.103704 0.011458 0.009259
1 0.659115 0.106019 0.013021 0.010185
1 0.490104 0.124074 0.006250 0.012963
2 0.960156 0.136111 0.050521 0.051852
8 0.501302 0.104167 0.004688 0.010185
2 0.486719 0.209722 0.020312 0.069444
0 0.492448 0.085185 0.001563 0.011111
0 0.490365 0.089815 0.001563 0.011111
0 0.490365 0.104167 0.001563 0.006481
0 0.490365 0.101852 0.001563 0.011111
0 0.490365 0.101852 0.001563 0.011111
0 0.490365 0.097222 0.001563 0.011111
0 0.490365 0.104167 0.001563 0.006481
0 0.490365 0.101852 0.001563 0.011111
0 0.490365 0.097222 0.001563 0.011111
0 0.490365 0.101852 0.001563 0.011111
0 0.490365 0.101852 0.001563 0.011111
0 0.490365 0.100926 0.001563 0.007407
0 0.490365 0.097222 0.001563 0.011111
0 0.490365 0.098148 0.001563 0.011111
0 0.490365 0.100463 0.001563 0.006481
0 0.490365 0.097222 0.001563 0.011111
0 0.490365 0.104167 0.001563 0.006481
0 0.505469 0.118056 0.001563 0.012037
0 0.490365 0.097685 0.001563 0.010185
0 0.462240 0.139352 0.001563 0.010185
0 0.490365 0.098148 0.001563 0.011111
0 0.490365 0.095370 0.001563 0.011111
0 0.789844 0.110648 0.003646 0.012037
1 0.524740 0.224074 0.026563 0.025926
1 0.655469 0.114352 0.016146 0.010185
1 0.990104 0.171759 0.013542 0.015741
1 0.845833 0.125000 0.023958 0.012963