1 0.654948 0.113889 0.016146 0.011111
1 0.986458 0.170370 0.013542 0.016667
1 0.524740 0.221759 0.026563 0.025000
1 0.843750 0.124537 0.023958 0.013889
6 0.557813 0.378241 0.007292 0.034259
6 0.544792 0.315741 0.014583 0.016667
1 0.810677 0.102315 0.015104 0.010185
1 0.515625 0.103241 0.011458 0.010185
1 0.657552 0.105093 0.013021 0.010185
1 0.490104 0.123611 0.006250 0.013889
2 0.957292 0.134722 0.050000 0.050926
8 0.501302 0.103704 0.004688 0.009259
2 0.486719 0.207870 0.020312 0.069444
1 0.339063 0.982407 0.103125 0.035185
0 0.492448 0.085185 0.001563 0.011111
0 0.490365 0.089815 0.001563 0.011111
0 0.490365 0.103241 0.001563 0.006481
0 0.490365 0.101389 0.001563 0.010185
0 0.490365 0.101389 0.001563 0.010185
0 0.490365 0.097222 0.001563 0.011111
0 0.490365 0.103704 0.001563 0.007407
0 0.490365 0.101389 0.001563 0.010185
0 0.490365 0.097222 0.001563 0.011111
0 0.490365 0.101389 0.001563 0.010185
0 0.490365 0.101389 0.001563 0.010185
0 0.490365 0.100463 0.001563 0.008333
0 0.490365 0.097222 0.001563 0.011111
0 0.490365 0.097685 0.001563 0.010185
0 0.490365 0.099537 0.001563 0.006481
0 0.490365 0.097222 0.001563 0.011111
0 0.490365 0.103241 0.001563 0.006481
0 0.505469 0.117130 0.001563 0.012037
0 0.490365 0.097222 0.001563 0.011111
0 0.462500 0.138426 0.002083 0.010185
0 0.490365 0.097222 0.001563 0.011111
0 0.490365 0.094907 0.001563 0.010185
0 0.788281 0.110185 0.003646 0.011111
1 0.524740 0.221759 0.026563 0.025000
1 0.654948 0.113889 0.016146 0.011111
1 0.986458 0.170370 0.013542 0.016667
1 0.843750 0.124537 0.023958 0.013889