1 0.659635 0.117593 0.016146 0.011111
1 0.526042 0.235185 0.028125 0.027778
1 0.855208 0.129167 0.025000 0.013889
6 0.563542 0.416667 0.008333 0.037037
6 0.548437 0.342130 0.015625 0.017593
1 0.819271 0.106019 0.015625 0.010185
1 0.516146 0.106481 0.011458 0.009259
1 0.666146 0.108796 0.013542 0.010185
1 0.489844 0.126852 0.006771 0.012963
2 0.974740 0.139352 0.050521 0.056481
8 0.501302 0.106944 0.004688 0.010185
2 0.486198 0.217593 0.021354 0.072222
0 0.492448 0.088889 0.001563 0.011111
0 0.489844 0.092593 0.001563 0.011111
0 0.490104 0.106944 0.002083 0.006481
0 0.490365 0.104630 0.001563 0.011111
0 0.490365 0.104630 0.001563 0.011111
0 0.490365 0.100000 0.001563 0.011111
0 0.490104 0.106944 0.002083 0.006481
0 0.490365 0.104630 0.001563 0.011111
0 0.490365 0.100000 0.001563 0.011111
0 0.490365 0.104630 0.001563 0.011111
0 0.490365 0.104630 0.001563 0.011111
0 0.490365 0.103241 0.001563 0.008333
0 0.490365 0.100000 0.001563 0.011111
0 0.490365 0.100926 0.001563 0.011111
0 0.490104 0.102778 0.002083 0.007407
0 0.490365 0.100000 0.001563 0.011111
0 0.490104 0.106944 0.002083 0.006481
0 0.506250 0.121296 0.002083 0.012963
0 0.490365 0.100000 0.001563 0.011111
0 0.461458 0.143056 0.002083 0.010185
0 0.490365 0.100926 0.001563 0.011111
0 0.490365 0.098148 0.001563 0.011111
0 0.797656 0.114352 0.003646 0.012037
1 0.526042 0.235185 0.028125 0.027778
1 0.659635 0.117593 0.016146 0.011111
1 0.855208 0.129167 0.025000 0.013889