1 0.663021 0.120370 0.016667 0.011111
1 0.527083 0.244907 0.029167 0.028704
1 0.863281 0.131944 0.025521 0.013889
6 0.567969 0.446759 0.008854 0.039815
1 0.825260 0.107870 0.016146 0.010185
1 0.516406 0.108796 0.011979 0.010185
1 0.672135 0.110648 0.014062 0.010185
1 0.489844 0.129167 0.006771 0.013889
2 0.980729 0.143519 0.038542 0.059259
8 0.501042 0.108796 0.005208 0.010185
2 0.485417 0.224074 0.021875 0.074074
0 0.490365 0.089815 0.001563 0.011111
0 0.489844 0.094444 0.001563 0.011111
0 0.490104 0.108796 0.002083 0.006481
0 0.489844 0.106481 0.001563 0.011111
0 0.489844 0.106481 0.001563 0.011111
0 0.489844 0.102315 0.001563 0.012037
0 0.490104 0.109259 0.002083 0.007407
0 0.489844 0.106481 0.001563 0.011111
0 0.489844 0.102315 0.001563 0.012037
0 0.489844 0.106481 0.001563 0.011111
0 0.489844 0.106481 0.001563 0.011111
0 0.489844 0.105556 0.001563 0.007407
0 0.489844 0.102315 0.001563 0.012037
0 0.489844 0.102778 0.001563 0.011111
0 0.490104 0.105093 0.002083 0.006481
0 0.489844 0.102315 0.001563 0.012037
0 0.490104 0.108796 0.002083 0.006481
0 0.506771 0.124074 0.002083 0.012963
0 0.489844 0.102315 0.001563 0.012037
0 0.460677 0.146759 0.001563 0.010185
0 0.489844 0.102778 0.001563 0.011111
0 0.489844 0.100000 0.001563 0.011111
0 0.804167 0.116667 0.004167 0.012963
1 0.527083 0.244907 0.029167 0.028704
1 0.663021 0.120370 0.016667 0.011111
1 0.863281 0.131944 0.025521 0.013889