1 0.663802 0.121296 0.017188 0.011111
1 0.527344 0.247685 0.029687 0.028704
1 0.865365 0.132870 0.025521 0.013889
6 0.569271 0.454630 0.009375 0.040741
6 0.552083 0.367593 0.016667 0.018519
1 0.826823 0.108796 0.016146 0.010185
1 0.516667 0.109259 0.011458 0.011111
1 0.673698 0.111574 0.014062 0.010185
1 0.489844 0.129167 0.006771 0.013889
2 0.982292 0.144444 0.035417 0.059259
8 0.501562 0.109722 0.005208 0.010185
2 0.485677 0.225926 0.022396 0.075926
0 0.490365 0.089815 0.001563 0.011111
0 0.489844 0.094907 0.001563 0.012037
0 0.490104 0.109259 0.002083 0.007407
0 0.490104 0.107407 0.002083 0.011111
0 0.490104 0.107407 0.002083 0.011111
0 0.489844 0.102778 0.001563 0.011111
0 0.490104 0.109722 0.002083 0.006481
0 0.490104 0.107407 0.002083 0.011111
0 0.489844 0.102778 0.001563 0.011111
0 0.490104 0.107407 0.002083 0.011111
0 0.490104 0.107407 0.002083 0.011111
0 0.490104 0.106019 0.002083 0.008333
0 0.489844 0.102778 0.001563 0.011111
0 0.489844 0.103241 0.001563 0.012037
0 0.490104 0.105556 0.002083 0.007407
0 0.489844 0.102778 0.001563 0.011111
0 0.490104 0.109259 0.002083 0.007407
0 0.506771 0.125000 0.002083 0.012963
0 0.489844 0.102778 0.001563 0.011111
0 0.460677 0.147685 0.001563 0.010185
0 0.489844 0.103241 0.001563 0.012037
0 0.489844 0.100463 0.001563 0.012037
0 0.805990 0.117593 0.003646 0.012963
1 0.527344 0.247685 0.029687 0.028704
1 0.663802 0.121296 0.017188 0.011111
1 0.865365 0.132870 0.025521 0.013889