1 0.661198 0.119444 0.017188 0.011111
1 0.526302 0.239815 0.028646 0.027778
1 0.859115 0.130556 0.025521 0.014815
6 0.565625 0.431481 0.008333 0.038889
6 0.549740 0.352315 0.016146 0.017593
1 0.822135 0.106944 0.016146 0.010185
1 0.516146 0.107870 0.011458 0.010185
1 0.669271 0.109722 0.013542 0.010185
1 0.489844 0.128241 0.006771 0.013889
2 0.977865 0.141204 0.044271 0.058333
8 0.501042 0.107870 0.005208 0.010185
2 0.485677 0.220833 0.021354 0.073148
0 0.492448 0.090741 0.001563 0.011111
0 0.489844 0.093519 0.001563 0.011111
0 0.490104 0.107870 0.002083 0.006481
0 0.489844 0.105556 0.001563 0.011111
0 0.489844 0.105556 0.001563 0.011111
0 0.489844 0.100926 0.001563 0.011111
0 0.490104 0.107870 0.002083 0.006481
0 0.489844 0.105556 0.001563 0.011111
0 0.489844 0.100926 0.001563 0.011111
0 0.489844 0.105556 0.001563 0.011111
0 0.489844 0.105556 0.001563 0.011111
0 0.489844 0.104630 0.001563 0.007407
0 0.489844 0.100926 0.001563 0.011111
0 0.489844 0.101852 0.001563 0.011111
0 0.490104 0.103704 0.002083 0.007407
0 0.489844 0.100926 0.001563 0.011111
0 0.490104 0.107870 0.002083 0.006481
0 0.506250 0.123148 0.002083 0.012963
0 0.489844 0.100926 0.001563 0.011111
0 0.460938 0.144907 0.002083 0.010185
0 0.489844 0.101852 0.001563 0.011111
0 0.489844 0.099074 0.001563 0.011111
0 0.801042 0.115278 0.004167 0.012037
1 0.526302 0.239815 0.028646 0.027778
1 0.661198 0.119444 0.017188 0.011111
1 0.859375 0.130556 0.025000 0.014815