1 0.656510 0.115278 0.016146 0.010185
1 0.993490 0.173148 0.013021 0.016667
1 0.525000 0.225926 0.027083 0.025926
1 0.847396 0.125926 0.023958 0.012963
6 0.559375 0.390741 0.007292 0.035185
6 0.545833 0.324074 0.014583 0.016667
1 0.813542 0.103241 0.015625 0.010185
1 0.515625 0.104167 0.011458 0.010185
1 0.660417 0.106481 0.013542 0.009259
1 0.490104 0.124537 0.006250 0.013889
2 0.963542 0.136574 0.051042 0.052778
8 0.501302 0.104630 0.004688 0.009259
2 0.486458 0.211111 0.020833 0.070370
0 0.492448 0.086111 0.001563 0.011111
0 0.490365 0.090741 0.001563 0.011111
0 0.490365 0.104630 0.001563 0.007407
0 0.490365 0.102778 0.001563 0.011111
0 0.490365 0.102778 0.001563 0.011111
0 0.490365 0.098148 0.001563 0.011111
0 0.490365 0.104630 0.001563 0.007407
0 0.490365 0.102778 0.001563 0.011111
0 0.490365 0.098148 0.001563 0.011111
0 0.490365 0.102778 0.001563 0.011111
0 0.490365 0.102778 0.001563 0.011111
0 0.490365 0.101389 0.001563 0.008333
0 0.490365 0.098148 0.001563 0.011111
0 0.490365 0.099074 0.001563 0.011111
0 0.490104 0.100463 0.002083 0.006481
0 0.490365 0.098148 0.001563 0.011111
0 0.490365 0.104630 0.001563 0.007407
0 0.505729 0.118519 0.002083 0.012963
0 0.490365 0.098148 0.001563 0.011111
0 0.461979 0.139815 0.002083 0.009259
0 0.490365 0.098611 0.001563 0.010185
0 0.490365 0.095833 0.001563 0.010185
0 0.791406 0.111574 0.003646 0.012037
1 0.525000 0.225926 0.027083 0.025926
1 0.656510 0.115278 0.016146 0.010185
1 0.993490 0.173148 0.013021 0.016667
1 0.847396 0.125926 0.023958 0.012963