1 0.689583 0.128241 0.018750 0.012037
1 0.545313 0.270833 0.032292 0.032407
1 0.907812 0.143056 0.028125 0.015741
6 0.594792 0.536111 0.011458 0.050000
6 0.573698 0.419907 0.019271 0.021296
1 0.863021 0.115741 0.017708 0.011111
1 0.533854 0.114352 0.012500 0.010185
1 0.505990 0.134259 0.006771 0.014815
8 0.518229 0.114815 0.005208 0.011111
2 0.500260 0.240741 0.023438 0.081481
0 0.957812 0.111574 0.005208 0.012037
0 0.506510 0.093981 0.001563 0.012037
0 0.506510 0.099537 0.001563 0.012037
0 0.506250 0.114352 0.002083 0.006481
0 0.506510 0.111574 0.001563 0.012037
0 0.506510 0.111574 0.001563 0.012037
0 0.506510 0.106944 0.001563 0.012037
0 0.506250 0.114815 0.002083 0.007407
0 0.506510 0.111574 0.001563 0.012037
0 0.506510 0.106944 0.001563 0.012037
0 0.506510 0.111574 0.001563 0.012037
0 0.506510 0.111574 0.001563 0.012037
0 0.506510 0.110648 0.001563 0.008333
0 0.506510 0.106944 0.001563 0.012037
0 0.506510 0.107870 0.001563 0.012037
0 0.506250 0.110185 0.002083 0.007407
0 0.506510 0.106944 0.001563 0.012037
0 0.506250 0.114352 0.002083 0.006481
0 0.524479 0.131944 0.002083 0.013889
0 0.506510 0.107407 0.001563 0.011111
0 0.475521 0.154630 0.002083 0.011111
0 0.506510 0.107870 0.001563 0.012037
0 0.506510 0.105093 0.001563 0.012037
0 0.842708 0.125926 0.004167 0.012963
1 0.545313 0.270833 0.032292 0.032407
1 0.689583 0.128241 0.018750 0.012037
1 0.907812 0.143056 0.028125 0.015741