1 0.664844 0.121759 0.017188 0.012037
1 0.527865 0.250000 0.029687 0.029630
1 0.867448 0.133796 0.025521 0.013889
6 0.570312 0.462963 0.009375 0.042593
6 0.552865 0.373148 0.017188 0.018519
1 0.828385 0.108796 0.016146 0.010185
1 0.516667 0.109722 0.011458 0.010185
1 0.675260 0.112037 0.014062 0.011111
1 0.489844 0.130093 0.006771 0.013889
2 0.983854 0.144907 0.032292 0.060185
8 0.501562 0.110185 0.005208 0.011111
2 0.485417 0.227778 0.021875 0.075926
0 0.490365 0.090278 0.001563 0.012037
0 0.489844 0.095370 0.001563 0.011111
0 0.490104 0.110185 0.002083 0.007407
0 0.489844 0.107870 0.001563 0.012037
0 0.489844 0.107870 0.001563 0.012037
0 0.489844 0.103241 0.001563 0.012037
0 0.490104 0.110185 0.002083 0.007407
0 0.489844 0.107870 0.001563 0.012037
0 0.489844 0.103241 0.001563 0.012037
0 0.489844 0.107870 0.001563 0.012037
0 0.489844 0.107870 0.001563 0.012037
0 0.489844 0.106944 0.001563 0.008333
0 0.489844 0.103241 0.001563 0.012037
0 0.489844 0.103704 0.001563 0.011111
0 0.490104 0.106019 0.002083 0.006481
0 0.489844 0.103241 0.001563 0.012037
0 0.490104 0.110185 0.002083 0.007407
0 0.507031 0.125926 0.001563 0.012963
0 0.489844 0.103241 0.001563 0.012037
0 0.460417 0.148611 0.002083 0.010185
0 0.489844 0.103704 0.001563 0.011111
0 0.489844 0.100926 0.001563 0.011111
0 0.807813 0.118056 0.004167 0.012037
1 0.527865 0.250000 0.029687 0.029630
1 0.664844 0.121759 0.017188 0.012037
1 0.867448 0.133796 0.025521 0.013889