1 0.677865 0.125926 0.018229 0.011111
1 0.536458 0.264815 0.031250 0.031481
1 0.889583 0.139815 0.027083 0.014815
6 0.583854 0.512037 0.010417 0.048148
6 0.563802 0.404630 0.018229 0.020370
1 0.846875 0.112963 0.016667 0.011111
1 0.524740 0.112963 0.011979 0.011111
1 0.497135 0.133333 0.006771 0.014815
2 0.998958 0.153241 0.002083 0.063889
8 0.509115 0.113426 0.005729 0.010185
2 0.492188 0.237037 0.022917 0.079630
0 0.939323 0.108796 0.004688 0.012037
0 0.497656 0.092130 0.001563 0.012037
0 0.497656 0.097685 0.001563 0.012037
0 0.497396 0.112963 0.002083 0.007407
0 0.497656 0.110648 0.001563 0.012037
0 0.497656 0.110648 0.001563 0.012037
0 0.497656 0.106019 0.001563 0.012037
0 0.497396 0.112963 0.002083 0.007407
0 0.497656 0.110648 0.001563 0.012037
0 0.497656 0.106019 0.001563 0.012037
0 0.497656 0.110648 0.001563 0.012037
0 0.497656 0.110648 0.001563 0.012037
0 0.497656 0.109722 0.001563 0.008333
0 0.497656 0.106019 0.001563 0.012037
0 0.497656 0.106944 0.001563 0.012037
0 0.497396 0.109259 0.002083 0.007407
0 0.497656 0.106019 0.001563 0.012037
0 0.497396 0.112963 0.002083 0.007407
0 0.515104 0.130093 0.002083 0.013889
0 0.497656 0.106019 0.001563 0.012037
0 0.467187 0.153241 0.002083 0.010185
0 0.497656 0.106944 0.001563 0.012037
0 0.497656 0.103704 0.001563 0.011111
0 0.827083 0.123148 0.004167 0.012963
1 0.536458 0.264815 0.031250 0.031481
1 0.677865 0.125926 0.018229 0.011111
1 0.889844 0.139815 0.027604 0.014815