1 0.696094 0.136111 0.019271 0.012963
1 0.547396 0.305556 0.036458 0.038889
1 0.927604 0.152315 0.030208 0.015741
6 0.617448 0.680093 0.016146 0.067593
6 0.585156 0.504167 0.023438 0.025000
1 0.875781 0.121759 0.018229 0.012037
1 0.531510 0.120370 0.013021 0.011111
1 0.502604 0.140741 0.007292 0.014815
8 0.514844 0.121296 0.005729 0.011111
2 0.497135 0.262500 0.025521 0.089815
0 0.971875 0.117130 0.005208 0.012037
0 0.505990 0.099537 0.001563 0.012037
0 0.502865 0.105093 0.001563 0.012037
0 0.502604 0.120833 0.002083 0.008333
0 0.502865 0.118519 0.001563 0.012963
0 0.502865 0.118519 0.001563 0.012963
0 0.502865 0.113426 0.001563 0.012037
0 0.502604 0.121296 0.002083 0.007407
0 0.502865 0.118519 0.001563 0.012963
0 0.502865 0.113426 0.001563 0.012037
0 0.502865 0.118519 0.001563 0.012963
0 0.502865 0.118519 0.001563 0.012963
0 0.502865 0.117130 0.001563 0.008333
0 0.502865 0.113426 0.001563 0.012037
0 0.502865 0.113889 0.001563 0.012963
0 0.502865 0.116667 0.002604 0.007407
0 0.502865 0.113426 0.001563 0.012037
0 0.502604 0.120833 0.002083 0.008333
0 0.522396 0.140741 0.002083 0.014815
0 0.502865 0.113426 0.001563 0.012037
0 0.470833 0.165741 0.002083 0.011111
0 0.502865 0.113889 0.001563 0.012963
0 0.502865 0.111111 0.001563 0.012963
0 0.858073 0.133796 0.004688 0.013889
1 0.547396 0.305556 0.036458 0.038889
1 0.696094 0.136111 0.019271 0.012963
1 0.927865 0.152315 0.030729 0.015741