1 0.690104 0.136574 0.019792 0.012037
1 0.542188 0.309259 0.036458 0.038889
1 0.920313 0.151852 0.030208 0.016667
6 0.615625 0.696296 0.016667 0.070370
1 0.868490 0.121296 0.018229 0.011111
1 0.525260 0.121296 0.013021 0.011111
1 0.496094 0.141204 0.006771 0.015741
8 0.508594 0.121759 0.005729 0.012037
2 0.491146 0.265278 0.026042 0.089815
0 0.963021 0.116204 0.005208 0.012037
0 0.499479 0.100000 0.002083 0.012963
0 0.496354 0.105556 0.002083 0.012963
0 0.496354 0.121296 0.002083 0.007407
0 0.496354 0.118981 0.002083 0.012037
0 0.496354 0.118981 0.002083 0.012037
0 0.496354 0.113889 0.002083 0.012963
0 0.496354 0.121296 0.002083 0.007407
0 0.496354 0.118981 0.002083 0.012037
0 0.496354 0.113889 0.002083 0.012963
0 0.496354 0.118981 0.002083 0.012037
0 0.496354 0.118981 0.002083 0.012037
0 0.496354 0.117593 0.002083 0.009259
0 0.496354 0.113889 0.002083 0.012963
0 0.496354 0.114815 0.002083 0.012963
0 0.496354 0.117130 0.002083 0.008333
0 0.496354 0.113889 0.002083 0.012963
0 0.496354 0.121296 0.002083 0.007407
0 0.516146 0.141667 0.002083 0.014815
0 0.496354 0.114352 0.002083 0.012037
0 0.464063 0.167130 0.002083 0.012037
0 0.496354 0.114815 0.002083 0.012963
0 0.496354 0.111574 0.002083 0.012037
0 0.851302 0.133333 0.004688 0.012963
1 0.542188 0.309259 0.036458 0.038889
1 0.690104 0.136574 0.019792 0.012037
1 0.920313 0.151852 0.030208 0.016667