1 0.698698 0.133333 0.019271 0.012963
1 0.551042 0.290741 0.034375 0.035185
1 0.927083 0.149537 0.030208 0.015741
6 0.610677 0.614815 0.014062 0.059259
6 0.584115 0.467130 0.021354 0.023148
1 0.877344 0.119907 0.018229 0.012037
1 0.537500 0.118056 0.012500 0.010185
1 0.508854 0.137963 0.007292 0.014815
8 0.521094 0.118519 0.005729 0.011111
2 0.503125 0.253241 0.025000 0.086111
0 0.974479 0.115741 0.005208 0.012963
0 0.512500 0.098611 0.002083 0.012037
0 0.509115 0.102315 0.001563 0.012037
0 0.509115 0.118519 0.002604 0.007407
0 0.509115 0.115741 0.001563 0.012963
0 0.509115 0.115741 0.001563 0.012963
0 0.509115 0.110648 0.001563 0.012037
0 0.509115 0.118519 0.002604 0.007407
0 0.509115 0.115741 0.001563 0.012963
0 0.509115 0.110648 0.001563 0.012037
0 0.509115 0.115741 0.001563 0.012963
0 0.509115 0.115741 0.001563 0.012963
0 0.509115 0.114352 0.001563 0.008333
0 0.509115 0.110648 0.001563 0.012037
0 0.509115 0.111574 0.001563 0.012037
0 0.509115 0.113889 0.002604 0.007407
0 0.509115 0.110648 0.001563 0.012037
0 0.509115 0.118519 0.002604 0.007407
0 0.528125 0.137037 0.002083 0.014815
0 0.509115 0.111111 0.001563 0.012963
0 0.477604 0.161111 0.002083 0.011111
0 0.509115 0.111574 0.001563 0.012037
0 0.509115 0.108333 0.001563 0.012963
0 0.858594 0.131019 0.004688 0.013889
1 0.551042 0.290741 0.034375 0.035185
1 0.698698 0.133333 0.019271 0.012963
1 0.927083 0.149537 0.030208 0.015741