1 0.701302 0.134259 0.019271 0.012963
1 0.552604 0.294907 0.035417 0.036111
1 0.931510 0.150926 0.030729 0.016667
6 0.614323 0.631019 0.014062 0.062037
6 0.586458 0.476852 0.021875 0.024074
1 0.881250 0.120833 0.018750 0.012037
1 0.538542 0.118519 0.012500 0.011111
1 0.509896 0.138889 0.007292 0.014815
8 0.522135 0.119444 0.005729 0.011111
2 0.504167 0.255556 0.025000 0.087037
0 0.978646 0.116667 0.005208 0.012963
0 0.513542 0.098611 0.002083 0.012037
0 0.510417 0.103241 0.002083 0.012037
0 0.510417 0.118519 0.002083 0.007407
0 0.510156 0.116204 0.001563 0.012037
0 0.510156 0.116204 0.001563 0.012037
0 0.510156 0.111574 0.001563 0.012037
0 0.510417 0.118981 0.002083 0.008333
0 0.510156 0.116204 0.001563 0.012037
0 0.510156 0.111574 0.001563 0.012037
0 0.510156 0.116204 0.001563 0.012037
0 0.510156 0.116204 0.001563 0.012037
0 0.510156 0.115278 0.001563 0.008333
0 0.510156 0.111574 0.001563 0.012037
0 0.510156 0.112500 0.001563 0.012037
0 0.510417 0.114815 0.002083 0.007407
0 0.510156 0.111574 0.001563 0.012037
0 0.510417 0.118519 0.002083 0.007407
0 0.529167 0.137963 0.002083 0.014815
0 0.510156 0.111574 0.001563 0.012037
0 0.478646 0.162037 0.002083 0.011111
0 0.510156 0.112037 0.001563 0.012963
0 0.510156 0.108796 0.001563 0.012037
0 0.862240 0.131944 0.004688 0.013889
1 0.552604 0.294907 0.035417 0.036111
1 0.701302 0.134259 0.019271 0.012963
1 0.931510 0.150926 0.030729 0.016667