1 0.700781 0.136111 0.019271 0.012963
1 0.551823 0.302315 0.035937 0.037963
1 0.933073 0.152778 0.030729 0.016667
6 0.618229 0.664352 0.015625 0.065741
6 0.587760 0.494907 0.022396 0.025000
1 0.881250 0.121759 0.018750 0.012037
1 0.536719 0.120370 0.013021 0.011111
1 0.507552 0.140278 0.006771 0.015741
8 0.520052 0.120370 0.005729 0.011111
2 0.502083 0.260648 0.025000 0.087963
0 0.978646 0.117130 0.005208 0.012037
0 0.511198 0.099074 0.001563 0.012963
0 0.508073 0.104167 0.001563 0.012037
0 0.507812 0.120370 0.002083 0.007407
0 0.508073 0.117593 0.001563 0.012963
0 0.508073 0.117593 0.001563 0.012963
0 0.508073 0.112963 0.001563 0.012963
0 0.507812 0.120370 0.002083 0.007407
0 0.508073 0.117593 0.001563 0.012963
0 0.508073 0.112963 0.001563 0.012963
0 0.508073 0.117593 0.001563 0.012963
0 0.508073 0.117593 0.001563 0.012963
0 0.508073 0.116667 0.001563 0.009259
0 0.508073 0.112963 0.001563 0.012963
0 0.508073 0.113426 0.001563 0.012037
0 0.507812 0.115741 0.002083 0.007407
0 0.508073 0.112963 0.001563 0.012963
0 0.507812 0.120370 0.002083 0.007407
0 0.527083 0.139815 0.002083 0.014815
0 0.508073 0.112963 0.001563 0.012963
0 0.475781 0.164352 0.002604 0.012037
0 0.508073 0.113426 0.001563 0.012037
0 0.508073 0.110185 0.001563 0.012963
0 0.863281 0.133796 0.004688 0.013889
1 0.551823 0.302315 0.035937 0.037963
1 0.700781 0.136111 0.019271 0.012963
1 0.933073 0.152778 0.030729 0.016667