1 0.629687 0.137037 0.018750 0.012963
1 0.488281 0.334259 0.039062 0.044444
1 0.845312 0.145833 0.027083 0.015741
6 0.591146 0.816204 0.021875 0.086111
1 0.795313 0.116667 0.016667 0.011111
1 0.463542 0.125463 0.013542 0.012037
1 0.434115 0.146759 0.007812 0.015741
2 0.978646 0.164352 0.042708 0.049074
8 0.446354 0.126389 0.006250 0.012037
7 0.991146 0.229630 0.017708 0.024074
2 0.432031 0.282407 0.029687 0.098148
1 0.873958 0.116667 0.020833 0.012963
0 0.877865 0.109722 0.004688 0.012037
0 0.436458 0.105556 0.002083 0.012963
0 0.433333 0.110185 0.002083 0.012963
0 0.433594 0.126852 0.002604 0.007407
0 0.433594 0.124074 0.002604 0.012963
0 0.433594 0.124074 0.002604 0.012963
0 0.433333 0.119444 0.002083 0.012963
0 0.433594 0.126852 0.002604 0.007407
0 0.433594 0.124074 0.002604 0.012963
0 0.433333 0.119444 0.002083 0.012963
0 0.433594 0.124074 0.002604 0.012963
0 0.433594 0.124074 0.002604 0.012963
0 0.433594 0.123148 0.001563 0.009259
0 0.433333 0.119444 0.002083 0.012963
0 0.433333 0.119444 0.002083 0.012963
0 0.433594 0.122222 0.002604 0.007407
0 0.433333 0.119444 0.002083 0.012963
0 0.959635 0.236574 0.009896 0.023148
0 0.433594 0.126852 0.002604 0.007407
0 0.455208 0.148148 0.002083 0.014815
0 0.433333 0.119444 0.002083 0.012963
0 0.401302 0.176389 0.002604 0.012037
0 0.433333 0.119444 0.002083 0.012963
0 0.433333 0.116667 0.002083 0.012963
0 0.782292 0.129630 0.004167 0.012963
1 0.488281 0.334259 0.039062 0.044444
1 0.629687 0.137037 0.018750 0.012963
1 0.845573 0.145833 0.026563 0.015741