1 0.655990 0.137037 0.019271 0.012963
1 0.511719 0.325000 0.038021 0.042593
1 0.877865 0.148611 0.028646 0.015741
6 0.603125 0.773148 0.019792 0.079630
1 0.826563 0.118519 0.017708 0.011111
1 0.490104 0.124074 0.013542 0.011111
1 0.460677 0.144907 0.007812 0.015741
2 0.997396 0.168056 0.005208 0.054630
8 0.473177 0.124537 0.005729 0.012037
2 0.457812 0.275926 0.028125 0.094444
1 0.909115 0.119907 0.022396 0.013889
0 0.913802 0.112500 0.004688 0.012037
0 0.463542 0.102778 0.002083 0.012963
0 0.460417 0.108333 0.002083 0.012963
0 0.460677 0.124537 0.002604 0.008333
0 0.460417 0.122222 0.002083 0.012963
0 0.460417 0.122222 0.002083 0.012963
0 0.460417 0.117130 0.002083 0.012037
0 0.460677 0.125000 0.002604 0.007407
0 0.460417 0.122222 0.002083 0.012963
0 0.460417 0.117130 0.002083 0.012037
0 0.460417 0.122222 0.002083 0.012963
0 0.460417 0.122222 0.002083 0.012963
0 0.460677 0.120833 0.001563 0.008333
0 0.460417 0.117130 0.002083 0.012037
0 0.460417 0.117593 0.002083 0.012963
0 0.460677 0.120370 0.002604 0.007407
0 0.460417 0.117130 0.002083 0.012037
0 0.993490 0.241204 0.010937 0.023148
0 0.460677 0.124537 0.002604 0.008333
0 0.481250 0.145370 0.002083 0.014815
0 0.460417 0.117593 0.002083 0.012963
0 0.428385 0.172685 0.002604 0.012037
0 0.460417 0.117593 0.002083 0.012963
0 0.460417 0.114815 0.002083 0.012963
0 0.811979 0.131481 0.004167 0.012963
1 0.511719 0.325000 0.038021 0.042593
1 0.655990 0.137037 0.019271 0.012963
1 0.877865 0.148611 0.028646 0.015741