1 0.615104 0.137037 0.018750 0.012963
1 0.474740 0.339352 0.039062 0.045370
1 0.827344 0.144444 0.026563 0.014815
6 0.583854 0.838889 0.022917 0.088889
6 0.530729 0.589815 0.026042 0.031481
1 0.777865 0.115741 0.016146 0.011111
1 0.448438 0.126852 0.013542 0.012963
1 0.418750 0.148148 0.008333 0.016667
2 0.964063 0.161574 0.056250 0.047222
8 0.431250 0.128241 0.006250 0.012037
7 0.973177 0.225926 0.022396 0.024074
2 0.417448 0.286111 0.030729 0.100000
1 0.854427 0.115278 0.020312 0.013889
0 0.857813 0.108333 0.004167 0.011111
0 0.420833 0.107407 0.002083 0.012963
0 0.417448 0.111111 0.002604 0.012963
0 0.418229 0.128241 0.003125 0.008333
0 0.418229 0.125000 0.002083 0.012963
0 0.418229 0.125000 0.002083 0.012963
0 0.417969 0.120370 0.002604 0.012963
0 0.418229 0.128241 0.003125 0.008333
0 0.418229 0.125000 0.002083 0.012963
0 0.417969 0.120370 0.002604 0.012963
0 0.418229 0.125000 0.002083 0.012963
0 0.418229 0.125000 0.002083 0.012963
0 0.418229 0.124074 0.002083 0.009259
0 0.417969 0.120370 0.002604 0.012963
0 0.417969 0.120833 0.002604 0.013889
0 0.417969 0.123611 0.002604 0.008333
0 0.417969 0.120370 0.002604 0.012963
0 0.940104 0.233333 0.009375 0.022222
0 0.418229 0.128241 0.003125 0.008333
0 0.440104 0.149537 0.002083 0.015741
0 0.992188 0.113426 0.005208 0.012037
0 0.417969 0.120370 0.002604 0.012963
0 0.385417 0.178704 0.003125 0.012963
0 0.417969 0.120833 0.002604 0.013889
0 0.417708 0.117593 0.002083 0.012963
0 0.765365 0.128704 0.003646 0.012963
0 0.993750 0.103704 0.005208 0.011111
1 0.474740 0.339352 0.039062 0.045370
1 0.615104 0.137037 0.018750 0.012963
1 0.827604 0.144444 0.026042 0.014815