1 0.762240 0.131019 0.020312 0.015741
1 0.430469 0.143981 0.019271 0.015741
1 0.774479 0.173611 0.012500 0.015741
1 0.286979 0.425463 0.054167 0.063889
1 0.625000 0.133333 0.020833 0.012963
4 0.971615 0.100463 0.056771 0.039815
6 0.901563 0.234722 0.014583 0.015741
6 0.387760 0.789352 0.036979 0.056481
1 0.804427 0.144444 0.018229 0.014815
1 0.579427 0.108333 0.013021 0.011111
1 0.239583 0.149074 0.018750 0.014815
1 0.463542 0.125926 0.014583 0.012963
1 0.201823 0.175926 0.011979 0.020370
2 0.732031 0.139815 0.036979 0.044444
8 0.217448 0.152315 0.009896 0.013889
7 0.748958 0.197685 0.015625 0.021296
2 0.203385 0.358333 0.052604 0.131481
1 0.641406 0.102778 0.015104 0.012963
0 0.207031 0.139815 0.004688 0.014815
0 0.197656 0.134722 0.004688 0.015741
0 0.200781 0.153704 0.004688 0.009259
0 0.200260 0.150926 0.004688 0.014815
0 0.200260 0.150926 0.004688 0.014815
0 0.199219 0.144907 0.004688 0.015741
0 0.200781 0.154167 0.004688 0.010185
0 0.200260 0.150926 0.004688 0.014815
0 0.199219 0.144907 0.004688 0.015741
0 0.200260 0.150926 0.004688 0.014815
0 0.200260 0.150926 0.004688 0.014815
0 0.200000 0.149074 0.004167 0.011111
0 0.199219 0.144907 0.004688 0.015741
0 0.199219 0.145833 0.004688 0.015741
0 0.199740 0.148611 0.004688 0.010185
0 0.199219 0.144907 0.004688 0.015741
0 0.729427 0.209259 0.005729 0.020370
0 0.200781 0.153704 0.004688 0.009259
0 0.230208 0.178704 0.005208 0.018519
0 0.741927 0.093056 0.002604 0.010185
0 0.199219 0.144907 0.004688 0.015741
0 0.158073 0.222685 0.005729 0.015741
0 0.199219 0.145833 0.004688 0.015741
0 0.198698 0.142130 0.004688 0.015741
0 0.572135 0.122222 0.002604 0.012963
0 0.740885 0.085185 0.002604 0.009259
0 0.827083 0.120370 0.004167 0.012963
0 0.801562 0.117130 0.004167 0.012037
1 0.762240 0.131019 0.020312 0.015741
1 0.286979 0.425463 0.054167 0.063889
1 0.430469 0.143981 0.019271 0.015741
1 0.774479 0.173611 0.012500 0.015741
1 0.625000 0.133333 0.020833 0.012963
4 0.971615 0.100463 0.056771 0.039815