1 0.668750 0.125926 0.018750 0.014815
1 0.339323 0.153241 0.021354 0.017593
1 0.682813 0.167593 0.011458 0.014815
1 0.176563 0.494444 0.068750 0.079630
1 0.539583 0.132870 0.019792 0.013889
4 0.847396 0.090278 0.046875 0.037963
6 0.799740 0.220370 0.013021 0.014815
6 0.307813 0.944907 0.046875 0.078704
6 0.895312 0.246296 0.016667 0.018519
6 0.913281 0.248148 0.017188 0.018519
1 0.707552 0.137500 0.015104 0.013889
1 0.493229 0.109722 0.012500 0.012037
1 0.118490 0.168519 0.023438 0.018519
1 0.376823 0.131944 0.016146 0.013889
1 0.071615 0.200926 0.016146 0.024074
2 0.641927 0.136111 0.032812 0.044444
8 0.091406 0.174074 0.013021 0.016667
7 0.661719 0.192593 0.014062 0.020370
2 0.067708 0.419907 0.075000 0.158333
1 0.553906 0.101852 0.014062 0.012963
0 0.080729 0.158796 0.006250 0.017593
0 0.065365 0.154630 0.006771 0.018519
0 0.070312 0.176852 0.006250 0.011111
0 0.069531 0.173148 0.006771 0.016667
0 0.069531 0.173148 0.006771 0.016667
0 0.067969 0.166204 0.006771 0.017593
0 0.070312 0.176852 0.006250 0.011111
0 0.069531 0.173148 0.006771 0.016667
0 0.067969 0.166204 0.006771 0.017593
0 0.069531 0.173148 0.006771 0.016667
0 0.069531 0.173148 0.006771 0.016667
0 0.069531 0.171759 0.005729 0.012037
0 0.067969 0.166204 0.006771 0.017593
0 0.068490 0.167130 0.006771 0.017593
0 0.069271 0.170370 0.006250 0.011111
0 0.067969 0.166204 0.006771 0.017593
0 0.645052 0.206481 0.004688 0.020370
0 0.070312 0.176852 0.006250 0.011111
0 0.106771 0.203704 0.007292 0.020370
0 0.647917 0.089352 0.002083 0.010185
0 0.067969 0.166204 0.006771 0.017593
0 0.015104 0.260648 0.008333 0.017593
0 0.068490 0.167130 0.006771 0.017593
0 0.736198 0.114352 0.002604 0.012037
0 0.067448 0.162963 0.006771 0.016667
0 0.487240 0.124537 0.001563 0.013889
0 0.645833 0.081481 0.002083 0.009259
0 0.726562 0.113426 0.003125 0.012037
0 0.702344 0.110648 0.002604 0.012037
1 0.668750 0.125926 0.018750 0.014815
1 0.176563 0.494444 0.068750 0.079630
1 0.339323 0.153241 0.021354 0.017593
1 0.682813 0.167593 0.011458 0.014815
1 0.539583 0.132870 0.019792 0.013889
4 0.847396 0.090278 0.046875 0.037963