1 0.900260 0.144444 0.025521 0.016667
1 0.540365 0.138426 0.018229 0.013889
1 0.909635 0.189815 0.016146 0.018519
1 0.402344 0.370370 0.044271 0.051852
1 0.740885 0.138426 0.023438 0.013889
6 0.550000 0.965741 0.029167 0.068519
6 0.474479 0.667593 0.029167 0.040741
1 0.951042 0.161111 0.022917 0.016667
1 0.693750 0.111111 0.014583 0.011111
1 0.367969 0.133796 0.015104 0.013889
1 0.336198 0.156944 0.008854 0.017593
2 0.862240 0.151389 0.046354 0.047222
8 0.349479 0.136111 0.007292 0.012963
7 0.875781 0.212963 0.019271 0.022222
2 0.336719 0.311111 0.038021 0.111111
1 0.762500 0.108796 0.017708 0.013889
0 0.764063 0.101852 0.003125 0.011111
0 0.337500 0.118981 0.003125 0.013889
0 0.333854 0.118981 0.003125 0.013889
0 0.335417 0.136574 0.003125 0.008333
0 0.335417 0.133796 0.003125 0.013889
0 0.335417 0.133796 0.003125 0.013889
0 0.334896 0.128241 0.003125 0.013889
0 0.335417 0.136574 0.003125 0.008333
0 0.335417 0.133796 0.003125 0.013889
0 0.334896 0.128241 0.003125 0.013889
0 0.335417 0.133796 0.003125 0.013889
0 0.335417 0.133796 0.003125 0.013889
0 0.335156 0.132407 0.002604 0.009259
0 0.334896 0.128241 0.003125 0.013889
0 0.334896 0.129167 0.003125 0.013889
0 0.334896 0.131481 0.003125 0.009259
0 0.334896 0.128241 0.003125 0.013889
0 0.850000 0.222222 0.007292 0.022222
0 0.335417 0.136574 0.003125 0.008333
0 0.359635 0.158796 0.003646 0.015741
0 0.880208 0.102778 0.004167 0.011111
0 0.334896 0.128241 0.003125 0.013889
0 0.300260 0.193519 0.003646 0.012963
0 0.334896 0.129167 0.003125 0.013889
0 0.334375 0.125463 0.003125 0.013889
0 0.683854 0.125000 0.003125 0.012963
0 0.879948 0.093981 0.003646 0.010185
0 0.982292 0.136574 0.006250 0.013889
0 0.952344 0.131481 0.005729 0.012963
1 0.900260 0.144444 0.025521 0.016667
1 0.402344 0.370370 0.044271 0.051852
1 0.540365 0.138426 0.018229 0.013889
1 0.909635 0.189815 0.016146 0.018519
1 0.740885 0.138426 0.023438 0.013889