1 0.714844 0.127778 0.019271 0.014815
1 0.386198 0.147685 0.020312 0.015741
1 0.727865 0.169907 0.011979 0.015741
1 0.235417 0.455556 0.060417 0.070370
1 0.582292 0.132407 0.019792 0.012963
4 0.907552 0.094444 0.052604 0.038889
6 0.849219 0.226852 0.014062 0.014815
6 0.349740 0.857870 0.041146 0.065741
6 0.951823 0.256019 0.018229 0.019444
6 0.971354 0.258796 0.018750 0.019444
1 0.755208 0.140741 0.016667 0.014815
1 0.536458 0.108333 0.012500 0.011111
1 0.182812 0.157870 0.020833 0.017593
1 0.421094 0.128241 0.015104 0.013889
1 0.141146 0.187037 0.013542 0.022222
2 0.686458 0.137963 0.034375 0.044444
8 0.158333 0.162037 0.011458 0.014815
7 0.704948 0.194444 0.015104 0.020370
2 0.140885 0.385648 0.061979 0.143519
1 0.597396 0.101852 0.014583 0.012963
0 0.142969 0.148148 0.005729 0.016667
0 0.135677 0.143519 0.005729 0.016667
0 0.139583 0.164352 0.005208 0.010185
0 0.139323 0.160648 0.005729 0.015741
0 0.139323 0.160648 0.005729 0.015741
0 0.138021 0.154630 0.005208 0.016667
0 0.139844 0.164352 0.005729 0.010185
0 0.139323 0.160648 0.005729 0.015741
0 0.138021 0.154630 0.005208 0.016667
0 0.139323 0.160648 0.005729 0.015741
0 0.139323 0.160648 0.005729 0.015741
0 0.138802 0.159259 0.004688 0.011111
0 0.138021 0.154630 0.005208 0.016667
0 0.138281 0.155556 0.005729 0.016667
0 0.138542 0.157870 0.005208 0.010185
0 0.138021 0.154630 0.005208 0.016667
0 0.686979 0.207407 0.005208 0.020370
0 0.139583 0.164352 0.005208 0.010185
0 0.172396 0.189815 0.006250 0.018519
0 0.694271 0.091204 0.002083 0.010185
0 0.138021 0.154630 0.005208 0.016667
0 0.091927 0.239352 0.006771 0.015741
0 0.138281 0.155093 0.005729 0.015741
0 0.785937 0.118056 0.003125 0.012037
0 0.137240 0.150926 0.005729 0.016667
0 0.530208 0.123148 0.002083 0.012963
0 0.692708 0.083333 0.002083 0.009259
0 0.960677 0.081481 0.003646 0.009259
0 0.775781 0.116667 0.003646 0.012963
0 0.751042 0.113426 0.003125 0.012037
1 0.714844 0.127778 0.019271 0.014815
1 0.235417 0.455556 0.060417 0.070370
1 0.386198 0.147685 0.020312 0.015741
1 0.727865 0.169907 0.011979 0.015741
1 0.582292 0.132407 0.019792 0.012963
4 0.907552 0.094444 0.052604 0.038889