1 0.813281 0.135648 0.022396 0.015741
1 0.473698 0.141204 0.018229 0.013889
1 0.824219 0.178704 0.014062 0.016667
1 0.334635 0.400463 0.049479 0.058333
1 0.669010 0.134259 0.021354 0.012963
6 0.959375 0.245370 0.016667 0.016667
6 0.422917 0.734722 0.033333 0.049074
1 0.857813 0.150000 0.019792 0.014815
1 0.622917 0.109259 0.013542 0.011111
1 0.292188 0.142130 0.016667 0.013889
1 0.257552 0.167130 0.010937 0.019444
2 0.780469 0.143519 0.040104 0.046296
8 0.271875 0.144907 0.008333 0.013889
7 0.796354 0.202315 0.016667 0.021296
2 0.259115 0.337037 0.046354 0.122222
1 0.686979 0.104630 0.015625 0.012963
0 0.687760 0.098148 0.002604 0.011111
0 0.261719 0.133796 0.003646 0.013889
0 0.254167 0.126852 0.004167 0.014815
0 0.256250 0.145833 0.004167 0.008333
0 0.255990 0.142593 0.003646 0.014815
0 0.255990 0.142593 0.003646 0.014815
0 0.255208 0.137037 0.004167 0.014815
0 0.256510 0.146296 0.003646 0.009259
0 0.255990 0.142593 0.003646 0.014815
0 0.255208 0.137037 0.004167 0.014815
0 0.255990 0.142593 0.003646 0.014815
0 0.255990 0.142593 0.003646 0.014815
0 0.255990 0.141667 0.003646 0.011111
0 0.255208 0.137037 0.004167 0.014815
0 0.255208 0.137963 0.004167 0.014815
0 0.255729 0.140741 0.004167 0.009259
0 0.255208 0.137037 0.004167 0.014815
0 0.774479 0.213426 0.006250 0.021296
0 0.256250 0.145833 0.004167 0.008333
0 0.283333 0.169444 0.004167 0.016667
0 0.792708 0.096759 0.003125 0.010185
0 0.255208 0.137037 0.004167 0.014815
0 0.217448 0.209259 0.004688 0.014815
0 0.255208 0.137963 0.004167 0.014815
0 0.254948 0.134259 0.003646 0.014815
0 0.614844 0.123148 0.002604 0.012963
0 0.792188 0.087963 0.003125 0.009259
0 0.883594 0.125926 0.004688 0.012963
0 0.856510 0.121296 0.004688 0.012963
1 0.813281 0.135648 0.022396 0.015741
1 0.334635 0.400463 0.049479 0.058333
1 0.473698 0.141204 0.018229 0.013889
1 0.824219 0.178704 0.014062 0.016667
1 0.669010 0.134259 0.021354 0.012963