1 0.874219 0.141667 0.024479 0.016667
1 0.521094 0.139352 0.018229 0.013889
1 0.884115 0.186574 0.015104 0.017593
1 0.383073 0.379167 0.045313 0.054630
1 0.719792 0.137037 0.022917 0.012963
6 0.459635 0.687963 0.030729 0.042593
6 0.991146 0.244444 0.016667 0.016667
1 0.923177 0.157870 0.022396 0.015741
1 0.672656 0.110185 0.014062 0.011111
1 0.346615 0.136111 0.016146 0.012963
1 0.314063 0.159722 0.009375 0.017593
2 0.837760 0.148611 0.044271 0.047222
8 0.327865 0.137963 0.007812 0.012963
7 0.852344 0.209259 0.018229 0.022222
2 0.314844 0.318056 0.040104 0.113889
1 0.739844 0.107407 0.017188 0.012963
0 0.741146 0.100926 0.003125 0.011111
0 0.315885 0.122685 0.003646 0.013889
0 0.311458 0.120833 0.003125 0.013889
0 0.313281 0.138889 0.003646 0.009259
0 0.313021 0.136111 0.003125 0.014815
0 0.313021 0.136111 0.003125 0.014815
0 0.312500 0.130556 0.003125 0.014815
0 0.313281 0.138889 0.003646 0.009259
0 0.313021 0.136111 0.003125 0.014815
0 0.312500 0.130556 0.003125 0.014815
0 0.313021 0.136111 0.003125 0.014815
0 0.313021 0.136111 0.003125 0.014815
0 0.312760 0.134722 0.002604 0.010185
0 0.312500 0.130556 0.003125 0.014815
0 0.312500 0.131019 0.003125 0.013889
0 0.312760 0.133796 0.003646 0.008333
0 0.312500 0.130556 0.003125 0.014815
0 0.828125 0.219444 0.007292 0.022222
0 0.313281 0.138889 0.003646 0.009259
0 0.338281 0.162037 0.003646 0.016667
0 0.853906 0.100926 0.003646 0.011111
0 0.312500 0.130556 0.003125 0.014815
0 0.277083 0.197685 0.004167 0.013889
0 0.312500 0.131019 0.003125 0.013889
0 0.312240 0.127778 0.003646 0.014815
0 0.663802 0.124074 0.002604 0.012963
0 0.853646 0.092130 0.003125 0.010185
0 0.923437 0.128241 0.005208 0.013889
1 0.874219 0.141667 0.024479 0.016667
1 0.383073 0.379167 0.045313 0.054630
1 0.521094 0.139352 0.018229 0.013889
1 0.884115 0.186574 0.015104 0.017593
1 0.719792 0.137037 0.022917 0.012963