1 0.497917 0.124537 0.016667 0.013889
1 0.123958 0.187037 0.031250 0.022222
1 0.515885 0.165278 0.009896 0.015741
1 0.368229 0.142130 0.021875 0.015741
4 0.864844 0.156019 0.032812 0.075000
4 0.647656 0.079630 0.033854 0.035185
4 0.981250 0.116667 0.037500 0.037037
6 0.625000 0.206481 0.010417 0.012963
6 0.704167 0.220833 0.012500 0.015741
6 0.718229 0.220370 0.012500 0.016667
1 0.535156 0.132870 0.013021 0.013889
2 0.942708 0.066667 0.025000 0.022222
1 0.314844 0.119444 0.015104 0.012963
8 0.852604 0.198611 0.009375 0.019444
1 0.853385 0.129167 0.010937 0.013889
1 0.176563 0.155556 0.021875 0.016667
7 0.934635 0.071296 0.007812 0.007407
2 0.987240 0.068981 0.025521 0.023148
7 0.855469 0.187500 0.008854 0.017593
2 0.473437 0.137037 0.029167 0.044444
1 0.963281 0.074537 0.016146 0.008333
7 0.498437 0.193981 0.012500 0.019444
8 0.854167 0.191667 0.006250 0.020370
1 0.909115 0.070833 0.015104 0.008333
1 0.380990 0.107407 0.015104 0.014815
0 0.829427 0.134722 0.003646 0.008333
0 0.891406 0.118056 0.003646 0.012037
0 0.858594 0.087037 0.002604 0.009259
0 0.683854 0.067130 0.002083 0.004630
0 0.863281 0.069444 0.002604 0.007407
0 0.485417 0.210185 0.003125 0.020370
0 0.819792 0.155556 0.004167 0.016667
0 0.864323 0.076852 0.002604 0.009259
0 0.857813 0.078241 0.002083 0.004630
0 0.837760 0.117593 0.003646 0.012963
0 0.862760 0.068981 0.002604 0.008333
0 0.475000 0.088426 0.001042 0.010185
0 0.838281 0.133333 0.003646 0.009259
0 0.898698 0.078241 0.002604 0.006481
0 0.558594 0.108796 0.001563 0.012037
0 0.884635 0.066667 0.002604 0.007407
0 0.890104 0.122222 0.004167 0.012963
0 0.900260 0.067593 0.002604 0.007407
0 0.310156 0.137500 0.003646 0.013889
0 0.862500 0.071759 0.002083 0.008333
0 0.861719 0.071296 0.002604 0.007407
0 0.472135 0.080556 0.001563 0.009259
0 0.681771 0.065278 0.002083 0.008333
0 0.902344 0.066667 0.002604 0.007407
0 0.834115 0.120833 0.003646 0.012037
0 0.886198 0.160185 0.005729 0.016667
0 0.814583 0.165741 0.005208 0.016667
0 0.887240 0.144444 0.004688 0.014815
0 0.550781 0.107870 0.001563 0.012037
0 0.526823 0.106481 0.001563 0.011111
0 0.857031 0.082407 0.002604 0.009259
0 0.835938 0.140741 0.004167 0.014815
1 0.497917 0.124537 0.016667 0.013889
1 0.123958 0.187037 0.031250 0.022222
1 0.515885 0.165278 0.009896 0.015741
1 0.368229 0.142130 0.021875 0.015741
4 0.864844 0.156019 0.032812 0.075000
4 0.647656 0.079630 0.033854 0.035185
4 0.981250 0.116667 0.037500 0.037037