1 0.403906 0.128241 0.018229 0.013889
1 0.424740 0.170833 0.010937 0.015741
1 0.263021 0.154167 0.025000 0.017593
4 0.752083 0.144444 0.023958 0.070370
4 0.551042 0.078704 0.030208 0.035185
4 0.885938 0.101389 0.114583 0.028704
6 0.536458 0.206944 0.009375 0.012037
6 0.613542 0.216204 0.011458 0.015741
6 0.626042 0.215278 0.011458 0.015741
2 0.981250 0.106481 0.028125 0.035185
1 0.442708 0.136111 0.013542 0.014815
2 0.809115 0.058796 0.019271 0.019444
1 0.200781 0.131944 0.018229 0.013889
8 0.744531 0.185648 0.006771 0.017593
1 0.739583 0.119444 0.008333 0.012963
1 0.031250 0.180556 0.029167 0.020370
7 0.802604 0.063426 0.006250 0.006481
2 0.845573 0.060185 0.021354 0.020370
7 0.746094 0.175000 0.006771 0.016667
2 0.378385 0.143981 0.032812 0.047222
1 0.826042 0.065741 0.012500 0.007407
7 0.407552 0.202315 0.014062 0.019444
7 0.964583 0.107407 0.007292 0.011111
8 0.745313 0.179167 0.004167 0.019444
1 0.782552 0.063426 0.011979 0.006481
1 0.276563 0.115278 0.017708 0.015741
0 0.719271 0.125926 0.003125 0.007407
0 0.770833 0.107407 0.003125 0.011111
0 0.741146 0.079630 0.002083 0.009259
0 0.956250 0.119444 0.005208 0.012963
0 0.743490 0.062963 0.001563 0.007407
0 0.394792 0.220833 0.004167 0.021296
0 0.712760 0.146296 0.003646 0.014815
0 0.745313 0.069907 0.002083 0.008333
0 0.221875 0.182407 0.005208 0.018519
0 0.739583 0.071296 0.002083 0.005556
0 0.725781 0.109259 0.002604 0.011111
0 0.743229 0.062963 0.002083 0.007407
0 0.914583 0.077315 0.003125 0.008333
0 0.378646 0.091667 0.002083 0.009259
0 0.969271 0.089815 0.004167 0.009259
0 0.727344 0.124074 0.002604 0.009259
0 0.773698 0.070370 0.001563 0.005556
0 0.955469 0.107407 0.004688 0.011111
0 0.465885 0.110185 0.001563 0.011111
0 0.761719 0.059722 0.001563 0.006481
0 0.770312 0.111574 0.003125 0.012037
0 0.918750 0.094444 0.003125 0.005556
0 0.774740 0.060648 0.001563 0.006481
0 0.958073 0.118519 0.003646 0.007407
0 0.196354 0.151852 0.005208 0.014815
0 0.742969 0.065741 0.001563 0.007407
0 0.995833 0.142130 0.006250 0.013889
0 0.742448 0.064815 0.001563 0.007407
0 0.375000 0.083333 0.002083 0.009259
0 0.582292 0.062963 0.001042 0.007407
0 0.776302 0.060185 0.001563 0.007407
0 0.722656 0.112500 0.002604 0.012037
0 0.935417 0.069907 0.003125 0.008333
0 0.709115 0.156019 0.003646 0.015741
0 0.769531 0.131944 0.003646 0.013889
0 0.458073 0.109722 0.001563 0.012037
0 0.432552 0.108796 0.001563 0.012037
0 0.739062 0.075463 0.002083 0.008333
0 0.725521 0.131019 0.003125 0.013889
1 0.403906 0.128241 0.018229 0.013889
1 0.424740 0.170833 0.010937 0.015741
1 0.263021 0.154167 0.025000 0.017593
4 0.752083 0.144444 0.023958 0.070370
4 0.551042 0.078704 0.030208 0.035185
4 0.885938 0.101389 0.114583 0.028704