1 0.375000 0.131019 0.018750 0.013889
1 0.396354 0.174074 0.011458 0.016667
1 0.228646 0.158796 0.027083 0.017593
4 0.721875 0.142593 0.021875 0.070370
4 0.523177 0.078704 0.029687 0.035185
4 0.848177 0.098611 0.107813 0.026852
6 0.510417 0.208333 0.009375 0.012963
6 0.587500 0.216204 0.011458 0.015741
6 0.600000 0.214815 0.011458 0.014815
2 0.937500 0.102315 0.026042 0.034259
8 0.917708 0.068519 0.006250 0.007407
1 0.414844 0.137963 0.014062 0.014815
2 0.774219 0.056944 0.018229 0.019444
1 0.163021 0.137037 0.019792 0.014815
8 0.715104 0.182870 0.006250 0.017593
1 0.708854 0.117593 0.008333 0.012963
7 0.767969 0.061574 0.005729 0.006481
2 0.809115 0.058796 0.020312 0.019444
7 0.908594 0.057407 0.005729 0.005556
7 0.716406 0.172222 0.005729 0.016667
2 0.348698 0.146296 0.034896 0.048148
1 0.790365 0.063889 0.011979 0.007407
7 0.379687 0.206019 0.014583 0.019444
7 0.921615 0.102778 0.006771 0.011111
8 0.716146 0.176852 0.004167 0.018519
1 0.749219 0.062037 0.010937 0.007407
1 0.242708 0.118981 0.018750 0.015741
0 0.689583 0.124537 0.003125 0.008333
0 0.738802 0.105556 0.002604 0.011111
0 0.709375 0.077778 0.002083 0.009259
0 0.555990 0.064352 0.001563 0.004630
0 0.914583 0.115278 0.004167 0.012037
0 0.711719 0.062037 0.001563 0.007407
0 0.366927 0.225926 0.004688 0.022222
0 0.683854 0.144444 0.003125 0.014815
0 0.713281 0.068519 0.001563 0.007407
0 0.185417 0.188889 0.006250 0.018519
0 0.970312 0.117593 0.005208 0.012963
0 0.707812 0.069907 0.002083 0.004630
0 0.695312 0.107407 0.002083 0.011111
0 0.711198 0.061111 0.001563 0.007407
0 0.874479 0.074537 0.003125 0.008333
0 0.348437 0.093056 0.002083 0.010185
0 0.925781 0.086111 0.003646 0.009259
0 0.697135 0.122222 0.002604 0.009259
0 0.740885 0.068519 0.001563 0.005556
0 0.913542 0.103241 0.004167 0.010185
0 0.438281 0.111111 0.001563 0.011111
0 0.728906 0.058333 0.001563 0.007407
0 0.738542 0.109259 0.003125 0.011111
0 0.878646 0.091204 0.003125 0.006481
0 0.741406 0.059259 0.001563 0.007407
0 0.916146 0.114352 0.003125 0.006481
0 0.158333 0.157870 0.005208 0.015741
0 0.711198 0.063889 0.001563 0.007407
0 0.951823 0.136574 0.005729 0.013889
0 0.710417 0.063889 0.002083 0.007407
0 0.344792 0.085185 0.002083 0.009259
0 0.554167 0.062963 0.001042 0.007407
0 0.742969 0.058796 0.001563 0.006481
0 0.692448 0.110648 0.002604 0.012037
0 0.893490 0.067593 0.002604 0.007407
0 0.738021 0.145370 0.004167 0.014815
0 0.680469 0.154167 0.003646 0.015741
0 0.738021 0.129630 0.003125 0.012963
0 0.430208 0.111111 0.002083 0.011111
0 0.403906 0.110648 0.002604 0.012037
0 0.707552 0.073611 0.001563 0.008333
0 0.695833 0.129630 0.003125 0.012963
1 0.375000 0.131019 0.018750 0.013889
1 0.396354 0.174074 0.011458 0.016667
1 0.228646 0.158796 0.027083 0.017593
4 0.721875 0.142593 0.021875 0.070370
4 0.523177 0.078704 0.029687 0.035185
4 0.848177 0.098611 0.107813 0.026852