1 0.160938 0.159722 0.027083 0.015741
1 0.190365 0.212963 0.017188 0.020370
4 0.550521 0.140741 0.015625 0.070370
4 0.340885 0.085648 0.034896 0.039815
4 0.648958 0.088426 0.085417 0.019444
6 0.335938 0.238889 0.012500 0.012963
6 0.269271 0.237037 0.012500 0.012963
6 0.423438 0.237037 0.011458 0.014815
6 0.436979 0.233796 0.011458 0.015741
6 0.303906 0.237963 0.011979 0.012963
2 0.721094 0.088889 0.018229 0.029630
8 0.697917 0.057870 0.004167 0.006481
1 0.214323 0.164352 0.019271 0.017593
2 0.583333 0.052315 0.014583 0.017593
8 0.547656 0.183796 0.004688 0.017593
1 0.533333 0.116204 0.006250 0.012037
7 0.578646 0.056944 0.004167 0.006481
2 0.612760 0.052315 0.015104 0.017593
7 0.547656 0.172222 0.004688 0.016667
2 0.122135 0.185185 0.054688 0.061111
1 0.924479 0.224537 0.035417 0.030556
1 0.597656 0.058333 0.009896 0.005556
7 0.166927 0.257870 0.022396 0.023148
7 0.707031 0.088889 0.004688 0.009259
8 0.547656 0.176852 0.002604 0.018519
1 0.564323 0.057870 0.009896 0.006481
8 0.868750 0.299074 0.021875 0.025926
0 0.516146 0.124074 0.002083 0.007407
0 0.559115 0.100926 0.001563 0.011111
0 0.529167 0.075463 0.001042 0.008333
0 0.703906 0.100926 0.002604 0.011111
0 0.529167 0.059259 0.001042 0.007407
0 0.151823 0.288426 0.009896 0.026852
0 0.513021 0.146296 0.002083 0.014815
0 0.804688 0.157870 0.005208 0.015741
0 0.531771 0.065741 0.001042 0.007407
0 0.744792 0.100000 0.003125 0.011111
0 0.526563 0.067130 0.001042 0.004630
0 0.520052 0.106481 0.001563 0.011111
0 0.528646 0.058796 0.001042 0.006481
0 0.666406 0.064815 0.001563 0.007407
0 0.126563 0.114352 0.004167 0.012037
0 0.906771 0.250000 0.008333 0.014815
0 0.799479 0.169444 0.005208 0.016667
0 0.783854 0.146296 0.004167 0.014815
0 0.523177 0.120370 0.001563 0.009259
0 0.804427 0.174537 0.004688 0.010185
0 0.555729 0.064815 0.001042 0.005556
0 0.701042 0.089352 0.002083 0.010185
0 0.244531 0.129167 0.003646 0.013889
0 0.785156 0.115278 0.003646 0.012037
0 0.826302 0.176852 0.005729 0.018519
0 0.545313 0.055093 0.001042 0.006481
0 0.559115 0.104630 0.001563 0.011111
0 0.672396 0.080556 0.002083 0.005556
0 0.556250 0.055093 0.001042 0.006481
0 0.875781 0.222685 0.007812 0.021296
0 0.704427 0.100463 0.002604 0.006481
0 0.910677 0.177315 0.006771 0.017593
0 0.529167 0.061574 0.001042 0.006481
0 0.733854 0.118056 0.003125 0.012037
0 0.528125 0.061111 0.001042 0.007407
0 0.121354 0.105093 0.004167 0.012037
0 0.375000 0.066667 0.001042 0.007407
0 0.557292 0.055093 0.001042 0.006481
0 0.517708 0.108796 0.001042 0.012037
0 0.679948 0.057870 0.001563 0.006481
0 0.561979 0.141667 0.002083 0.014815
0 0.511458 0.156019 0.002083 0.015741
0 0.561719 0.125000 0.001563 0.012963
0 0.235677 0.129630 0.003646 0.012963
0 0.197917 0.131481 0.004167 0.012963
0 0.527083 0.070833 0.001042 0.008333
0 0.522656 0.129167 0.001563 0.013889
1 0.160938 0.159722 0.027083 0.015741
1 0.190365 0.212963 0.017188 0.020370
4 0.550521 0.140741 0.015625 0.070370
4 0.340885 0.085648 0.034896 0.039815
4 0.648958 0.088426 0.085417 0.019444