1 0.215885 0.149537 0.024479 0.015741
1 0.244010 0.198148 0.015104 0.018519
1 0.021094 0.198148 0.040104 0.022222
4 0.584635 0.137963 0.016146 0.068519
4 0.382552 0.082870 0.032812 0.037963
4 0.686458 0.088889 0.087500 0.020370
6 0.377865 0.225926 0.010937 0.012963
6 0.316146 0.222222 0.011458 0.012963
6 0.460417 0.226852 0.011458 0.014815
6 0.473177 0.224074 0.010937 0.014815
6 0.348177 0.224074 0.010937 0.012963
2 0.759635 0.089815 0.019271 0.029630
8 0.738802 0.058796 0.004688 0.006481
1 0.264323 0.154630 0.017188 0.016667
2 0.621094 0.052315 0.015104 0.017593
8 0.581510 0.179630 0.004688 0.016667
1 0.569271 0.114352 0.006250 0.012037
7 0.616406 0.056944 0.004688 0.006481
2 0.650781 0.053241 0.016146 0.017593
7 0.732292 0.049074 0.004167 0.005556
7 0.581510 0.168981 0.004688 0.015741
2 0.182292 0.170833 0.047917 0.056481
1 0.965625 0.227778 0.037500 0.031481
1 0.635677 0.058333 0.009896 0.005556
7 0.223958 0.238426 0.019792 0.021296
7 0.746094 0.089815 0.004688 0.009259
8 0.581510 0.173148 0.002604 0.018519
1 0.600781 0.057870 0.009896 0.006481
8 0.901042 0.298148 0.022917 0.027778
1 0.041927 0.145833 0.027604 0.019444
0 0.552083 0.121759 0.002083 0.008333
0 0.595052 0.100000 0.001563 0.011111
0 0.035937 0.137500 0.006250 0.013889
0 0.565885 0.074537 0.001563 0.008333
0 0.416927 0.066204 0.001563 0.004630
0 0.742188 0.101852 0.003125 0.011111
0 0.566146 0.058796 0.001042 0.006481
0 0.209896 0.265278 0.008333 0.025000
0 0.548437 0.142593 0.002083 0.014815
0 0.844531 0.159722 0.005729 0.015741
0 0.568750 0.064815 0.001042 0.007407
0 0.784635 0.101389 0.002604 0.010185
0 0.563542 0.066204 0.001042 0.004630
0 0.555990 0.104630 0.001563 0.011111
0 0.565885 0.058333 0.000521 0.007407
0 0.705469 0.065741 0.001563 0.007407
0 0.183073 0.107407 0.003646 0.011111
0 0.945573 0.252778 0.008854 0.014815
0 0.837500 0.170370 0.005208 0.016667
0 0.823438 0.148148 0.005208 0.014815
0 0.559115 0.118519 0.001563 0.009259
0 0.843229 0.176852 0.005208 0.011111
0 0.592708 0.064815 0.001042 0.005556
0 0.739844 0.090741 0.002604 0.009259
0 0.291406 0.122222 0.002604 0.012963
0 0.827083 0.118056 0.004167 0.012037
0 0.865625 0.179167 0.006250 0.017593
0 0.582292 0.055093 0.001042 0.006481
0 0.595052 0.103704 0.001563 0.011111
0 0.710938 0.081019 0.002083 0.004630
0 0.593229 0.055093 0.001042 0.006481
0 0.914844 0.225926 0.008854 0.022222
0 0.742969 0.101389 0.002604 0.006481
0 0.955469 0.181944 0.007812 0.017593
0 0.566146 0.061111 0.001042 0.007407
0 0.772656 0.119444 0.003646 0.012963
0 0.565365 0.060648 0.000521 0.006481
0 0.177865 0.098611 0.003646 0.010185
0 0.414583 0.064815 0.001042 0.007407
0 0.594271 0.055093 0.001042 0.006481
0 0.553385 0.107407 0.001563 0.011111
0 0.720052 0.058796 0.001563 0.006481
0 0.597656 0.139352 0.002604 0.013889
0 0.546354 0.152315 0.002083 0.015741
0 0.596875 0.124074 0.002083 0.012963
0 0.282813 0.123148 0.003125 0.012963
0 0.249740 0.124074 0.003646 0.012963
0 0.564062 0.070370 0.001042 0.007407
0 0.558073 0.126852 0.001563 0.012963
1 0.215885 0.149537 0.024479 0.015741
1 0.244010 0.198148 0.015104 0.018519
1 0.021094 0.198148 0.040104 0.022222
4 0.584635 0.137963 0.016146 0.068519
4 0.382552 0.082870 0.032812 0.037963
4 0.686458 0.088889 0.087500 0.020370