1 0.291927 0.138889 0.021354 0.014815
1 0.316927 0.184722 0.013021 0.017593
1 0.125000 0.176852 0.032292 0.020370
4 0.644531 0.138889 0.018229 0.068519
4 0.447135 0.080093 0.030729 0.036111
4 0.754948 0.092130 0.094271 0.023148
6 0.439323 0.215741 0.009896 0.012963
6 0.382031 0.209722 0.009896 0.012037
6 0.517969 0.219444 0.010937 0.014815
6 0.530469 0.217593 0.010937 0.014815
6 0.411719 0.212500 0.009896 0.012037
2 0.833854 0.093981 0.021875 0.030556
8 0.813542 0.062037 0.005208 0.007407
1 0.335677 0.144907 0.015104 0.015741
2 0.687240 0.054167 0.016146 0.017593
1 0.045573 0.155093 0.024479 0.017593
8 0.640104 0.179630 0.005208 0.016667
8 0.236198 0.100926 0.005729 0.011111
1 0.630469 0.114352 0.006771 0.012037
7 0.681771 0.058796 0.005208 0.006481
2 0.718490 0.054630 0.017188 0.018519
7 0.805990 0.051852 0.004688 0.005556
7 0.640625 0.168981 0.005208 0.015741
2 0.262760 0.157407 0.040104 0.051852
1 0.702083 0.060185 0.010417 0.005556
7 0.298698 0.220370 0.017188 0.020370
7 0.819531 0.094444 0.005729 0.009259
8 0.640625 0.173148 0.003125 0.018519
1 0.665104 0.058796 0.010417 0.006481
8 0.976823 0.313426 0.026563 0.028704
1 0.141406 0.131019 0.022396 0.017593
0 0.612500 0.121759 0.002083 0.008333
0 0.657812 0.101389 0.002083 0.010185
0 0.628906 0.075463 0.001563 0.008333
0 0.480208 0.064352 0.001042 0.004630
0 0.814323 0.106481 0.003646 0.011111
0 0.629687 0.059722 0.001042 0.006481
0 0.285677 0.243056 0.006771 0.023148
0 0.608073 0.142130 0.002604 0.013889
0 0.924740 0.169444 0.006771 0.016667
0 0.632031 0.065741 0.001563 0.007407
0 0.073958 0.212963 0.008333 0.020370
0 0.861198 0.106944 0.003646 0.012037
0 0.626823 0.067130 0.001563 0.004630
0 0.617188 0.104630 0.002083 0.011111
0 0.629427 0.059259 0.001563 0.007407
0 0.776563 0.068981 0.002083 0.008333
0 0.262500 0.100000 0.003125 0.011111
0 0.915365 0.180093 0.006771 0.017593
0 0.901823 0.156944 0.005729 0.015741
0 0.619792 0.118981 0.002083 0.008333
0 0.921875 0.187037 0.006250 0.011111
0 0.657031 0.065741 0.001563 0.005556
0 0.812760 0.094907 0.003646 0.010185
0 0.360417 0.116204 0.002083 0.012037
0 0.908073 0.125926 0.004688 0.012963
0 0.947135 0.190278 0.007812 0.019444
0 0.646094 0.056019 0.001563 0.006481
0 0.657812 0.105556 0.002083 0.011111
0 0.781510 0.084259 0.002604 0.005556
0 0.657552 0.056019 0.001563 0.006481
0 0.997135 0.241204 0.005729 0.023148
0 0.815365 0.105556 0.002604 0.007407
0 0.040104 0.179167 0.007292 0.017593
0 0.629687 0.062037 0.001042 0.007407
0 0.846875 0.125000 0.004167 0.012963
0 0.628906 0.061111 0.001563 0.007407
0 0.258073 0.091204 0.002604 0.010185
0 0.478125 0.062963 0.001042 0.007407
0 0.658854 0.056019 0.001042 0.006481
0 0.614844 0.107870 0.001563 0.012037
0 0.792708 0.062037 0.002083 0.007407
0 0.605469 0.151389 0.002604 0.015741
0 0.658594 0.125000 0.002604 0.012963
0 0.352083 0.116204 0.002083 0.012037
0 0.322917 0.116204 0.003125 0.012037
0 0.626823 0.071296 0.001563 0.007407
0 0.618750 0.126852 0.002083 0.012963
1 0.291927 0.138889 0.021354 0.014815
1 0.316927 0.184722 0.013021 0.017593
1 0.125000 0.176852 0.032292 0.020370
4 0.644531 0.138889 0.018229 0.068519
4 0.447135 0.080093 0.030729 0.036111
4 0.754948 0.092130 0.094271 0.023148