1 0.167448 0.158333 0.026563 0.016667
1 0.196875 0.210185 0.016667 0.020370
4 0.553125 0.140278 0.015625 0.069444
4 0.345052 0.085185 0.034896 0.038889
4 0.651563 0.087963 0.085417 0.020370
6 0.340365 0.236111 0.011979 0.012963
6 0.275000 0.234259 0.012500 0.012963
6 0.427083 0.234722 0.011458 0.015741
6 0.440365 0.231481 0.011979 0.014815
6 0.308854 0.235185 0.012500 0.012963
2 0.723177 0.088889 0.018229 0.029630
8 0.701042 0.057870 0.004167 0.006481
1 0.219792 0.162500 0.018750 0.017593
2 0.586458 0.052315 0.014583 0.017593
8 0.550260 0.182407 0.004688 0.016667
1 0.536458 0.115278 0.006250 0.012037
7 0.581510 0.056944 0.004688 0.006481
2 0.615365 0.052315 0.015104 0.017593
7 0.550000 0.170833 0.004167 0.015741
2 0.129427 0.182870 0.053646 0.060185
1 0.925000 0.223148 0.035417 0.029630
1 0.600781 0.057870 0.009896 0.006481
7 0.174219 0.254630 0.022396 0.022222
7 0.709635 0.088889 0.004688 0.009259
8 0.550000 0.175926 0.002083 0.018519
1 0.567187 0.057870 0.009375 0.006481
8 0.868750 0.296296 0.021875 0.025926
0 0.519271 0.123611 0.002083 0.008333
0 0.561719 0.100463 0.001563 0.010185
0 0.532292 0.075463 0.001042 0.008333
0 0.706510 0.100463 0.002604 0.010185
0 0.532031 0.059259 0.000521 0.007407
0 0.159115 0.283796 0.009896 0.026852
0 0.515885 0.145370 0.001563 0.014815
0 0.806771 0.156944 0.005208 0.015741
0 0.534896 0.065741 0.001042 0.007407
0 0.747135 0.100000 0.002604 0.011111
0 0.529688 0.067130 0.001042 0.004630
0 0.522656 0.105556 0.001563 0.011111
0 0.531771 0.058796 0.001042 0.006481
0 0.669010 0.064815 0.001563 0.007407
0 0.132812 0.113426 0.004167 0.012037
0 0.907292 0.248148 0.008333 0.014815
0 0.801042 0.168519 0.005208 0.016667
0 0.785937 0.146296 0.004167 0.014815
0 0.526042 0.119907 0.001042 0.008333
0 0.806250 0.174074 0.005208 0.011111
0 0.558854 0.064815 0.001042 0.005556
0 0.703646 0.089352 0.002083 0.010185
0 0.249479 0.128241 0.003125 0.013889
0 0.787760 0.115278 0.003646 0.012037
0 0.827604 0.176389 0.006250 0.017593
0 0.547917 0.055093 0.001042 0.006481
0 0.562240 0.104630 0.001563 0.011111
0 0.675000 0.080556 0.002083 0.005556
0 0.559375 0.055093 0.001042 0.006481
0 0.876823 0.221759 0.007812 0.021296
0 0.707031 0.099537 0.002604 0.006481
0 0.912240 0.176389 0.006771 0.017593
0 0.532031 0.061574 0.000521 0.006481
0 0.735937 0.117593 0.003125 0.012963
0 0.531250 0.061111 0.001042 0.007407
0 0.127344 0.103704 0.003646 0.011111
0 0.378385 0.065741 0.001563 0.007407
0 0.560156 0.055093 0.000521 0.006481
0 0.520573 0.108333 0.001563 0.011111
0 0.682813 0.057870 0.001042 0.006481
0 0.564844 0.140741 0.002604 0.014815
0 0.514323 0.155093 0.001563 0.015741
0 0.564323 0.125000 0.001563 0.012963
0 0.240365 0.128704 0.003646 0.012963
0 0.203646 0.130093 0.004167 0.013889
0 0.530208 0.070833 0.001042 0.008333
0 0.525260 0.128704 0.001563 0.012963
1 0.167448 0.158333 0.026563 0.016667
1 0.196875 0.210185 0.016667 0.020370
4 0.553125 0.140278 0.015625 0.069444
4 0.345052 0.085185 0.034896 0.038889
4 0.651563 0.087963 0.085417 0.020370