1 0.155729 0.161574 0.027083 0.015741
1 0.184635 0.215741 0.017188 0.020370
4 0.548437 0.142130 0.015625 0.071296
4 0.338021 0.086574 0.035417 0.039815
4 0.646875 0.088426 0.085417 0.019444
6 0.332031 0.242130 0.011979 0.013889
6 0.264583 0.239815 0.012500 0.012963
6 0.420573 0.239815 0.011979 0.014815
6 0.434115 0.236111 0.011979 0.014815
6 0.299479 0.240741 0.012500 0.012963
2 0.719531 0.089815 0.018229 0.029630
8 0.695833 0.057870 0.004167 0.006481
1 0.209375 0.165741 0.019792 0.018519
2 0.581250 0.052315 0.014583 0.017593
8 0.546094 0.185648 0.004688 0.017593
1 0.531250 0.117130 0.006250 0.012037
2 0.610677 0.053241 0.015104 0.017593
7 0.545573 0.173611 0.004688 0.015741
2 0.115625 0.187037 0.056250 0.061111
1 0.924740 0.225926 0.035937 0.031481
1 0.595573 0.058333 0.009896 0.005556
7 0.160677 0.261574 0.023438 0.023148
7 0.705208 0.089815 0.004167 0.009259
8 0.545833 0.178241 0.002083 0.019444
1 0.562240 0.058333 0.009896 0.005556
8 0.870313 0.302315 0.021875 0.026852
0 0.514063 0.125000 0.002083 0.007407
0 0.557031 0.101389 0.001563 0.010185
0 0.527083 0.075463 0.001042 0.008333
0 0.702344 0.100926 0.002604 0.011111
0 0.526823 0.059722 0.000521 0.006481
0 0.144792 0.293056 0.010417 0.026852
0 0.510938 0.147222 0.002083 0.014815
0 0.803646 0.158333 0.005208 0.016667
0 0.529688 0.065741 0.001042 0.007407
0 0.742969 0.100463 0.002604 0.010185
0 0.524479 0.067130 0.001042 0.004630
0 0.517708 0.106481 0.001042 0.011111
0 0.526563 0.059259 0.001042 0.007407
0 0.664323 0.064815 0.001563 0.007407
0 0.121615 0.115278 0.004688 0.012037
0 0.907292 0.251852 0.008333 0.014815
0 0.798958 0.170370 0.005208 0.016667
0 0.782552 0.147222 0.004688 0.014815
0 0.521094 0.121296 0.001563 0.009259
0 0.803906 0.175463 0.004688 0.010185
0 0.553646 0.065278 0.001042 0.004630
0 0.698958 0.089815 0.002083 0.009259
0 0.240625 0.130093 0.003125 0.013889
0 0.783594 0.116204 0.003646 0.012037
0 0.825521 0.177778 0.006250 0.018519
0 0.542969 0.055093 0.000521 0.006481
0 0.557031 0.105556 0.001563 0.011111
0 0.670573 0.080556 0.001563 0.005556
0 0.554167 0.055556 0.001042 0.007407
0 0.875781 0.224537 0.007812 0.021296
0 0.702865 0.100463 0.002604 0.006481
0 0.910156 0.178241 0.006771 0.017593
0 0.526823 0.062037 0.000521 0.007407
0 0.732292 0.118056 0.003125 0.012037
0 0.526042 0.061111 0.001042 0.007407
0 0.116146 0.106019 0.004167 0.012037
0 0.372135 0.066667 0.001563 0.007407
0 0.555208 0.055093 0.001042 0.006481
0 0.515365 0.109259 0.001563 0.011111
0 0.677865 0.058333 0.001563 0.007407
0 0.560156 0.142593 0.002604 0.014815
0 0.509375 0.156944 0.002083 0.015741
0 0.559635 0.125926 0.001563 0.012963
0 0.231510 0.131019 0.003646 0.013889
0 0.193229 0.132407 0.004167 0.012963
0 0.525000 0.071296 0.001042 0.007407
0 0.520573 0.130093 0.001563 0.013889
1 0.155729 0.161574 0.027083 0.015741
1 0.184635 0.215741 0.017188 0.020370
4 0.548437 0.142130 0.015625 0.071296
4 0.338021 0.086574 0.035417 0.039815
4 0.646875 0.088426 0.085417 0.019444