1 0.146094 0.163889 0.027604 0.016667
1 0.175000 0.218519 0.017708 0.020370
4 0.543490 0.143056 0.016146 0.071296
4 0.331510 0.087037 0.035937 0.040741
4 0.641667 0.088889 0.085417 0.020370
6 0.325000 0.245370 0.012500 0.012963
6 0.256510 0.243519 0.013021 0.012963
6 0.414844 0.242593 0.011979 0.014815
6 0.428385 0.238889 0.011979 0.014815
6 0.291927 0.244444 0.013021 0.012963
2 0.714323 0.089815 0.018229 0.029630
8 0.690625 0.057870 0.004167 0.006481
1 0.200521 0.168056 0.019792 0.017593
2 0.576042 0.052315 0.014583 0.017593
7 0.172396 0.178241 0.008333 0.017593
8 0.541146 0.186574 0.005208 0.017593
1 0.526042 0.117593 0.006250 0.012963
7 0.571094 0.057407 0.004688 0.005556
2 0.604948 0.053241 0.015104 0.017593
7 0.540885 0.174537 0.004688 0.015741
2 0.104427 0.189815 0.057813 0.062963
1 0.920573 0.226389 0.035937 0.030556
1 0.590365 0.058333 0.009896 0.005556
7 0.150000 0.266204 0.023958 0.023148
7 0.700000 0.089815 0.004167 0.009259
8 0.540885 0.179630 0.002604 0.018519
1 0.557292 0.058333 0.009375 0.005556
8 0.867708 0.304167 0.021875 0.026852
0 0.508854 0.125926 0.002083 0.007407
0 0.551823 0.101852 0.001563 0.011111
0 0.521354 0.076389 0.001042 0.008333
0 0.697135 0.101389 0.002604 0.010185
0 0.521354 0.059722 0.001042 0.006481
0 0.133854 0.298611 0.010417 0.028704
0 0.505729 0.148148 0.002083 0.014815
0 0.798958 0.158796 0.005208 0.015741
0 0.737760 0.100463 0.002604 0.010185
0 0.519271 0.067130 0.001042 0.004630
0 0.512500 0.107407 0.001042 0.011111
0 0.521094 0.059259 0.000521 0.007407
0 0.658854 0.065278 0.001042 0.008333
0 0.112240 0.117130 0.004688 0.012037
0 0.903646 0.251852 0.008333 0.014815
0 0.794792 0.170370 0.005208 0.016667
0 0.777865 0.147222 0.004688 0.014815
0 0.515885 0.121759 0.001563 0.008333
0 0.799219 0.175926 0.004688 0.011111
0 0.548177 0.065278 0.000521 0.004630
0 0.693750 0.089815 0.002083 0.009259
0 0.233073 0.131944 0.003646 0.013889
0 0.778385 0.116204 0.003646 0.012037
0 0.820573 0.178241 0.005729 0.017593
0 0.537500 0.055556 0.001042 0.007407
0 0.552083 0.105556 0.001042 0.011111
0 0.665104 0.080556 0.002083 0.005556
0 0.548958 0.056019 0.001042 0.006481
0 0.871615 0.225000 0.007812 0.022222
0 0.697656 0.100463 0.002604 0.006481
0 0.904948 0.178241 0.006771 0.017593
0 0.521354 0.062037 0.001042 0.007407
0 0.727083 0.118519 0.003125 0.012963
0 0.520573 0.061574 0.000521 0.006481
0 0.106771 0.107407 0.004167 0.011111
0 0.549740 0.055093 0.000521 0.006481
0 0.510156 0.109722 0.001563 0.012037
0 0.672396 0.058333 0.001042 0.007407
0 0.554688 0.143519 0.002083 0.014815
0 0.504427 0.157870 0.001563 0.015741
0 0.554688 0.126852 0.002083 0.012963
0 0.223698 0.131944 0.003646 0.013889
0 0.184115 0.133796 0.004688 0.013889
0 0.519271 0.071759 0.001042 0.008333
0 0.515365 0.131019 0.001563 0.013889
1 0.146094 0.163889 0.027604 0.016667
1 0.175000 0.218519 0.017708 0.020370
4 0.543490 0.143056 0.016146 0.071296
4 0.331510 0.087037 0.035937 0.040741
4 0.641667 0.088889 0.085417 0.020370