1 0.095833 0.175000 0.031250 0.016667
1 0.125260 0.235185 0.019271 0.022222
4 0.516927 0.146759 0.016146 0.073148
4 0.296875 0.090278 0.038542 0.041667
4 0.614323 0.089352 0.084896 0.019444
6 0.288021 0.260648 0.013542 0.013889
6 0.213542 0.260648 0.014583 0.013889
6 0.383854 0.255093 0.012500 0.015741
6 0.398438 0.251389 0.012500 0.015741
6 0.252344 0.260648 0.014062 0.013889
2 0.686979 0.089815 0.017708 0.029630
8 0.661198 0.057870 0.003646 0.006481
2 0.547656 0.053241 0.014062 0.017593
7 0.123958 0.190741 0.009375 0.018519
8 0.515365 0.192593 0.004688 0.018519
1 0.498958 0.120370 0.006250 0.012963
2 0.576823 0.053241 0.015104 0.017593
7 0.514844 0.179630 0.004688 0.016667
2 0.047135 0.205093 0.066146 0.067593
1 0.895312 0.226852 0.035417 0.031481
1 0.562240 0.058796 0.009896 0.006481
7 0.095312 0.288889 0.027083 0.024074
7 0.672396 0.089815 0.004167 0.009259
8 0.515104 0.184722 0.002083 0.019444
1 0.529688 0.058796 0.009375 0.006481
8 0.849219 0.309722 0.022396 0.026852
0 0.481250 0.129167 0.002083 0.008333
0 0.524479 0.102778 0.001042 0.011111
0 0.493490 0.077315 0.000521 0.008333
0 0.669792 0.101852 0.002083 0.011111
0 0.492969 0.060648 0.000521 0.006481
0 0.076042 0.326852 0.012500 0.029630
0 0.478125 0.152778 0.002083 0.014815
0 0.771875 0.158796 0.005208 0.015741
0 0.710156 0.100463 0.002604 0.010185
0 0.491146 0.068056 0.001042 0.004630
0 0.484635 0.109722 0.001563 0.012037
0 0.492708 0.060185 0.001042 0.007407
0 0.630469 0.065278 0.001563 0.008333
0 0.994271 0.323148 0.011458 0.029630
0 0.879687 0.253704 0.008333 0.014815
0 0.670052 0.073611 0.001563 0.008333
0 0.769271 0.171759 0.005208 0.017593
0 0.750521 0.147222 0.004167 0.014815
0 0.488281 0.124537 0.001563 0.008333
0 0.773177 0.175926 0.004688 0.011111
0 0.520052 0.066204 0.000521 0.004630
0 0.665885 0.089815 0.001563 0.009259
0 0.192188 0.138889 0.004167 0.014815
0 0.749740 0.115278 0.003646 0.012037
0 0.794271 0.178704 0.005208 0.018519
0 0.144531 0.323148 0.010937 0.029630
0 0.509896 0.056019 0.001042 0.006481
0 0.525000 0.107407 0.001042 0.011111
0 0.637500 0.081019 0.002083 0.004630
0 0.521354 0.056019 0.001042 0.006481
0 0.846615 0.225926 0.007812 0.022222
0 0.670313 0.101389 0.002083 0.006481
0 0.875781 0.177315 0.006771 0.017593
0 0.493229 0.062963 0.001042 0.007407
0 0.699479 0.118519 0.003125 0.012963
0 0.492188 0.062037 0.001042 0.007407
0 0.055729 0.114352 0.005208 0.012037
0 0.521875 0.056019 0.001042 0.006481
0 0.482292 0.112500 0.001042 0.012037
0 0.643750 0.057870 0.001042 0.006481
0 0.528125 0.146296 0.002083 0.014815
0 0.477083 0.162500 0.002083 0.015741
0 0.527865 0.128704 0.001563 0.012963
0 0.182812 0.139815 0.004167 0.014815
0 0.138021 0.142130 0.005208 0.013889
0 0.491146 0.072685 0.001042 0.008333
0 0.487760 0.134722 0.001563 0.013889
1 0.095833 0.175000 0.031250 0.016667
1 0.125260 0.235185 0.019271 0.022222
4 0.516927 0.146759 0.016146 0.073148
4 0.296875 0.090278 0.038542 0.041667
4 0.614323 0.089352 0.084896 0.019444