1 0.060677 0.187963 0.033854 0.018519
1 0.085938 0.256019 0.021875 0.025000
4 0.509635 0.155093 0.017188 0.078704
4 0.280729 0.094444 0.040625 0.044444
4 0.609115 0.092130 0.086979 0.019444
6 0.261979 0.284259 0.015625 0.014815
6 0.180729 0.284259 0.016667 0.014815
6 0.366667 0.276852 0.013542 0.016667
6 0.382812 0.272222 0.013542 0.016667
6 0.222917 0.284259 0.015625 0.014815
2 0.684896 0.093981 0.018750 0.030556
8 0.655208 0.058796 0.004167 0.006481
1 0.125000 0.191204 0.025000 0.021296
2 0.540104 0.054167 0.014583 0.017593
7 0.089844 0.204630 0.010937 0.020370
8 0.508073 0.204630 0.004688 0.018519
1 0.490365 0.126389 0.006771 0.013889
7 0.535156 0.059259 0.004688 0.005556
2 0.569531 0.054167 0.015104 0.017593
7 0.507292 0.190278 0.004167 0.017593
2 0.020052 0.223148 0.040104 0.074074
1 0.909896 0.240741 0.038542 0.035185
1 0.554688 0.060185 0.009375 0.005556
7 0.003906 0.134259 0.007812 0.012963
7 0.046354 0.319444 0.031250 0.027778
7 0.669010 0.092593 0.004688 0.009259
8 0.507812 0.195833 0.002083 0.021296
1 0.523177 0.060185 0.009896 0.005556
8 0.870833 0.336574 0.023958 0.028704
0 0.471875 0.134722 0.002083 0.008333
0 0.516667 0.106481 0.001042 0.011111
0 0.484896 0.079630 0.001042 0.009259
0 0.666406 0.105093 0.002604 0.012037
0 0.484375 0.062037 0.001042 0.007407
0 0.021875 0.365741 0.015625 0.033333
0 0.468490 0.161111 0.002604 0.016667
0 0.773958 0.164815 0.005208 0.016667
0 0.742448 0.147685 0.004688 0.015741
0 0.487500 0.068519 0.001042 0.007407
0 0.707552 0.103704 0.002604 0.011111
0 0.482292 0.069907 0.001042 0.004630
0 0.475781 0.114352 0.001563 0.012037
0 0.484115 0.062037 0.000521 0.007407
0 0.624219 0.066667 0.001563 0.007407
0 0.895052 0.269907 0.008854 0.015741
0 0.664583 0.074537 0.002083 0.008333
0 0.773958 0.180556 0.005208 0.018519
0 0.751042 0.153241 0.004167 0.015741
0 0.479167 0.129630 0.002083 0.009259
0 0.776563 0.184259 0.005208 0.011111
0 0.511979 0.068056 0.001042 0.004630
0 0.660937 0.092130 0.002083 0.010185
0 0.168750 0.146759 0.004167 0.015741
0 0.747917 0.118981 0.003125 0.012037
0 0.798437 0.187037 0.005208 0.018519
0 0.094271 0.360648 0.013542 0.032407
0 0.501823 0.057407 0.000521 0.007407
0 0.517187 0.111111 0.001042 0.011111
0 0.632031 0.083333 0.001563 0.005556
0 0.513802 0.057407 0.000521 0.007407
0 0.857292 0.238889 0.008333 0.022222
0 0.666667 0.104167 0.002083 0.006481
0 0.882552 0.184722 0.006771 0.017593
0 0.484375 0.064815 0.001042 0.007407
0 0.696875 0.122222 0.003125 0.012963
0 0.483333 0.063889 0.001042 0.007407
0 0.514063 0.056944 0.001042 0.006481
0 0.473177 0.116204 0.001563 0.012037
0 0.637500 0.059259 0.001042 0.007407
0 0.520052 0.153241 0.002604 0.015741
0 0.467708 0.170833 0.002083 0.017593
0 0.520573 0.133796 0.001563 0.013889
0 0.159635 0.147222 0.004688 0.014815
0 0.108073 0.150463 0.005729 0.015741
0 0.482552 0.074537 0.000521 0.008333
0 0.478646 0.141204 0.002083 0.013889
1 0.060677 0.187963 0.033854 0.018519
1 0.085938 0.256019 0.021875 0.025000
4 0.509635 0.155093 0.017188 0.078704
4 0.280729 0.094444 0.040625 0.044444
4 0.609115 0.092130 0.086979 0.019444