1 0.058333 0.188889 0.034375 0.018519
1 0.082552 0.258333 0.022396 0.025926
4 0.510417 0.156019 0.016667 0.078704
4 0.280469 0.094907 0.041146 0.043519
4 0.610156 0.092593 0.086979 0.020370
6 0.260156 0.287037 0.015104 0.014815
6 0.178125 0.287037 0.016667 0.014815
6 0.365885 0.280556 0.014062 0.016667
6 0.382031 0.275000 0.014062 0.016667
6 0.220833 0.287037 0.015625 0.014815
2 0.686719 0.093981 0.019271 0.030556
8 0.656250 0.058796 0.004167 0.006481
1 0.123177 0.192130 0.024479 0.021296
2 0.541146 0.054630 0.014583 0.018519
7 0.087240 0.206481 0.010937 0.020370
8 0.508854 0.206019 0.005208 0.019444
1 0.490885 0.127315 0.006771 0.013889
7 0.536198 0.059259 0.004688 0.005556
2 0.570573 0.054630 0.015104 0.018519
7 0.508073 0.192130 0.004688 0.017593
2 0.018490 0.225463 0.036979 0.075000
1 0.915365 0.243519 0.039062 0.035185
1 0.555469 0.060185 0.009896 0.005556
7 0.003125 0.134259 0.006250 0.012963
7 0.041667 0.323611 0.031250 0.026852
7 0.670573 0.093519 0.004688 0.009259
8 0.508333 0.197685 0.002083 0.021296
1 0.524219 0.060648 0.009896 0.006481
8 0.877344 0.342130 0.024479 0.028704
0 0.472396 0.135648 0.002083 0.008333
0 0.517448 0.107407 0.001563 0.011111
0 0.485417 0.080093 0.001042 0.008333
0 0.668229 0.105556 0.002083 0.011111
0 0.485156 0.062963 0.000521 0.007407
0 0.016146 0.371296 0.015625 0.033333
0 0.469010 0.162500 0.002604 0.015741
0 0.776563 0.166667 0.005208 0.016667
0 0.745313 0.149074 0.004167 0.014815
0 0.488542 0.068519 0.001042 0.007407
0 0.709375 0.103704 0.003125 0.011111
0 0.482812 0.069907 0.001042 0.004630
0 0.476302 0.114815 0.001563 0.012963
0 0.484896 0.062037 0.001042 0.007407
0 0.625521 0.067130 0.001042 0.008333
0 0.900260 0.272685 0.008854 0.015741
0 0.665885 0.075463 0.001563 0.008333
0 0.777344 0.182407 0.005729 0.018519
0 0.753646 0.154167 0.004167 0.015741
0 0.479948 0.130556 0.001563 0.009259
0 0.779688 0.185185 0.005208 0.011111
0 0.512500 0.068519 0.001042 0.005556
0 0.662500 0.093056 0.002083 0.010185
0 0.167969 0.147685 0.004688 0.015741
0 0.750000 0.119444 0.003125 0.012963
0 0.801823 0.188889 0.005729 0.018519
0 0.089062 0.365741 0.013542 0.033333
0 0.502865 0.057870 0.000521 0.006481
0 0.518229 0.111574 0.001042 0.012037
0 0.633594 0.083333 0.001563 0.005556
0 0.514844 0.057870 0.000521 0.006481
0 0.861979 0.241204 0.008333 0.023148
0 0.668229 0.105093 0.002083 0.006481
0 0.886719 0.186111 0.006771 0.018519
0 0.485156 0.064815 0.000521 0.007407
0 0.698958 0.123148 0.003125 0.012963
0 0.484375 0.063889 0.001042 0.007407
0 0.515104 0.056944 0.001042 0.006481
0 0.473958 0.117130 0.001042 0.012037
0 0.638542 0.059722 0.001042 0.006481
0 0.520573 0.154167 0.002604 0.015741
0 0.468229 0.172222 0.002083 0.016667
0 0.521615 0.134722 0.001563 0.013889
0 0.158594 0.148148 0.004688 0.014815
0 0.106510 0.151389 0.005729 0.015741
0 0.483333 0.074537 0.001042 0.008333
0 0.479167 0.142593 0.002083 0.014815
1 0.058333 0.188889 0.034375 0.018519
1 0.082552 0.258333 0.022396 0.025926
4 0.510417 0.156019 0.016667 0.078704
4 0.280469 0.094907 0.041146 0.043519
4 0.610156 0.092593 0.086979 0.020370