1 0.064323 0.186111 0.033854 0.018519
1 0.090365 0.252778 0.021354 0.024074
4 0.509375 0.153704 0.016667 0.077778
4 0.281771 0.093981 0.040625 0.043519
4 0.608333 0.091204 0.086458 0.019444
6 0.264844 0.280556 0.015104 0.014815
6 0.184375 0.280556 0.015625 0.014815
6 0.368229 0.274074 0.013542 0.016667
6 0.383854 0.268981 0.013542 0.015741
6 0.226042 0.280556 0.015625 0.014815
2 0.683854 0.093056 0.018750 0.030556
8 0.267448 0.112500 0.004688 0.012037
8 0.654688 0.058796 0.004167 0.006481
1 0.127865 0.189352 0.024479 0.021296
2 0.540104 0.054167 0.014583 0.017593
7 0.093229 0.202778 0.010417 0.020370
8 0.508073 0.202778 0.004688 0.018519
1 0.490365 0.125463 0.006771 0.013889
7 0.535156 0.058796 0.004688 0.006481
2 0.569531 0.054167 0.015104 0.017593
7 0.507292 0.188426 0.004167 0.017593
2 0.022135 0.220833 0.044271 0.073148
1 0.905990 0.238426 0.038021 0.034259
1 0.554427 0.059722 0.009896 0.006481
7 0.005208 0.133333 0.010417 0.012963
7 0.052344 0.315278 0.030729 0.026852
7 0.667969 0.092593 0.004688 0.009259
8 0.507552 0.194444 0.002604 0.020370
1 0.522917 0.059722 0.009375 0.006481
8 0.865885 0.331944 0.023438 0.028704
0 0.471875 0.133796 0.002083 0.008333
0 0.516667 0.106019 0.001042 0.012037
0 0.484896 0.079630 0.001042 0.009259
0 0.665625 0.104630 0.002083 0.011111
0 0.484375 0.062037 0.001042 0.007407
0 0.028646 0.360185 0.014583 0.031481
0 0.468750 0.160185 0.002083 0.016667
0 0.772135 0.163889 0.004688 0.016667
0 0.487500 0.068056 0.001042 0.008333
0 0.706510 0.102778 0.002604 0.011111
0 0.482292 0.069907 0.001042 0.004630
0 0.475781 0.113426 0.001563 0.012037
0 0.484115 0.061574 0.000521 0.006481
0 0.623958 0.066667 0.001042 0.007407
0 0.890885 0.266667 0.008854 0.014815
0 0.664062 0.074537 0.002083 0.008333
0 0.771875 0.179167 0.005208 0.017593
0 0.749479 0.152315 0.004167 0.015741
0 0.479427 0.128704 0.001563 0.009259
0 0.774740 0.182407 0.004688 0.011111
0 0.511979 0.067593 0.001042 0.005556
0 0.660417 0.092130 0.002083 0.010185
0 0.170573 0.145833 0.004688 0.015741
0 0.746615 0.118056 0.003646 0.012037
0 0.796354 0.186111 0.005208 0.018519
0 0.100781 0.355093 0.013021 0.032407
0 0.501823 0.056944 0.000521 0.006481
0 0.517187 0.110648 0.001042 0.012037
0 0.631510 0.082870 0.001563 0.004630
0 0.513542 0.057407 0.001042 0.007407
0 0.854167 0.236574 0.008333 0.023148
0 0.665885 0.103704 0.002604 0.007407
0 0.879948 0.183333 0.006771 0.018519
0 0.484375 0.064815 0.001042 0.007407
0 0.695833 0.121759 0.003125 0.012037
0 0.483594 0.063889 0.000521 0.007407
0 0.514063 0.056944 0.001042 0.006481
0 0.473437 0.116204 0.001042 0.012037
0 0.636979 0.059259 0.001042 0.007407
0 0.519792 0.152315 0.002083 0.015741
0 0.468229 0.169444 0.002083 0.016667
0 0.520573 0.133333 0.001563 0.012963
0 0.161458 0.146296 0.004167 0.014815
0 0.111198 0.149537 0.005729 0.015741
0 0.482812 0.074537 0.001042 0.008333
0 0.478906 0.140278 0.001563 0.013889
1 0.064323 0.186111 0.033854 0.018519
1 0.090365 0.252778 0.021354 0.024074
4 0.509375 0.153704 0.016667 0.077778
4 0.281771 0.093981 0.040625 0.043519
4 0.608333 0.091204 0.086458 0.019444