4 0.498177 0.175926 0.019271 0.092593
4 0.249479 0.103704 0.047917 0.048148
4 0.603385 0.099074 0.092188 0.020370
6 0.197396 0.350000 0.019792 0.018519
6 0.096615 0.351389 0.021354 0.017593
6 0.326562 0.337963 0.016667 0.018519
6 0.346354 0.330556 0.016667 0.018519
6 0.149219 0.350463 0.020312 0.017593
2 0.688021 0.102778 0.020833 0.033333
8 0.648438 0.061574 0.004167 0.006481
1 0.055208 0.222685 0.031250 0.025000
2 0.529167 0.057407 0.014583 0.018519
8 0.497135 0.236111 0.005729 0.022222
1 0.477083 0.140278 0.007292 0.013889
7 0.524219 0.062037 0.004688 0.005556
2 0.559896 0.057407 0.015625 0.018519
7 0.495833 0.217593 0.005208 0.020370
1 0.961458 0.280093 0.048958 0.041667
1 0.544531 0.063426 0.009896 0.006481
7 0.669271 0.100926 0.005208 0.011111
8 0.496615 0.225000 0.002604 0.024074
1 0.513802 0.063426 0.009896 0.006481
8 0.947135 0.419907 0.031771 0.034259
0 0.456510 0.150000 0.002604 0.009259
0 0.505208 0.115278 0.001042 0.012037
0 0.471354 0.086111 0.001042 0.009259
0 0.666406 0.113426 0.002604 0.012037
0 0.471094 0.066667 0.000521 0.007407
0 0.451823 0.182870 0.002604 0.017593
0 0.788281 0.182870 0.005729 0.017593
0 0.756510 0.164352 0.004688 0.015741
0 0.475000 0.072222 0.001042 0.007407
0 0.709896 0.111574 0.003125 0.012037
0 0.468750 0.074074 0.001042 0.005556
0 0.669271 0.084259 0.002083 0.009259
0 0.461719 0.125000 0.001563 0.012963
0 0.470833 0.065741 0.001042 0.007407
0 0.617188 0.070833 0.001042 0.008333
0 0.947917 0.316204 0.011458 0.017593
0 0.659375 0.078704 0.002083 0.009259
0 0.796354 0.205093 0.006250 0.019444
0 0.761198 0.168056 0.004688 0.017593
0 0.463542 0.142130 0.002083 0.010185
0 0.794531 0.205093 0.005729 0.012037
0 0.499740 0.072222 0.000521 0.005556
0 0.657552 0.098148 0.002604 0.011111
0 0.119531 0.165741 0.005729 0.016667
0 0.752083 0.127778 0.004167 0.012963
0 0.819792 0.211111 0.006250 0.020370
0 0.490885 0.060185 0.000521 0.007407
0 0.505990 0.119907 0.001563 0.012037
0 0.627083 0.088889 0.002083 0.005556
0 0.503646 0.060648 0.001042 0.006481
0 0.896875 0.275000 0.010417 0.025926
0 0.665885 0.112963 0.002604 0.007407
0 0.910937 0.205556 0.008333 0.020370
0 0.471094 0.068981 0.000521 0.008333
0 0.698958 0.131944 0.003125 0.013889
0 0.470052 0.068056 0.000521 0.008333
0 0.503125 0.060185 0.001042 0.007407
0 0.458594 0.126852 0.001563 0.012963
0 0.630469 0.062500 0.001563 0.006481
0 0.508333 0.171296 0.002083 0.016667
0 0.451823 0.192593 0.002604 0.018519
0 0.510156 0.147222 0.001563 0.014815
0 0.110156 0.166667 0.005729 0.016667
0 0.042708 0.171296 0.007292 0.016667
0 0.469271 0.079167 0.001042 0.008333
0 0.463542 0.157870 0.002083 0.015741
0 0.422656 0.124074 0.001563 0.012963
4 0.498177 0.175926 0.019271 0.092593
4 0.249479 0.103704 0.047917 0.048148
4 0.603385 0.099074 0.092188 0.020370