1 0.017188 0.204167 0.034375 0.019444
1 0.032812 0.284259 0.025000 0.027778
4 0.500521 0.165278 0.017708 0.086111
4 0.260677 0.099537 0.044271 0.047222
4 0.602604 0.095370 0.089583 0.020370
6 0.227083 0.316667 0.017708 0.016667
6 0.135937 0.317593 0.018750 0.016667
6 0.344010 0.306944 0.015104 0.017593
6 0.361719 0.300463 0.015104 0.017593
6 0.183594 0.316667 0.018229 0.016667
2 0.682552 0.097685 0.019271 0.032407
8 0.244792 0.118981 0.005208 0.012037
8 0.647917 0.059722 0.004167 0.006481
1 0.085417 0.207870 0.028125 0.023148
2 0.530729 0.055556 0.014583 0.018519
7 0.044792 0.223611 0.012500 0.021296
8 0.499219 0.220370 0.005729 0.020370
1 0.480208 0.133796 0.007292 0.013889
2 0.561198 0.055556 0.015104 0.018519
7 0.498437 0.203704 0.005208 0.018519
1 0.929948 0.258796 0.043229 0.037963
1 0.545573 0.061574 0.009896 0.006481
7 0.665365 0.096759 0.004688 0.010185
8 0.498698 0.210648 0.002604 0.023148
1 0.515365 0.061574 0.009896 0.006481
8 0.902083 0.374074 0.027083 0.031481
0 0.460677 0.143056 0.002604 0.008333
0 0.507292 0.110648 0.001042 0.012037
0 0.473958 0.083333 0.001042 0.009259
0 0.662760 0.109259 0.002604 0.011111
0 0.473958 0.064815 0.001042 0.007407
0 0.456771 0.172222 0.002083 0.016667
0 0.777083 0.173611 0.005208 0.017593
0 0.745313 0.155556 0.004167 0.016667
0 0.477604 0.070370 0.001042 0.007407
0 0.704687 0.107407 0.003125 0.011111
0 0.471875 0.071759 0.001042 0.004630
0 0.667448 0.081481 0.001563 0.009259
0 0.465104 0.119444 0.002083 0.012963
0 0.473437 0.063889 0.001042 0.007407
0 0.616927 0.068981 0.001563 0.008333
0 0.915885 0.290741 0.009896 0.016667
0 0.658073 0.076389 0.001563 0.008333
0 0.780990 0.192130 0.005729 0.019444
0 0.752083 0.160185 0.004167 0.016667
0 0.467708 0.136111 0.002083 0.009259
0 0.781250 0.193981 0.005208 0.012037
0 0.502083 0.070370 0.001042 0.005556
0 0.655469 0.094907 0.002604 0.010185
0 0.139062 0.156944 0.005208 0.015741
0 0.745833 0.123148 0.003125 0.012963
0 0.804948 0.198611 0.005729 0.019444
0 0.022656 0.416204 0.017188 0.036111
0 0.492708 0.058796 0.001042 0.006481
0 0.508073 0.115278 0.001563 0.012037
0 0.626042 0.086111 0.002083 0.005556
0 0.504948 0.059259 0.000521 0.007407
0 0.871875 0.255556 0.009375 0.024074
0 0.662500 0.108333 0.002083 0.007407
0 0.891667 0.194444 0.007292 0.018519
0 0.473958 0.066667 0.001042 0.007407
0 0.694010 0.126852 0.003646 0.012963
0 0.472917 0.066204 0.001042 0.008333
0 0.504948 0.058333 0.000521 0.007407
0 0.462240 0.121759 0.001563 0.012037
0 0.629948 0.061111 0.001563 0.007407
0 0.510417 0.162500 0.002083 0.015741
0 0.456510 0.181944 0.002604 0.017593
0 0.512240 0.140741 0.001563 0.014815
0 0.130208 0.157870 0.005208 0.015741
0 0.070052 0.161574 0.006771 0.015741
0 0.471875 0.076852 0.001042 0.009259
0 0.467708 0.150000 0.002083 0.014815
0 0.426042 0.118981 0.002083 0.012037
1 0.017188 0.204167 0.034375 0.019444
1 0.032812 0.284259 0.025000 0.027778
4 0.500521 0.165278 0.017708 0.086111
4 0.260677 0.099537 0.044271 0.047222
4 0.602604 0.095370 0.089583 0.020370