1 0.002604 0.216667 0.005208 0.022222
1 0.003646 0.307870 0.007292 0.030556
4 0.498437 0.174074 0.018750 0.090741
4 0.250781 0.103241 0.047396 0.049074
4 0.603125 0.098611 0.091667 0.021296
6 0.201823 0.344444 0.019271 0.018519
6 0.102604 0.345833 0.020833 0.017593
6 0.329167 0.333333 0.016667 0.018519
6 0.348698 0.325926 0.016146 0.018519
6 0.154427 0.344907 0.020312 0.017593
2 0.686979 0.101852 0.020833 0.033333
8 0.647917 0.061111 0.004167 0.007407
1 0.059115 0.219907 0.030729 0.025000
2 0.529167 0.057407 0.014583 0.018519
7 0.014062 0.238426 0.014583 0.023148
8 0.497135 0.233333 0.005729 0.022222
1 0.477083 0.139352 0.007292 0.013889
7 0.524219 0.061574 0.004688 0.006481
2 0.559896 0.056944 0.015625 0.019444
7 0.496354 0.215741 0.005208 0.020370
1 0.955729 0.276389 0.047917 0.041667
1 0.544271 0.062963 0.010417 0.005556
7 0.668490 0.100463 0.004688 0.010185
8 0.496615 0.223148 0.002604 0.024074
1 0.513802 0.063426 0.009896 0.006481
8 0.939323 0.411574 0.030729 0.034259
0 0.456771 0.149074 0.002083 0.009259
0 0.505208 0.114352 0.001042 0.012037
0 0.471354 0.085185 0.001042 0.009259
0 0.665365 0.113426 0.002604 0.012037
0 0.471094 0.065741 0.000521 0.007407
0 0.452344 0.181019 0.002604 0.017593
0 0.786198 0.181481 0.005729 0.018519
0 0.754427 0.162963 0.004688 0.016667
0 0.475000 0.071759 0.001042 0.008333
0 0.708594 0.110648 0.002604 0.012037
0 0.469010 0.073611 0.001563 0.004630
0 0.668750 0.083333 0.002083 0.009259
0 0.461979 0.124074 0.002083 0.012963
0 0.470833 0.064815 0.001042 0.007407
0 0.616927 0.070370 0.001563 0.007407
0 0.942448 0.311574 0.010937 0.017593
0 0.658854 0.078241 0.002083 0.008333
0 0.793750 0.203241 0.006250 0.019444
0 0.759375 0.166667 0.005208 0.016667
0 0.464063 0.141204 0.002083 0.010185
0 0.792188 0.203241 0.005208 0.012037
0 0.499740 0.072222 0.000521 0.005556
0 0.656771 0.097685 0.002083 0.010185
0 0.122135 0.164815 0.005729 0.016667
0 0.750781 0.126852 0.003646 0.012963
0 0.817187 0.208796 0.006250 0.021296
0 0.490885 0.060185 0.000521 0.007407
0 0.505990 0.119444 0.001563 0.012963
0 0.626562 0.087963 0.002083 0.005556
0 0.503385 0.060185 0.000521 0.007407
0 0.892187 0.272222 0.010417 0.025926
0 0.664844 0.112037 0.002604 0.007407
0 0.907552 0.203704 0.007812 0.020370
0 0.471354 0.068519 0.001042 0.007407
0 0.697656 0.131019 0.003646 0.013889
0 0.470313 0.067593 0.001042 0.007407
0 0.503125 0.059722 0.001042 0.006481
0 0.458854 0.125926 0.002083 0.012963
0 0.629948 0.062037 0.001563 0.007407
0 0.508333 0.169907 0.002083 0.017593
0 0.452344 0.190741 0.002604 0.018519
0 0.510156 0.146296 0.001563 0.014815
0 0.112760 0.164815 0.005729 0.016667
0 0.046354 0.169907 0.007292 0.017593
0 0.469271 0.078704 0.001042 0.009259
0 0.463802 0.156944 0.002604 0.015741
0 0.422917 0.123148 0.002083 0.012963
1 0.002604 0.216667 0.005208 0.022222
1 0.003646 0.307870 0.007292 0.030556
4 0.498437 0.174074 0.018750 0.090741
4 0.250781 0.103241 0.047396 0.049074
4 0.603125 0.098611 0.091667 0.021296