1 0.004948 0.214352 0.009896 0.021296
1 0.006771 0.304167 0.013542 0.030556
4 0.498437 0.172685 0.018750 0.089815
4 0.252083 0.102778 0.046875 0.048148
4 0.602344 0.097685 0.091146 0.021296
6 0.205990 0.339352 0.019271 0.017593
6 0.108073 0.341204 0.020312 0.017593
6 0.331250 0.328704 0.016667 0.018519
6 0.350521 0.321296 0.015625 0.018519
6 0.158854 0.340278 0.019792 0.017593
2 0.685417 0.100926 0.020833 0.033333
8 0.647396 0.060648 0.004167 0.006481
1 0.063281 0.218056 0.030729 0.025000
2 0.528906 0.056481 0.015104 0.018519
7 0.019010 0.235648 0.014062 0.023148
8 0.497135 0.231019 0.005729 0.021296
1 0.477083 0.138426 0.007292 0.013889
7 0.523698 0.061574 0.004688 0.006481
2 0.559375 0.056481 0.015625 0.018519
7 0.495833 0.213426 0.005208 0.019444
1 0.950521 0.273148 0.046875 0.040741
1 0.544010 0.062500 0.009896 0.006481
7 0.667188 0.099537 0.005208 0.010185
8 0.496615 0.220833 0.002604 0.023148
1 0.513281 0.062500 0.009896 0.006481
8 0.931510 0.404630 0.029687 0.033333
0 0.457031 0.148148 0.002604 0.009259
0 0.504948 0.113426 0.001563 0.012037
0 0.471354 0.085185 0.001042 0.009259
0 0.664323 0.112500 0.002604 0.012037
0 0.471094 0.065741 0.000521 0.007407
0 0.452344 0.179167 0.002604 0.017593
0 0.783854 0.180093 0.005208 0.017593
0 0.752344 0.161574 0.004688 0.015741
0 0.475000 0.071759 0.001042 0.008333
0 0.707292 0.110185 0.003125 0.011111
0 0.469010 0.073611 0.001563 0.004630
0 0.667708 0.083333 0.002083 0.009259
0 0.461979 0.123148 0.002083 0.012963
0 0.470833 0.064815 0.001042 0.007407
0 0.616406 0.069907 0.001563 0.008333
0 0.936719 0.307870 0.010937 0.017593
0 0.658073 0.078241 0.001563 0.008333
0 0.790625 0.201389 0.006250 0.019444
0 0.757552 0.165741 0.004688 0.016667
0 0.464063 0.140278 0.002083 0.010185
0 0.789583 0.201389 0.005208 0.012037
0 0.499479 0.071296 0.001042 0.005556
0 0.656250 0.096759 0.002083 0.010185
0 0.124479 0.162963 0.005208 0.016667
0 0.749219 0.125926 0.003646 0.012963
0 0.814062 0.206944 0.006250 0.021296
0 0.490625 0.060185 0.001042 0.007407
0 0.505990 0.118519 0.001563 0.012963
0 0.626042 0.087963 0.002083 0.005556
0 0.503125 0.060185 0.001042 0.007407
0 0.887760 0.268981 0.009896 0.025000
0 0.663802 0.111574 0.002604 0.006481
0 0.903906 0.201852 0.007812 0.020370
0 0.471354 0.068519 0.001042 0.007407
0 0.696354 0.130556 0.003125 0.012963
0 0.470313 0.067593 0.001042 0.007407
0 0.502865 0.059259 0.000521 0.007407
0 0.459115 0.125000 0.001563 0.012963
0 0.629427 0.062037 0.001563 0.007407
0 0.507812 0.168519 0.002083 0.016667
0 0.452604 0.189352 0.003125 0.019444
0 0.510156 0.145370 0.001563 0.014815
0 0.115365 0.163889 0.005729 0.016667
0 0.049740 0.168519 0.006771 0.016667
0 0.469271 0.078241 0.001042 0.008333
0 0.464063 0.156019 0.002083 0.015741
0 0.422917 0.122222 0.002083 0.012963
1 0.004948 0.214352 0.009896 0.021296
1 0.006771 0.304167 0.013542 0.030556
4 0.498437 0.172685 0.018750 0.089815
4 0.252083 0.102778 0.046875 0.048148
4 0.602344 0.097685 0.091146 0.021296