4 0.498177 0.177315 0.019271 0.093519
4 0.247917 0.104167 0.047917 0.049074
4 0.604167 0.099537 0.092708 0.021296
6 0.192448 0.355556 0.020312 0.018519
6 0.090104 0.357407 0.021875 0.018519
6 0.323698 0.343519 0.017188 0.018519
6 0.344271 0.336111 0.016667 0.018519
6 0.143750 0.356481 0.020833 0.018519
2 0.689323 0.103241 0.021354 0.034259
8 0.648958 0.061574 0.004167 0.006481
1 0.050781 0.224537 0.031771 0.025000
2 0.529427 0.057407 0.015104 0.018519
8 0.497135 0.238889 0.005729 0.022222
1 0.476823 0.141667 0.007812 0.014815
7 0.524219 0.062500 0.004688 0.006481
2 0.559896 0.057407 0.015625 0.018519
7 0.495833 0.219907 0.005208 0.021296
1 0.967188 0.283333 0.050000 0.042593
1 0.544531 0.063426 0.009896 0.006481
7 0.670313 0.101389 0.005208 0.010185
8 0.496615 0.227778 0.002604 0.024074
1 0.513802 0.063426 0.009896 0.006481
8 0.955469 0.427778 0.032812 0.035185
0 0.455990 0.151852 0.002604 0.009259
0 0.505208 0.115278 0.001042 0.012037
0 0.470833 0.086111 0.001042 0.009259
0 0.667448 0.114352 0.002604 0.012037
0 0.470833 0.066667 0.001042 0.007407
0 0.451302 0.184259 0.002604 0.018519
0 0.790885 0.184259 0.005729 0.018519
0 0.758594 0.165741 0.004688 0.016667
0 0.475000 0.072685 0.001042 0.008333
0 0.710938 0.112500 0.003125 0.012037
0 0.468750 0.074537 0.001042 0.004630
0 0.669792 0.084259 0.002083 0.009259
0 0.461458 0.125926 0.002083 0.012963
0 0.470573 0.065741 0.000521 0.007407
0 0.617708 0.070833 0.001042 0.008333
0 0.954167 0.320370 0.011458 0.018519
0 0.659896 0.079167 0.002083 0.008333
0 0.799479 0.207407 0.006250 0.020370
0 0.763021 0.169444 0.005208 0.016667
0 0.463542 0.143056 0.002083 0.010185
0 0.797135 0.206944 0.005729 0.012037
0 0.499479 0.072685 0.001042 0.006481
0 0.658333 0.098611 0.002083 0.010185
0 0.116406 0.167130 0.005729 0.017593
0 0.753385 0.128704 0.003646 0.012963
0 0.822917 0.212963 0.006250 0.020370
0 0.490885 0.060648 0.000521 0.006481
0 0.505990 0.120833 0.001563 0.012037
0 0.627604 0.088889 0.002083 0.005556
0 0.503646 0.060648 0.001042 0.006481
0 0.901563 0.278704 0.010417 0.025926
0 0.666927 0.113889 0.002604 0.007407
0 0.914583 0.207407 0.008333 0.020370
0 0.470833 0.068981 0.001042 0.008333
0 0.700000 0.132870 0.003125 0.013889
0 0.469792 0.068519 0.001042 0.007407
0 0.503385 0.060185 0.000521 0.007407
0 0.458333 0.127778 0.002083 0.012963
0 0.630729 0.062963 0.001042 0.007407
0 0.508333 0.172685 0.002083 0.017593
0 0.451562 0.194444 0.003125 0.018519
0 0.510156 0.148148 0.001563 0.014815
0 0.107552 0.167593 0.005729 0.016667
0 0.038542 0.172685 0.007292 0.017593
0 0.468750 0.079167 0.001042 0.008333
0 0.463021 0.159722 0.002083 0.015741
0 0.422396 0.125000 0.002083 0.012963
4 0.498177 0.177315 0.019271 0.093519
4 0.247917 0.104167 0.047917 0.049074
4 0.604167 0.099537 0.092708 0.021296