1 0.011719 0.208333 0.023438 0.020370
1 0.018750 0.292130 0.026042 0.028704
4 0.498958 0.168056 0.018750 0.087963
4 0.256510 0.100463 0.045313 0.047222
4 0.601823 0.096296 0.090104 0.020370
6 0.217969 0.325463 0.018229 0.017593
6 0.124219 0.326852 0.019271 0.016667
6 0.338542 0.315278 0.015625 0.017593
6 0.356771 0.308796 0.015625 0.017593
6 0.173438 0.325926 0.018750 0.016667
2 0.683073 0.099537 0.020312 0.032407
8 0.646875 0.060648 0.004167 0.006481
1 0.075521 0.212037 0.029167 0.024074
2 0.529427 0.056481 0.015104 0.018519
7 0.033594 0.228704 0.013021 0.022222
8 0.497656 0.224537 0.005729 0.021296
1 0.478125 0.135648 0.007292 0.013889
7 0.524479 0.061111 0.004167 0.005556
2 0.559635 0.056481 0.015104 0.018519
7 0.496875 0.207870 0.005208 0.019444
1 0.936979 0.263889 0.044792 0.038889
1 0.544531 0.062037 0.009896 0.005556
7 0.665365 0.097685 0.004688 0.010185
8 0.497135 0.214352 0.002604 0.023148
1 0.514063 0.062500 0.009375 0.006481
8 0.912500 0.385648 0.028125 0.032407
0 0.458594 0.144907 0.002604 0.008333
0 0.505729 0.112037 0.001042 0.011111
0 0.472396 0.083333 0.001042 0.009259
0 0.662760 0.110648 0.002604 0.012037
0 0.472135 0.064815 0.000521 0.007407
0 0.454427 0.175000 0.002604 0.016667
0 0.778906 0.175926 0.005729 0.016667
0 0.747135 0.157870 0.004688 0.015741
0 0.476042 0.070833 0.001042 0.008333
0 0.704948 0.108333 0.002604 0.011111
0 0.470052 0.072685 0.001563 0.004630
0 0.666927 0.082407 0.001563 0.009259
0 0.463281 0.121296 0.001563 0.012963
0 0.471875 0.063889 0.001042 0.007407
0 0.616146 0.069444 0.001042 0.007407
0 0.922917 0.297222 0.010417 0.016667
0 0.657552 0.077315 0.001563 0.008333
0 0.784115 0.195833 0.005729 0.019444
0 0.753385 0.162037 0.004688 0.016667
0 0.465625 0.137500 0.002083 0.010185
0 0.783854 0.196759 0.005208 0.012037
0 0.500521 0.070370 0.001042 0.005556
0 0.655208 0.095833 0.002083 0.010185
0 0.132552 0.159722 0.005729 0.015741
0 0.746615 0.124074 0.003646 0.012963
0 0.807552 0.201852 0.005729 0.020370
0 0.005990 0.431944 0.011979 0.037963
0 0.491146 0.059259 0.001042 0.007407
0 0.506510 0.117130 0.001563 0.012037
0 0.625260 0.087037 0.001563 0.005556
0 0.503646 0.059259 0.001042 0.007407
0 0.877083 0.260648 0.009375 0.025000
0 0.662240 0.109722 0.002604 0.006481
0 0.895573 0.197222 0.007812 0.018519
0 0.472396 0.067593 0.001042 0.007407
0 0.694271 0.128241 0.003125 0.013889
0 0.471354 0.066667 0.001042 0.007407
0 0.503385 0.058796 0.000521 0.006481
0 0.460156 0.123148 0.001563 0.012963
0 0.629167 0.061111 0.001042 0.007407
0 0.508854 0.164815 0.002083 0.016667
0 0.454427 0.185185 0.002604 0.018519
0 0.510677 0.142593 0.001563 0.014815
0 0.123177 0.160185 0.005729 0.016667
0 0.061198 0.164815 0.006771 0.016667
0 0.470313 0.077315 0.001042 0.008333
0 0.465625 0.152315 0.002083 0.015741
0 0.424219 0.120370 0.001563 0.012963
1 0.011719 0.208333 0.023438 0.020370
1 0.018750 0.292130 0.026042 0.028704
4 0.498958 0.168056 0.018750 0.087963
4 0.256510 0.100463 0.045313 0.047222
4 0.601823 0.096296 0.090104 0.020370