4 0.498437 0.181019 0.019792 0.095370
4 0.245312 0.105556 0.048958 0.050000
4 0.605208 0.100463 0.093750 0.021296
6 0.182812 0.366667 0.020833 0.018519
6 0.077344 0.368519 0.022396 0.018519
6 0.318750 0.354167 0.017708 0.019444
6 0.339583 0.346296 0.017708 0.018519
6 0.132292 0.367593 0.021875 0.018519
2 0.691667 0.105093 0.021875 0.034259
8 0.649479 0.062037 0.004167 0.007407
1 0.041927 0.229630 0.032812 0.025926
2 0.529427 0.057870 0.015104 0.019444
8 0.496875 0.243981 0.006250 0.023148
1 0.476302 0.143519 0.007812 0.014815
7 0.524219 0.062500 0.004688 0.006481
2 0.560417 0.057870 0.015625 0.019444
7 0.495833 0.224537 0.005208 0.021296
1 0.976562 0.290741 0.046875 0.044444
1 0.544792 0.064352 0.010417 0.006481
7 0.672396 0.103241 0.005208 0.010185
8 0.496094 0.232870 0.002604 0.025000
1 0.513802 0.064352 0.009896 0.006481
8 0.972656 0.444444 0.033854 0.037037
0 0.455469 0.153704 0.002604 0.009259
0 0.505208 0.117130 0.001042 0.012037
0 0.470833 0.087037 0.001042 0.009259
0 0.669010 0.116204 0.002604 0.012037
0 0.470833 0.067130 0.001042 0.008333
0 0.450521 0.187963 0.003125 0.018519
0 0.795052 0.187963 0.005729 0.018519
0 0.763021 0.168519 0.005208 0.016667
0 0.474479 0.072685 0.001042 0.008333
0 0.713281 0.113426 0.002604 0.012037
0 0.468490 0.075000 0.001563 0.005556
0 0.671354 0.085185 0.002083 0.009259
0 0.460938 0.127778 0.002083 0.012963
0 0.470313 0.066204 0.001042 0.008333
0 0.618490 0.071759 0.001563 0.008333
0 0.966146 0.329167 0.012500 0.019444
0 0.661198 0.079630 0.001563 0.009259
0 0.805469 0.212037 0.006771 0.020370
0 0.766667 0.172222 0.005208 0.016667
0 0.462760 0.144907 0.002604 0.010185
0 0.802344 0.210648 0.005729 0.012037
0 0.499479 0.073148 0.001042 0.005556
0 0.659635 0.099537 0.002604 0.010185
0 0.756250 0.130093 0.004167 0.013889
0 0.828646 0.217130 0.006250 0.021296
0 0.490885 0.061111 0.000521 0.007407
0 0.505990 0.122222 0.001563 0.012963
0 0.628906 0.089815 0.001563 0.005556
0 0.503646 0.061111 0.001042 0.007407
0 0.910677 0.285648 0.010937 0.026852
0 0.668490 0.114815 0.002604 0.007407
0 0.921875 0.211574 0.008333 0.021296
0 0.470833 0.069907 0.001042 0.008333
0 0.702344 0.134722 0.003646 0.013889
0 0.469792 0.068981 0.001042 0.008333
0 0.503385 0.060648 0.000521 0.006481
0 0.457812 0.129167 0.002083 0.013889
0 0.631771 0.062963 0.001042 0.007407
0 0.508333 0.175463 0.002083 0.017593
0 0.450781 0.197685 0.002604 0.019444
0 0.510677 0.150000 0.001563 0.014815
0 0.101823 0.170370 0.005729 0.016667
0 0.030729 0.175463 0.007292 0.017593
0 0.468750 0.080093 0.001042 0.008333
0 0.462500 0.162037 0.002083 0.016667
0 0.421875 0.126389 0.002083 0.013889
4 0.498437 0.181019 0.019792 0.095370
4 0.245312 0.105556 0.048958 0.050000
4 0.605208 0.100463 0.093750 0.021296