4 0.498437 0.193056 0.020833 0.104630
4 0.235677 0.110185 0.052604 0.051852
4 0.608854 0.104630 0.096875 0.022222
6 0.147396 0.409722 0.023958 0.021296
6 0.029687 0.411574 0.026042 0.021296
6 0.298958 0.394444 0.019792 0.020370
6 0.322656 0.384259 0.019271 0.020370
6 0.091146 0.410648 0.025000 0.021296
2 0.700521 0.110185 0.022917 0.035185
8 0.217187 0.131944 0.006250 0.013889
8 0.652604 0.063426 0.004167 0.006481
1 0.015365 0.244907 0.030729 0.028704
2 0.530208 0.059722 0.015625 0.019444
8 0.496875 0.263426 0.006250 0.025000
1 0.475521 0.150463 0.008333 0.015741
7 0.523698 0.064352 0.004688 0.006481
2 0.561719 0.059259 0.016146 0.018519
7 0.495573 0.240741 0.005729 0.022222
1 0.996094 0.318519 0.007812 0.050000
1 0.545833 0.065278 0.010417 0.006481
7 0.679948 0.107407 0.005729 0.011111
8 0.496094 0.250463 0.002604 0.026852
1 0.514063 0.065741 0.010417 0.007407
0 0.453385 0.162037 0.002604 0.009259
0 0.505208 0.121296 0.001042 0.012963
0 0.469792 0.090278 0.001042 0.010185
0 0.675781 0.121296 0.002604 0.012963
0 0.470052 0.068981 0.000521 0.008333
0 0.447396 0.200463 0.003125 0.019444
0 0.811198 0.198611 0.006771 0.019444
0 0.778385 0.179167 0.005729 0.017593
0 0.473958 0.075000 0.001042 0.009259
0 0.721615 0.118519 0.003646 0.012963
0 0.467708 0.076852 0.001042 0.005556
0 0.675521 0.087500 0.002083 0.010185
0 0.459896 0.132870 0.002083 0.013889
0 0.469792 0.068056 0.001042 0.008333
0 0.621354 0.073611 0.001042 0.008333
0 0.665104 0.081944 0.002083 0.008333
0 0.827083 0.227778 0.007292 0.022222
0 0.779948 0.181481 0.005729 0.018519
0 0.460677 0.151852 0.002604 0.011111
0 0.820573 0.223611 0.006771 0.013889
0 0.499479 0.075463 0.001042 0.006481
0 0.664583 0.102778 0.002083 0.011111
0 0.092188 0.179167 0.006250 0.017593
0 0.765625 0.135648 0.004167 0.013889
0 0.849479 0.232407 0.007292 0.022222
0 0.491406 0.062963 0.000521 0.007407
0 0.506510 0.126852 0.001563 0.012963
0 0.632812 0.093056 0.002083 0.006481
0 0.504687 0.062963 0.001042 0.007407
0 0.944792 0.310648 0.012500 0.028704
0 0.675000 0.119907 0.003125 0.008333
0 0.947396 0.225463 0.009375 0.021296
0 0.470313 0.071759 0.001042 0.008333
0 0.710156 0.140278 0.003646 0.013889
0 0.469010 0.070833 0.001563 0.008333
0 0.503906 0.062037 0.000521 0.007407
0 0.455990 0.134722 0.001563 0.013889
0 0.634635 0.064815 0.001563 0.007407
0 0.508594 0.186111 0.002604 0.018519
0 0.447917 0.210185 0.003125 0.020370
0 0.510938 0.156944 0.002083 0.015741
0 0.003906 0.186111 0.007812 0.018519
0 0.467708 0.082407 0.001042 0.009259
0 0.460417 0.171759 0.002083 0.017593
0 0.420312 0.131944 0.002083 0.013889
4 0.498437 0.193056 0.020833 0.104630
4 0.235677 0.110185 0.052604 0.051852
4 0.608854 0.104630 0.096875 0.022222