4 0.498177 0.187500 0.020312 0.100926
4 0.240104 0.107870 0.051042 0.050926
4 0.607031 0.102778 0.095312 0.022222
6 0.164062 0.389815 0.022917 0.020370
6 0.051823 0.391667 0.024479 0.020370
6 0.308073 0.375463 0.019271 0.019444
6 0.330469 0.366204 0.018229 0.019444
6 0.110677 0.390741 0.023438 0.020370
2 0.696615 0.107407 0.022396 0.035185
8 0.651563 0.062963 0.004167 0.007407
1 0.025781 0.237963 0.034896 0.027778
2 0.529948 0.058796 0.015104 0.019444
8 0.496875 0.254630 0.006250 0.024074
1 0.475781 0.146759 0.007812 0.015741
7 0.524219 0.063426 0.004688 0.006481
2 0.561198 0.058796 0.016146 0.019444
7 0.495573 0.233333 0.005729 0.022222
1 0.986979 0.306019 0.026042 0.047222
1 0.545313 0.064815 0.010417 0.007407
7 0.676562 0.105556 0.005208 0.011111
8 0.496094 0.242130 0.002604 0.025000
1 0.514063 0.065278 0.010417 0.006481
8 0.994531 0.478241 0.010937 0.037963
0 0.454427 0.158333 0.002604 0.009259
0 0.505208 0.119444 0.001042 0.012963
0 0.470313 0.088889 0.001042 0.009259
0 0.672656 0.118981 0.002604 0.012037
0 0.470313 0.068519 0.001042 0.007407
0 0.448698 0.194907 0.002604 0.019444
0 0.803906 0.193519 0.005729 0.018519
0 0.771354 0.174537 0.005208 0.017593
0 0.474479 0.074537 0.001042 0.008333
0 0.717708 0.116204 0.003125 0.012037
0 0.468229 0.075926 0.001042 0.005556
0 0.673437 0.086574 0.002083 0.010185
0 0.460417 0.130556 0.002083 0.012963
0 0.470052 0.067593 0.000521 0.007407
0 0.620052 0.072685 0.001563 0.008333
0 0.989844 0.346759 0.013021 0.019444
0 0.663281 0.081019 0.001563 0.008333
0 0.817187 0.220833 0.007292 0.021296
0 0.773958 0.177315 0.005208 0.017593
0 0.461458 0.148611 0.002083 0.010185
0 0.812240 0.217593 0.006771 0.012963
0 0.499479 0.074537 0.001042 0.006481
0 0.662500 0.101389 0.002083 0.010185
0 0.100781 0.175463 0.006771 0.017593
0 0.761458 0.132870 0.004167 0.013889
0 0.840104 0.225463 0.007292 0.021296
0 0.491146 0.062037 0.001042 0.007407
0 0.506250 0.125000 0.001042 0.012963
0 0.631250 0.091667 0.002083 0.005556
0 0.504167 0.062037 0.001042 0.007407
0 0.928906 0.299074 0.011979 0.027778
0 0.672135 0.117593 0.002604 0.007407
0 0.935677 0.218981 0.008854 0.021296
0 0.470313 0.070833 0.001042 0.008333
0 0.706510 0.137963 0.003646 0.014815
0 0.469271 0.069907 0.001042 0.008333
0 0.503906 0.061111 0.000521 0.007407
0 0.457031 0.131944 0.001563 0.013889
0 0.633333 0.063889 0.001042 0.007407
0 0.508594 0.181481 0.002604 0.018519
0 0.449219 0.204630 0.002604 0.020370
0 0.510677 0.154167 0.001563 0.015741
0 0.091667 0.175463 0.006250 0.017593
0 0.015885 0.181019 0.007812 0.017593
0 0.468229 0.081481 0.001042 0.009259
0 0.461458 0.167593 0.002083 0.016667
0 0.421354 0.129630 0.002083 0.012963
4 0.498177 0.187500 0.020312 0.100926
4 0.240104 0.107870 0.051042 0.050926
4 0.607031 0.102778 0.095312 0.022222