4 0.498177 0.185648 0.020312 0.099074
4 0.241406 0.107407 0.050521 0.050000
4 0.606771 0.102315 0.094792 0.021296
6 0.169271 0.383333 0.021875 0.020370
6 0.058854 0.385185 0.023958 0.020370
6 0.310937 0.369907 0.018750 0.019444
6 0.333073 0.360648 0.018229 0.019444
6 0.116667 0.384259 0.022917 0.020370
2 0.695312 0.106944 0.021875 0.034259
8 0.651042 0.062500 0.004167 0.006481
1 0.030208 0.235648 0.034375 0.026852
2 0.529948 0.058333 0.015104 0.018519
8 0.496875 0.251852 0.006250 0.024074
1 0.476042 0.145833 0.008333 0.015741
7 0.524219 0.063426 0.004688 0.006481
2 0.560938 0.058333 0.015625 0.018519
7 0.495833 0.231019 0.005208 0.021296
1 0.984115 0.301852 0.031771 0.046296
1 0.545313 0.064352 0.010417 0.006481
7 0.675521 0.105093 0.005208 0.010185
8 0.496094 0.239815 0.002604 0.025926
1 0.513802 0.064352 0.009896 0.006481
8 0.989844 0.468981 0.020312 0.037963
0 0.454427 0.157407 0.002604 0.009259
0 0.505208 0.118519 0.001042 0.012963
0 0.470313 0.088426 0.001042 0.010185
0 0.671875 0.118056 0.003125 0.012037
0 0.470313 0.068056 0.001042 0.008333
0 0.449219 0.193056 0.002604 0.019444
0 0.801562 0.192130 0.006250 0.019444
0 0.769271 0.172685 0.005208 0.017593
0 0.474479 0.073611 0.001042 0.008333
0 0.716667 0.115741 0.003125 0.012963
0 0.468229 0.075463 0.001042 0.004630
0 0.672917 0.086111 0.002083 0.009259
0 0.460417 0.130093 0.002083 0.013889
0 0.470052 0.067130 0.000521 0.008333
0 0.619531 0.072685 0.001563 0.008333
0 0.983594 0.342130 0.013021 0.019444
0 0.662760 0.080556 0.001563 0.009259
0 0.814062 0.218056 0.007292 0.021296
0 0.771875 0.175463 0.005208 0.017593
0 0.461979 0.147685 0.002083 0.010185
0 0.809375 0.215741 0.006250 0.012963
0 0.499479 0.074074 0.001042 0.005556
0 0.661719 0.100926 0.002604 0.011111
0 0.760156 0.132407 0.003646 0.012963
0 0.836979 0.223148 0.007292 0.022222
0 0.491146 0.062037 0.001042 0.007407
0 0.506250 0.124074 0.001042 0.012963
0 0.630729 0.091204 0.002083 0.006481
0 0.504167 0.062037 0.001042 0.007407
0 0.923958 0.295370 0.011458 0.027778
0 0.671094 0.116667 0.002604 0.007407
0 0.932031 0.217130 0.008854 0.021296
0 0.470573 0.070833 0.000521 0.008333
0 0.705469 0.137037 0.003646 0.014815
0 0.469531 0.069907 0.001563 0.008333
0 0.503646 0.061111 0.001042 0.007407
0 0.457031 0.131481 0.001563 0.012963
0 0.632812 0.063889 0.001042 0.007407
0 0.508594 0.180093 0.002604 0.017593
0 0.449740 0.202778 0.002604 0.020370
0 0.510677 0.153241 0.001563 0.015741
0 0.094271 0.174537 0.006250 0.017593
0 0.020052 0.180093 0.007812 0.017593
0 0.468229 0.081019 0.001042 0.008333
0 0.461719 0.165741 0.002604 0.016667
0 0.421354 0.128704 0.002083 0.012963
4 0.498177 0.185648 0.020312 0.099074
4 0.241406 0.107407 0.050521 0.050000
4 0.606771 0.102315 0.094792 0.021296