4 0.498177 0.189352 0.020312 0.100926
4 0.238802 0.108796 0.051562 0.050926
4 0.607813 0.103704 0.095833 0.022222
6 0.158333 0.396296 0.022917 0.020370
6 0.044792 0.398148 0.025000 0.020370
6 0.304948 0.381944 0.019271 0.019444
6 0.327865 0.372222 0.018229 0.020370
6 0.104167 0.397222 0.023958 0.020370
2 0.697917 0.108333 0.022917 0.035185
8 0.651563 0.062963 0.004167 0.007407
1 0.021354 0.240278 0.035417 0.026852
2 0.529948 0.058796 0.015104 0.019444
8 0.496875 0.257407 0.006250 0.024074
1 0.475781 0.148148 0.007812 0.016667
7 0.523958 0.064352 0.005208 0.006481
2 0.561458 0.058796 0.015625 0.019444
7 0.495573 0.236111 0.005729 0.022222
1 0.989844 0.310185 0.020312 0.048148
1 0.545313 0.065278 0.010417 0.006481
7 0.677604 0.106481 0.005208 0.011111
8 0.496094 0.244907 0.002604 0.026852
1 0.514063 0.065278 0.010417 0.006481
0 0.453906 0.159722 0.002604 0.010185
0 0.505208 0.119907 0.001042 0.012037
0 0.470052 0.089352 0.001563 0.010185
0 0.673698 0.119444 0.002604 0.012963
0 0.470313 0.068519 0.001042 0.007407
0 0.448177 0.196759 0.002604 0.019444
0 0.806250 0.195370 0.006250 0.018519
0 0.773698 0.175463 0.005729 0.017593
0 0.474479 0.074537 0.001042 0.008333
0 0.719271 0.117130 0.003125 0.012037
0 0.467969 0.076389 0.001563 0.004630
0 0.674479 0.087037 0.002083 0.009259
0 0.460156 0.131481 0.001563 0.012963
0 0.469792 0.067593 0.001042 0.007407
0 0.620573 0.073611 0.001563 0.008333
0 0.995052 0.351852 0.009896 0.020370
0 0.663802 0.081481 0.001563 0.009259
0 0.820312 0.222685 0.007292 0.021296
0 0.776042 0.178241 0.005208 0.017593
0 0.461458 0.149537 0.002083 0.010185
0 0.815104 0.219444 0.006250 0.012963
0 0.499479 0.075000 0.001042 0.005556
0 0.663021 0.101852 0.002083 0.011111
0 0.097917 0.176389 0.006250 0.017593
0 0.763021 0.133796 0.004167 0.013889
0 0.843229 0.227778 0.007292 0.022222
0 0.491406 0.062037 0.000521 0.007407
0 0.506250 0.125463 0.001042 0.013889
0 0.631771 0.092130 0.002083 0.006481
0 0.504427 0.062037 0.000521 0.007407
0 0.934115 0.302778 0.011979 0.027778
0 0.673177 0.118519 0.002604 0.007407
0 0.939844 0.221296 0.008854 0.022222
0 0.470313 0.071296 0.001042 0.007407
0 0.707552 0.138889 0.003646 0.014815
0 0.469271 0.069907 0.001042 0.008333
0 0.503906 0.061574 0.000521 0.006481
0 0.456510 0.132870 0.001563 0.013889
0 0.633594 0.064815 0.001563 0.007407
0 0.508333 0.183333 0.002083 0.018519
0 0.448958 0.206481 0.003125 0.020370
0 0.510677 0.155093 0.001563 0.015741
0 0.088802 0.177315 0.006771 0.017593
0 0.011719 0.182870 0.007812 0.017593
0 0.468229 0.081481 0.001042 0.009259
0 0.460938 0.168519 0.002083 0.016667
0 0.420833 0.130093 0.002083 0.013889
4 0.498177 0.189352 0.020312 0.100926
4 0.238802 0.108796 0.051562 0.050926
4 0.607813 0.103704 0.095833 0.022222