4 0.498437 0.184259 0.019792 0.098148
4 0.242708 0.106944 0.050000 0.050926
4 0.605990 0.101852 0.094271 0.022222
6 0.173958 0.377315 0.021875 0.019444
6 0.065365 0.379630 0.023438 0.020370
6 0.313542 0.364352 0.018750 0.019444
6 0.335417 0.356019 0.017708 0.019444
6 0.122135 0.378241 0.022396 0.019444
2 0.694271 0.106481 0.021875 0.035185
8 0.650521 0.062500 0.004167 0.006481
1 0.034115 0.233796 0.033854 0.026852
2 0.529688 0.058333 0.015625 0.018519
8 0.496875 0.249074 0.006250 0.024074
1 0.476302 0.144907 0.007812 0.015741
7 0.524219 0.063426 0.004688 0.006481
2 0.560938 0.058333 0.015625 0.018519
7 0.495833 0.228704 0.005208 0.022222
1 0.981510 0.298148 0.036979 0.046296
1 0.545313 0.064352 0.010417 0.006481
7 0.674479 0.104167 0.005208 0.010185
8 0.496094 0.237500 0.002604 0.025000
1 0.513802 0.064352 0.009896 0.006481
8 0.985677 0.460648 0.028646 0.037963
0 0.454948 0.156019 0.002604 0.010185
0 0.505208 0.118056 0.001042 0.012037
0 0.470313 0.087963 0.001042 0.009259
0 0.671094 0.117130 0.002604 0.012037
0 0.470573 0.067593 0.000521 0.007407
0 0.449740 0.191204 0.002604 0.019444
0 0.799479 0.190741 0.006250 0.018519
0 0.767187 0.171296 0.005208 0.016667
0 0.474479 0.073611 0.001042 0.008333
0 0.715625 0.115278 0.003125 0.012037
0 0.468229 0.075463 0.001042 0.004630
0 0.672396 0.086111 0.002083 0.009259
0 0.460677 0.129167 0.001563 0.013889
0 0.470313 0.066667 0.001042 0.007407
0 0.619271 0.072685 0.001042 0.008333
0 0.977604 0.337500 0.012500 0.019444
0 0.662240 0.080556 0.001563 0.009259
0 0.811198 0.216204 0.006771 0.021296
0 0.770312 0.174537 0.005208 0.017593
0 0.462240 0.146759 0.002604 0.010185
0 0.807292 0.213889 0.006250 0.012963
0 0.499479 0.074074 0.001042 0.005556
0 0.660937 0.100463 0.002083 0.010185
0 0.106250 0.172685 0.006250 0.017593
0 0.758854 0.131481 0.004167 0.012963
0 0.834115 0.221296 0.006771 0.022222
0 0.491146 0.061574 0.001042 0.006481
0 0.506250 0.123148 0.001042 0.012963
0 0.630208 0.090741 0.002083 0.005556
0 0.503906 0.061574 0.000521 0.006481
0 0.919531 0.292130 0.010937 0.026852
0 0.670573 0.116667 0.002604 0.007407
0 0.928646 0.215278 0.008333 0.021296
0 0.470833 0.070370 0.001042 0.007407
0 0.704427 0.136574 0.003646 0.013889
0 0.469531 0.069444 0.001563 0.007407
0 0.503646 0.061111 0.001042 0.007407
0 0.457292 0.130556 0.002083 0.012963
0 0.632552 0.063889 0.001563 0.007407
0 0.508594 0.178704 0.002604 0.018519
0 0.450000 0.201389 0.003125 0.019444
0 0.510677 0.151852 0.001563 0.014815
0 0.096875 0.172685 0.006250 0.017593
0 0.023698 0.178241 0.007812 0.017593
0 0.468490 0.080556 0.001563 0.009259
0 0.461979 0.164815 0.002083 0.016667
0 0.421354 0.127778 0.002083 0.012963
4 0.498437 0.184259 0.019792 0.098148
4 0.242708 0.106944 0.050000 0.050926
4 0.605990 0.101852 0.094271 0.022222