4 0.498437 0.194444 0.020833 0.105556
4 0.234375 0.110648 0.053125 0.052778
4 0.609115 0.105093 0.097396 0.023148
6 0.141927 0.416204 0.024479 0.021296
6 0.022135 0.418981 0.026563 0.021296
6 0.295573 0.400926 0.020312 0.020370
6 0.320052 0.390278 0.019271 0.019444
6 0.084635 0.417130 0.025521 0.021296
2 0.701823 0.110648 0.023438 0.036111
8 0.215625 0.132870 0.006250 0.013889
8 0.653125 0.063889 0.004167 0.007407
1 0.013281 0.247685 0.026563 0.028704
2 0.530208 0.059722 0.015625 0.019444
8 0.496615 0.266204 0.006771 0.025000
1 0.475260 0.151389 0.007812 0.015741
7 0.523698 0.064352 0.004688 0.006481
2 0.562240 0.059722 0.016146 0.019444
7 0.495573 0.243056 0.005729 0.023148
1 0.545833 0.065741 0.010417 0.007407
7 0.680990 0.108333 0.005729 0.011111
8 0.496094 0.252778 0.002604 0.027778
1 0.514063 0.066204 0.010417 0.006481
0 0.452865 0.163426 0.002604 0.010185
0 0.505208 0.122222 0.001042 0.012963
0 0.469792 0.090741 0.001042 0.009259
0 0.676823 0.121759 0.002604 0.012037
0 0.469792 0.069444 0.001042 0.007407
0 0.446875 0.202315 0.003125 0.019444
0 0.813542 0.200463 0.006250 0.019444
0 0.780729 0.180556 0.005208 0.018519
0 0.473958 0.075463 0.001042 0.008333
0 0.722917 0.119444 0.003125 0.012963
0 0.467708 0.077315 0.001042 0.004630
0 0.676042 0.087963 0.002083 0.009259
0 0.459375 0.133796 0.002083 0.013889
0 0.469792 0.068519 0.001042 0.007407
0 0.621615 0.074537 0.001563 0.008333
0 0.665625 0.082407 0.002083 0.009259
0 0.830208 0.230093 0.007292 0.021296
0 0.781771 0.182870 0.005208 0.017593
0 0.460417 0.152778 0.002083 0.011111
0 0.823177 0.225926 0.006771 0.012963
0 0.499479 0.075926 0.001042 0.005556
0 0.665625 0.103704 0.002083 0.011111
0 0.089323 0.180556 0.006771 0.018519
0 0.767187 0.136574 0.004167 0.013889
0 0.852604 0.234722 0.007292 0.023148
0 0.491667 0.062963 0.001042 0.007407
0 0.506510 0.127778 0.001563 0.012963
0 0.633333 0.093519 0.002083 0.005556
0 0.504948 0.062963 0.000521 0.007407
0 0.950000 0.314352 0.012500 0.028704
0 0.676042 0.120370 0.003125 0.007407
0 0.951563 0.227778 0.009375 0.022222
0 0.470052 0.071759 0.000521 0.008333
0 0.711198 0.141204 0.003646 0.013889
0 0.468750 0.070833 0.001042 0.008333
0 0.504167 0.062037 0.001042 0.007407
0 0.455990 0.135648 0.001563 0.013889
0 0.634896 0.064815 0.001042 0.007407
0 0.508594 0.187963 0.002604 0.018519
0 0.447396 0.212037 0.003125 0.020370
0 0.511198 0.157870 0.001563 0.015741
0 0.080469 0.181481 0.006771 0.018519
0 0.001823 0.187037 0.003646 0.018519
0 0.467708 0.082407 0.001042 0.009259
0 0.460156 0.173148 0.002604 0.016667
0 0.420312 0.132870 0.002083 0.013889
4 0.498437 0.194444 0.020833 0.105556
4 0.234375 0.110648 0.053125 0.052778
4 0.609115 0.105093 0.097396 0.023148