4 0.498177 0.191204 0.020312 0.102778
4 0.236979 0.109259 0.052083 0.051852
4 0.608073 0.103704 0.096354 0.022222
6 0.152865 0.402778 0.023438 0.020370
6 0.037240 0.405093 0.025521 0.021296
6 0.301823 0.387963 0.019271 0.020370
6 0.325260 0.378241 0.019271 0.019444
6 0.097656 0.403704 0.024479 0.020370
2 0.699479 0.109259 0.022917 0.035185
8 0.218750 0.131481 0.006250 0.012963
8 0.652083 0.063426 0.004167 0.006481
1 0.017448 0.242593 0.034896 0.027778
2 0.529948 0.059259 0.015104 0.018519
8 0.496875 0.260185 0.006250 0.024074
1 0.475521 0.149537 0.008333 0.015741
7 0.523958 0.064352 0.005208 0.006481
2 0.561719 0.058796 0.016146 0.019444
7 0.495573 0.237963 0.005729 0.022222
1 0.992969 0.314352 0.014062 0.049074
1 0.545833 0.065278 0.010417 0.006481
7 0.678646 0.107407 0.005208 0.011111
8 0.496094 0.247685 0.002604 0.026852
1 0.514063 0.065278 0.010417 0.006481
0 0.453385 0.161111 0.002604 0.009259
0 0.505208 0.120370 0.001042 0.012963
0 0.469792 0.089815 0.001042 0.009259
0 0.674740 0.120370 0.002604 0.012963
0 0.470313 0.068981 0.001042 0.008333
0 0.447917 0.198611 0.003125 0.019444
0 0.808854 0.196759 0.006250 0.019444
0 0.776042 0.177315 0.005208 0.017593
0 0.474479 0.074537 0.001042 0.008333
0 0.720312 0.118056 0.003125 0.012037
0 0.467969 0.076389 0.001563 0.004630
0 0.675000 0.087037 0.002083 0.009259
0 0.459896 0.132407 0.002083 0.012963
0 0.469792 0.067593 0.001042 0.007407
0 0.620833 0.073611 0.001042 0.008333
0 0.998438 0.356481 0.003125 0.020370
0 0.664583 0.081481 0.002083 0.009259
0 0.823438 0.225463 0.007292 0.021296
0 0.777865 0.180093 0.005729 0.017593
0 0.460938 0.150926 0.002083 0.011111
0 0.817708 0.221759 0.006250 0.013889
0 0.499479 0.075000 0.001042 0.005556
0 0.664062 0.102315 0.002083 0.010185
0 0.095052 0.178241 0.006771 0.017593
0 0.764323 0.134722 0.003646 0.013889
0 0.846354 0.230093 0.007292 0.023148
0 0.491406 0.062500 0.000521 0.006481
0 0.506250 0.125926 0.001042 0.012963
0 0.632292 0.092593 0.002083 0.005556
0 0.504687 0.062500 0.001042 0.006481
0 0.939323 0.306481 0.011979 0.027778
0 0.674219 0.119444 0.002604 0.007407
0 0.943490 0.223611 0.008854 0.021296
0 0.470313 0.071759 0.001042 0.008333
0 0.708854 0.139815 0.003125 0.014815
0 0.469271 0.070370 0.001042 0.007407
0 0.503906 0.062037 0.000521 0.007407
0 0.456250 0.133796 0.002083 0.013889
0 0.634115 0.064815 0.001563 0.007407
0 0.508594 0.184259 0.002604 0.018519
0 0.448438 0.208333 0.003125 0.020370
0 0.510938 0.156019 0.002083 0.015741
0 0.085938 0.178241 0.006250 0.017593
0 0.007812 0.184259 0.008333 0.018519
0 0.468229 0.081944 0.001042 0.008333
0 0.460677 0.170370 0.002604 0.016667
0 0.420833 0.131019 0.002083 0.013889
4 0.498177 0.191204 0.020312 0.102778
4 0.236979 0.109259 0.052083 0.051852
4 0.608073 0.103704 0.096354 0.022222