4 0.498177 0.198611 0.021354 0.108333
4 0.231771 0.112037 0.054167 0.053704
4 0.610156 0.106481 0.098438 0.022222
6 0.129948 0.430556 0.025521 0.022222
6 0.010156 0.433333 0.020312 0.022222
6 0.289062 0.414352 0.020833 0.021296
6 0.314323 0.402778 0.020312 0.020370
6 0.070573 0.431481 0.026563 0.022222
2 0.704687 0.112500 0.023958 0.036111
8 0.212500 0.134722 0.006250 0.013889
8 0.653906 0.064352 0.004688 0.006481
2 0.530208 0.059722 0.015625 0.019444
8 0.496615 0.272222 0.006771 0.025926
1 0.475000 0.153241 0.008333 0.015741
7 0.523438 0.065278 0.005208 0.006481
2 0.562240 0.059722 0.016146 0.019444
7 0.495573 0.248148 0.005729 0.024074
1 0.546354 0.066204 0.010417 0.006481
7 0.683073 0.110185 0.005729 0.011111
8 0.496094 0.258333 0.002604 0.027778
1 0.514063 0.066204 0.010417 0.006481
0 0.452344 0.166204 0.002604 0.010185
0 0.505208 0.123148 0.001042 0.012963
0 0.469531 0.091204 0.001563 0.010185
0 0.678646 0.123148 0.003125 0.012963
0 0.469792 0.069907 0.001042 0.008333
0 0.445833 0.206019 0.003125 0.019444
0 0.818490 0.203704 0.006771 0.020370
0 0.785417 0.183796 0.005208 0.017593
0 0.473958 0.075463 0.001042 0.008333
0 0.725260 0.120833 0.003646 0.012037
0 0.467448 0.077778 0.001563 0.005556
0 0.677604 0.088889 0.002083 0.009259
0 0.459375 0.135648 0.002083 0.013889
0 0.469271 0.068981 0.001042 0.008333
0 0.622656 0.074537 0.001563 0.008333
0 0.666667 0.083333 0.002083 0.009259
0 0.836719 0.235185 0.007812 0.022222
0 0.785677 0.185185 0.005729 0.018519
0 0.459635 0.154630 0.002604 0.011111
0 0.828906 0.229630 0.006771 0.012963
0 0.499479 0.076389 0.001042 0.006481
0 0.666927 0.104630 0.002604 0.011111
0 0.083594 0.183333 0.006771 0.018519
0 0.769792 0.137963 0.004167 0.014815
0 0.859115 0.239352 0.007812 0.023148
0 0.491667 0.062963 0.001042 0.007407
0 0.506510 0.128704 0.001563 0.012963
0 0.634375 0.094444 0.002083 0.005556
0 0.505208 0.063426 0.001042 0.006481
0 0.960677 0.322222 0.013021 0.029630
0 0.677865 0.122222 0.002604 0.007407
0 0.959375 0.231481 0.009375 0.022222
0 0.469792 0.072685 0.001042 0.008333
0 0.713281 0.143056 0.003646 0.013889
0 0.468750 0.071759 0.001042 0.008333
0 0.504427 0.062963 0.000521 0.007407
0 0.455208 0.137037 0.002083 0.014815
0 0.635677 0.065741 0.001563 0.007407
0 0.508594 0.190741 0.002604 0.018519
0 0.446875 0.215741 0.003125 0.020370
0 0.511198 0.160185 0.001563 0.016667
0 0.074740 0.184259 0.006771 0.018519
0 0.467708 0.083333 0.001042 0.009259
0 0.459375 0.176389 0.002083 0.017593
0 0.419792 0.134722 0.002083 0.013889
4 0.498177 0.198611 0.021354 0.108333
4 0.231771 0.112037 0.054167 0.053704
4 0.610156 0.106481 0.098438 0.022222