4 0.498437 0.214815 0.022917 0.120370
4 0.219531 0.118056 0.058854 0.056481
4 0.614583 0.111111 0.102083 0.024074
6 0.072135 0.499537 0.030729 0.025000
6 0.257552 0.478241 0.024479 0.025000
6 0.287240 0.463426 0.023438 0.025000
6 0.009896 0.501389 0.019792 0.025000
2 0.716146 0.119444 0.026042 0.038889
8 0.198698 0.141667 0.006771 0.014815
8 0.657031 0.066204 0.004688 0.006481
2 0.531250 0.062037 0.015625 0.020370
8 0.496354 0.299537 0.007292 0.028704
1 0.473698 0.162500 0.008854 0.017593
7 0.522135 0.067130 0.004688 0.006481
2 0.564062 0.062037 0.016667 0.020370
7 0.495313 0.270833 0.006250 0.025000
1 0.547396 0.068056 0.010417 0.006481
7 0.692187 0.116204 0.006250 0.012037
8 0.495833 0.282870 0.003125 0.030556
1 0.514583 0.068519 0.010417 0.007407
0 0.449479 0.176852 0.003125 0.011111
0 0.505469 0.128704 0.001563 0.012963
0 0.468229 0.094907 0.001042 0.010185
0 0.686979 0.129630 0.003125 0.012963
0 0.469271 0.072685 0.001042 0.008333
0 0.441667 0.222685 0.003125 0.021296
0 0.839844 0.218056 0.007812 0.021296
0 0.806250 0.197685 0.006250 0.019444
0 0.473437 0.078241 0.001042 0.008333
0 0.735937 0.126852 0.003125 0.012963
0 0.466667 0.080093 0.001042 0.004630
0 0.682813 0.092130 0.002083 0.010185
0 0.457812 0.143519 0.002083 0.014815
0 0.468750 0.071296 0.001042 0.007407
0 0.626042 0.077778 0.001042 0.009259
0 0.671354 0.085648 0.002083 0.010185
0 0.867448 0.257407 0.008854 0.024074
0 0.802604 0.197685 0.006250 0.019444
0 0.457031 0.163426 0.002604 0.012037
0 0.853385 0.247685 0.007812 0.013889
0 0.499479 0.079167 0.001042 0.006481
0 0.673177 0.108333 0.002604 0.011111
0 0.058594 0.195833 0.007812 0.019444
0 0.782031 0.144444 0.004688 0.014815
0 0.888021 0.260648 0.009375 0.025000
0 0.492188 0.064815 0.001042 0.007407
0 0.506510 0.134722 0.001563 0.013889
0 0.639583 0.098611 0.002083 0.006481
0 0.506250 0.065278 0.001042 0.008333
0 0.685938 0.128241 0.003125 0.008333
0 0.994531 0.250926 0.010937 0.024074
0 0.468750 0.075463 0.001042 0.008333
0 0.723437 0.150463 0.004167 0.015741
0 0.467708 0.073611 0.001042 0.008333
0 0.453125 0.143519 0.002083 0.014815
0 0.639323 0.067593 0.001563 0.007407
0 0.509375 0.204630 0.003125 0.020370
0 0.442969 0.232407 0.003646 0.022222
0 0.511719 0.169444 0.001563 0.016667
0 0.049219 0.196759 0.007812 0.019444
0 0.466667 0.086111 0.001042 0.009259
0 0.456510 0.188889 0.002604 0.018519
0 0.418229 0.141667 0.002083 0.014815
4 0.498437 0.214815 0.022917 0.120370
4 0.219531 0.118056 0.058854 0.056481
4 0.614583 0.111111 0.102083 0.024074