4 0.498437 0.204630 0.021875 0.112963
4 0.227344 0.114352 0.055729 0.054630
4 0.611979 0.107870 0.100000 0.023148
6 0.109896 0.454167 0.027083 0.023148
6 0.278125 0.436111 0.021875 0.022222
6 0.304948 0.423611 0.021354 0.021296
6 0.047656 0.456019 0.028646 0.023148
2 0.708594 0.115278 0.024479 0.037963
8 0.207292 0.137500 0.006250 0.013889
8 0.655208 0.064815 0.004167 0.007407
2 0.530729 0.060648 0.015625 0.019444
8 0.496615 0.281944 0.006771 0.026852
1 0.474479 0.156481 0.008333 0.016667
7 0.522656 0.066204 0.004688 0.006481
2 0.563021 0.060648 0.016667 0.019444
7 0.495313 0.256481 0.006250 0.024074
1 0.546615 0.067130 0.010937 0.006481
7 0.686458 0.112037 0.006250 0.011111
8 0.495833 0.267130 0.003125 0.028704
1 0.514583 0.067130 0.010417 0.006481
0 0.451302 0.169907 0.002604 0.010185
0 0.505469 0.125000 0.001563 0.012963
0 0.469010 0.093056 0.001563 0.010185
0 0.681771 0.125926 0.003125 0.012963
0 0.469531 0.070833 0.000521 0.008333
0 0.444271 0.212037 0.003125 0.020370
0 0.826302 0.209259 0.006771 0.020370
0 0.792969 0.188889 0.005729 0.018519
0 0.473698 0.076389 0.000521 0.008333
0 0.729167 0.123148 0.003125 0.012963
0 0.467187 0.078704 0.001042 0.005556
0 0.679688 0.089815 0.002083 0.009259
0 0.277083 0.063889 0.002083 0.007407
0 0.458594 0.138426 0.002604 0.013889
0 0.469271 0.069907 0.001042 0.008333
0 0.623698 0.075926 0.001563 0.009259
0 0.668229 0.084259 0.002083 0.009259
0 0.847917 0.243056 0.008333 0.023148
0 0.791927 0.189815 0.005729 0.018519
0 0.458854 0.157407 0.002083 0.011111
0 0.837500 0.236574 0.007292 0.013889
0 0.499479 0.077315 0.001042 0.006481
0 0.669271 0.105556 0.002083 0.011111
0 0.074479 0.187963 0.007292 0.018519
0 0.774479 0.140741 0.004167 0.014815
0 0.869531 0.246759 0.008854 0.023148
0 0.491927 0.063889 0.000521 0.007407
0 0.506510 0.131019 0.001563 0.013889
0 0.636458 0.095833 0.002083 0.006481
0 0.505469 0.063889 0.000521 0.007407
0 0.978385 0.334722 0.014062 0.030556
0 0.680729 0.124537 0.003125 0.008333
0 0.971875 0.238426 0.010417 0.023148
0 0.469531 0.073611 0.000521 0.008333
0 0.717188 0.145370 0.004167 0.014815
0 0.468490 0.072685 0.001563 0.008333
0 0.504687 0.063426 0.001042 0.006481
0 0.454427 0.139352 0.001563 0.013889
0 0.636979 0.066204 0.001042 0.008333
0 0.509115 0.195833 0.002604 0.019444
0 0.445312 0.221759 0.003125 0.021296
0 0.511458 0.163889 0.002083 0.016667
0 0.065625 0.188889 0.007292 0.018519
0 0.467187 0.084259 0.001042 0.009259
0 0.458594 0.180556 0.002604 0.018519
0 0.419271 0.137037 0.002083 0.014815
4 0.498437 0.204630 0.021875 0.112963
4 0.227344 0.114352 0.055729 0.054630
4 0.611979 0.107870 0.100000 0.023148