4 0.498177 0.229630 0.024479 0.131481
4 0.209896 0.122222 0.062500 0.059259
4 0.618490 0.114815 0.105729 0.024074
6 0.016406 0.568519 0.032812 0.027778
6 0.226302 0.541204 0.027604 0.030556
6 0.260938 0.522685 0.026042 0.028704
2 0.725781 0.125000 0.027604 0.040741
8 0.187240 0.147685 0.007812 0.015741
2 0.531771 0.062963 0.016667 0.020370
8 0.496094 0.324074 0.007812 0.031481
1 0.472396 0.169444 0.009375 0.018519
7 0.522135 0.068519 0.004688 0.007407
2 0.565104 0.062963 0.016667 0.020370
7 0.494792 0.290741 0.007292 0.027778
1 0.548177 0.069907 0.010937 0.006481
7 0.699740 0.121296 0.006771 0.012963
8 0.495313 0.305093 0.003125 0.032407
1 0.514844 0.069907 0.010937 0.006481
0 0.446875 0.186111 0.003125 0.011111
0 0.505469 0.133333 0.001563 0.012963
0 0.467448 0.098611 0.001563 0.010185
0 0.694271 0.134722 0.003125 0.013889
0 0.468229 0.074537 0.001042 0.008333
0 0.438021 0.237500 0.003125 0.023148
0 0.858073 0.230556 0.007812 0.022222
0 0.823958 0.209259 0.007292 0.020370
0 0.472917 0.080093 0.001042 0.008333
0 0.744792 0.131944 0.004167 0.013889
0 0.465885 0.081944 0.001563 0.004630
0 0.687240 0.093981 0.002604 0.010185
0 0.456510 0.149537 0.002604 0.015741
0 0.467969 0.072685 0.000521 0.008333
0 0.628906 0.079630 0.001563 0.009259
0 0.675000 0.087963 0.002083 0.009259
0 0.894271 0.276852 0.010417 0.025926
0 0.816927 0.208333 0.006771 0.020370
0 0.454688 0.169907 0.002083 0.012037
0 0.874479 0.262963 0.008333 0.014815
0 0.498958 0.081481 0.001042 0.005556
0 0.678385 0.111574 0.002604 0.012037
0 0.036979 0.206944 0.008333 0.019444
0 0.791927 0.150463 0.004688 0.015741
0 0.913542 0.278241 0.010417 0.026852
0 0.492708 0.066667 0.001042 0.007407
0 0.507031 0.139815 0.001563 0.014815
0 0.643229 0.101389 0.002083 0.006481
0 0.506771 0.066667 0.001042 0.007407
0 0.294792 0.070833 0.002083 0.008333
0 0.692708 0.133796 0.003125 0.008333
0 0.468229 0.077315 0.001042 0.008333
0 0.731771 0.156944 0.004167 0.015741
0 0.467187 0.075463 0.001042 0.008333
0 0.505729 0.065741 0.001042 0.007407
0 0.451562 0.149537 0.002083 0.015741
0 0.641927 0.068981 0.001563 0.008333
0 0.509896 0.216204 0.003125 0.021296
0 0.439844 0.246759 0.003646 0.023148
0 0.512500 0.177315 0.002083 0.017593
0 0.027865 0.207407 0.007812 0.020370
0 0.465625 0.088426 0.001042 0.010185
0 0.454167 0.199537 0.003125 0.019444
0 0.416146 0.147222 0.002083 0.014815
4 0.498177 0.229630 0.024479 0.131481
4 0.209896 0.122222 0.062500 0.059259
4 0.618490 0.114815 0.105729 0.024074