4 0.498177 0.240278 0.025521 0.139815
4 0.621094 0.118056 0.107813 0.025000
6 0.201562 0.591667 0.030208 0.033333
6 0.239844 0.569444 0.028646 0.031481
2 0.732552 0.129630 0.028646 0.042593
8 0.661198 0.068519 0.004688 0.007407
2 0.532292 0.064352 0.016667 0.021296
8 0.495833 0.342130 0.008333 0.032407
1 0.471875 0.175000 0.009375 0.018519
7 0.522135 0.069444 0.004688 0.007407
2 0.565885 0.063889 0.017188 0.020370
7 0.494531 0.305556 0.006771 0.029630
1 0.548958 0.070833 0.011458 0.006481
7 0.705208 0.124537 0.007292 0.012037
8 0.495052 0.321296 0.003646 0.035185
1 0.514844 0.071296 0.010937 0.007407
0 0.445312 0.193056 0.003125 0.012037
0 0.505469 0.136574 0.001563 0.013889
0 0.466927 0.100463 0.001563 0.010185
0 0.698958 0.138426 0.003125 0.013889
0 0.468229 0.075463 0.001042 0.008333
0 0.435156 0.248148 0.003646 0.024074
0 0.871094 0.239815 0.008854 0.022222
0 0.836458 0.218056 0.007292 0.021296
0 0.472396 0.081019 0.001042 0.008333
0 0.750781 0.135648 0.003646 0.013889
0 0.465365 0.083333 0.001563 0.005556
0 0.690365 0.095833 0.002604 0.010185
0 0.455469 0.154167 0.002604 0.015741
0 0.467708 0.074537 0.001042 0.008333
0 0.630469 0.081481 0.001563 0.009259
0 0.677604 0.089352 0.002083 0.010185
0 0.913802 0.291204 0.010937 0.026852
0 0.453385 0.175463 0.002604 0.012037
0 0.889583 0.274074 0.009375 0.016667
0 0.498958 0.082870 0.001042 0.006481
0 0.682031 0.114352 0.002604 0.012037
0 0.021615 0.214352 0.008854 0.021296
0 0.798958 0.154167 0.005208 0.015741
0 0.931771 0.291667 0.011458 0.027778
0 0.492969 0.067593 0.000521 0.007407
0 0.507031 0.143519 0.001563 0.014815
0 0.646094 0.103704 0.002604 0.007407
0 0.507292 0.067593 0.001042 0.007407
0 0.697396 0.137500 0.003125 0.008333
0 0.467708 0.078704 0.001042 0.009259
0 0.737500 0.160648 0.004167 0.015741
0 0.466667 0.076389 0.001042 0.008333
0 0.505990 0.067130 0.000521 0.008333
0 0.450781 0.153241 0.002604 0.015741
0 0.644010 0.070370 0.001563 0.007407
0 0.510417 0.225000 0.003125 0.022222
0 0.437500 0.257407 0.004167 0.024074
0 0.512500 0.182407 0.002083 0.018519
0 0.012760 0.215278 0.008854 0.021296
0 0.465104 0.089815 0.001042 0.009259
0 0.452344 0.207407 0.002604 0.020370
0 0.415104 0.151389 0.002083 0.015741
4 0.498177 0.240278 0.025521 0.139815
4 0.621094 0.118056 0.107813 0.025000