4 0.498177 0.227315 0.024479 0.128704
4 0.211458 0.121759 0.061458 0.058333
4 0.617708 0.114352 0.105208 0.025000
6 0.025000 0.556019 0.035417 0.026852
6 0.232031 0.530093 0.026563 0.028704
6 0.265625 0.512037 0.026042 0.027778
2 0.723958 0.124537 0.027083 0.039815
8 0.189063 0.146759 0.007292 0.015741
8 0.659115 0.067593 0.004688 0.007407
2 0.531510 0.062963 0.016146 0.020370
8 0.496094 0.319907 0.007812 0.030556
1 0.472656 0.168519 0.008854 0.018519
7 0.522135 0.068056 0.004688 0.006481
2 0.564844 0.062963 0.017188 0.020370
7 0.495052 0.287500 0.006771 0.026852
1 0.548177 0.069444 0.010937 0.007407
7 0.698698 0.120370 0.006771 0.012963
8 0.495313 0.301389 0.003125 0.032407
1 0.514844 0.069444 0.010937 0.007407
0 0.447396 0.185185 0.003125 0.011111
0 0.505469 0.132870 0.001563 0.013889
0 0.467708 0.097685 0.001042 0.010185
0 0.692969 0.133796 0.003646 0.013889
0 0.468750 0.073611 0.001042 0.008333
0 0.438542 0.235185 0.003125 0.022222
0 0.854948 0.228704 0.007812 0.022222
0 0.821094 0.207407 0.006771 0.020370
0 0.472917 0.079630 0.001042 0.009259
0 0.743490 0.131481 0.003646 0.012963
0 0.466146 0.081481 0.001042 0.005556
0 0.686458 0.093981 0.002083 0.010185
0 0.456771 0.148611 0.002083 0.015741
0 0.468229 0.072685 0.001042 0.008333
0 0.628385 0.079630 0.001563 0.009259
0 0.674479 0.087500 0.002083 0.010185
0 0.889583 0.273611 0.010417 0.025000
0 0.814844 0.206481 0.006771 0.020370
0 0.454948 0.168981 0.002604 0.012037
0 0.870833 0.260648 0.008333 0.015741
0 0.498958 0.081019 0.001042 0.006481
0 0.677604 0.111574 0.002083 0.012037
0 0.040625 0.205093 0.008333 0.019444
0 0.790365 0.149537 0.004688 0.015741
0 0.909115 0.275463 0.009896 0.026852
0 0.492708 0.066667 0.001042 0.007407
0 0.506771 0.139352 0.002083 0.013889
0 0.642708 0.101389 0.002083 0.006481
0 0.506771 0.066667 0.001042 0.007407
0 0.691667 0.132870 0.003125 0.008333
0 0.468229 0.076852 0.001042 0.009259
0 0.730208 0.156019 0.004167 0.015741
0 0.467187 0.075463 0.001042 0.008333
0 0.505469 0.065741 0.000521 0.007407
0 0.451562 0.148611 0.002083 0.015741
0 0.641406 0.068981 0.001563 0.008333
0 0.509896 0.214352 0.003125 0.021296
0 0.440365 0.244444 0.003646 0.024074
0 0.512240 0.175926 0.001563 0.016667
0 0.031250 0.205556 0.008333 0.020370
0 0.465885 0.087963 0.001563 0.009259
0 0.454427 0.197685 0.002604 0.019444
0 0.416406 0.146296 0.002604 0.014815
4 0.498177 0.227315 0.024479 0.128704
4 0.211458 0.121759 0.061458 0.058333
4 0.617708 0.114352 0.105208 0.025000