4 0.498177 0.237500 0.025521 0.137963
4 0.620313 0.117130 0.107292 0.025000
6 0.208333 0.578241 0.029167 0.032407
6 0.245833 0.556481 0.028125 0.031481
2 0.730729 0.128241 0.028125 0.041667
2 0.532031 0.063889 0.016146 0.020370
8 0.495833 0.337500 0.008333 0.032407
1 0.471875 0.173611 0.009375 0.019444
7 0.522135 0.069444 0.004688 0.007407
2 0.565885 0.063889 0.017188 0.020370
7 0.494792 0.301852 0.007292 0.029630
1 0.548698 0.070370 0.010937 0.007407
7 0.703906 0.123611 0.006771 0.012037
8 0.495052 0.317130 0.003646 0.034259
1 0.514844 0.070833 0.010937 0.006481
0 0.445833 0.191204 0.003125 0.012037
0 0.505469 0.135648 0.001563 0.013889
0 0.466927 0.100000 0.001563 0.011111
0 0.697656 0.137500 0.003646 0.013889
0 0.468229 0.075463 0.001042 0.008333
0 0.436198 0.244907 0.003646 0.023148
0 0.867708 0.237500 0.008333 0.023148
0 0.833333 0.216204 0.007292 0.021296
0 0.472396 0.080556 0.001042 0.009259
0 0.749219 0.134722 0.003646 0.013889
0 0.465625 0.082870 0.001042 0.004630
0 0.689323 0.095833 0.002604 0.010185
0 0.455990 0.152778 0.002604 0.014815
0 0.467708 0.073611 0.001042 0.008333
0 0.629948 0.080556 0.001563 0.009259
0 0.677083 0.088889 0.002083 0.009259
0 0.908594 0.287500 0.010937 0.026852
0 0.824479 0.213426 0.007292 0.021296
0 0.453385 0.174074 0.002604 0.012963
0 0.885677 0.270833 0.008854 0.015741
0 0.498958 0.082870 0.001042 0.006481
0 0.680990 0.113426 0.002604 0.012037
0 0.025781 0.212500 0.008854 0.021296
0 0.797135 0.153241 0.004688 0.015741
0 0.927083 0.287963 0.011458 0.027778
0 0.492969 0.067593 0.000521 0.007407
0 0.507031 0.142593 0.001563 0.014815
0 0.645312 0.103241 0.002083 0.006481
0 0.507292 0.067593 0.001042 0.007407
0 0.696094 0.136574 0.003646 0.008333
0 0.467708 0.078241 0.001042 0.008333
0 0.735937 0.159722 0.004167 0.015741
0 0.466667 0.076389 0.001042 0.008333
0 0.505990 0.066667 0.000521 0.007407
0 0.451042 0.152315 0.002083 0.015741
0 0.643490 0.069907 0.001563 0.008333
0 0.509896 0.222685 0.003125 0.021296
0 0.438021 0.254630 0.004167 0.024074
0 0.512500 0.181019 0.002083 0.017593
0 0.016927 0.212963 0.008854 0.020370
0 0.465365 0.089352 0.001563 0.010185
0 0.452865 0.205093 0.002604 0.019444
0 0.415365 0.150463 0.002604 0.015741
4 0.498177 0.237500 0.025521 0.137963
4 0.620313 0.117130 0.107292 0.025000