4 0.498437 0.225000 0.023958 0.127778
4 0.213021 0.120833 0.061458 0.058333
4 0.617188 0.113889 0.104167 0.024074
6 0.035156 0.543981 0.033854 0.026852
6 0.237500 0.518981 0.026042 0.028704
6 0.270312 0.501389 0.025000 0.026852
2 0.722396 0.123611 0.027083 0.039815
8 0.191146 0.145833 0.007292 0.015741
2 0.531510 0.062963 0.016146 0.020370
8 0.496094 0.315741 0.007812 0.029630
1 0.472917 0.167130 0.009375 0.017593
7 0.522135 0.068056 0.004688 0.006481
2 0.564844 0.062963 0.017188 0.020370
7 0.495052 0.283796 0.006771 0.026852
1 0.548177 0.069444 0.010937 0.007407
7 0.697396 0.119444 0.006250 0.012963
8 0.495313 0.297685 0.003125 0.032407
1 0.514844 0.069444 0.010937 0.007407
0 0.447917 0.183333 0.003125 0.011111
0 0.505469 0.131944 0.001563 0.013889
0 0.467708 0.097222 0.001042 0.011111
0 0.691667 0.132870 0.003125 0.013889
0 0.468750 0.073611 0.001042 0.008333
0 0.439323 0.232407 0.003646 0.022222
0 0.851823 0.226852 0.007812 0.022222
0 0.817969 0.205556 0.006771 0.020370
0 0.472917 0.079167 0.001042 0.008333
0 0.741927 0.130556 0.003646 0.012963
0 0.466146 0.081481 0.001042 0.005556
0 0.685938 0.093519 0.002083 0.009259
0 0.457031 0.147222 0.002604 0.014815
0 0.468229 0.072685 0.001042 0.008333
0 0.627865 0.079167 0.001563 0.008333
0 0.673958 0.087037 0.002083 0.009259
0 0.885156 0.270370 0.009896 0.025926
0 0.812240 0.204630 0.006771 0.020370
0 0.455469 0.168056 0.002604 0.012037
0 0.867188 0.257870 0.008333 0.015741
0 0.498958 0.080556 0.001042 0.005556
0 0.676562 0.110648 0.002083 0.012037
0 0.044271 0.203241 0.008333 0.019444
0 0.788802 0.148611 0.004688 0.015741
0 0.904948 0.272222 0.009896 0.025926
0 0.492708 0.066204 0.001042 0.008333
0 0.506510 0.138426 0.001563 0.013889
0 0.642187 0.100463 0.002083 0.006481
0 0.506510 0.066204 0.000521 0.008333
0 0.690625 0.131944 0.003125 0.008333
0 0.468750 0.076389 0.001042 0.008333
0 0.729167 0.154167 0.004167 0.015741
0 0.467708 0.074537 0.001042 0.008333
0 0.505469 0.065741 0.000521 0.007407
0 0.452083 0.147685 0.002083 0.015741
0 0.641146 0.068519 0.001042 0.007407
0 0.509635 0.212500 0.002604 0.021296
0 0.440885 0.242130 0.003646 0.023148
0 0.511979 0.174537 0.002083 0.017593
0 0.034896 0.203704 0.008333 0.020370
0 0.466146 0.087500 0.001042 0.010185
0 0.454948 0.195833 0.002604 0.019444
0 0.416667 0.145370 0.002083 0.014815
4 0.498437 0.225000 0.023958 0.127778
4 0.213021 0.120833 0.061458 0.058333
4 0.617188 0.113889 0.104167 0.024074