4 0.498177 0.243056 0.025521 0.141667
4 0.621354 0.118056 0.108333 0.025000
6 0.194271 0.606481 0.031250 0.035185
6 0.234115 0.582870 0.029687 0.032407
2 0.734375 0.130556 0.029167 0.042593
8 0.661719 0.068981 0.004688 0.008333
2 0.532292 0.064815 0.016667 0.020370
8 0.495833 0.347222 0.008333 0.033333
1 0.471354 0.176389 0.009375 0.019444
7 0.521875 0.069907 0.005208 0.006481
2 0.566406 0.064815 0.017188 0.020370
7 0.494271 0.309259 0.007292 0.029630
1 0.548958 0.071296 0.011458 0.007407
7 0.706510 0.125926 0.006771 0.012963
8 0.495052 0.325926 0.003646 0.035185
1 0.515104 0.071296 0.011458 0.007407
0 0.444792 0.194907 0.003125 0.012037
0 0.505469 0.137500 0.001563 0.013889
0 0.466667 0.100926 0.001042 0.011111
0 0.700260 0.139815 0.003646 0.014815
0 0.468229 0.075926 0.001042 0.009259
0 0.434635 0.250926 0.003646 0.024074
0 0.874740 0.242130 0.008854 0.023148
0 0.840104 0.220833 0.007292 0.021296
0 0.472396 0.081481 0.001042 0.009259
0 0.752604 0.136574 0.004167 0.013889
0 0.465365 0.083333 0.001563 0.005556
0 0.690885 0.096759 0.002604 0.010185
0 0.455469 0.155093 0.002604 0.015741
0 0.467187 0.074537 0.001042 0.008333
0 0.630990 0.081481 0.001563 0.009259
0 0.678385 0.089815 0.002604 0.009259
0 0.919271 0.295370 0.011458 0.027778
0 0.452865 0.176389 0.002604 0.012037
0 0.893750 0.276852 0.009375 0.016667
0 0.498958 0.082870 0.001042 0.006481
0 0.683073 0.114352 0.002604 0.012037
0 0.017708 0.216204 0.009375 0.021296
0 0.800781 0.155093 0.004688 0.015741
0 0.936979 0.295370 0.011458 0.027778
0 0.493229 0.068056 0.001042 0.008333
0 0.507031 0.144444 0.001563 0.014815
0 0.646615 0.104167 0.002604 0.006481
0 0.507552 0.068056 0.000521 0.008333
0 0.698698 0.138426 0.003646 0.008333
0 0.467708 0.079167 0.001042 0.008333
0 0.739062 0.162037 0.004167 0.016667
0 0.466667 0.076852 0.001042 0.009259
0 0.506250 0.067593 0.001042 0.007407
0 0.450521 0.154167 0.002083 0.015741
0 0.644531 0.070833 0.001563 0.008333
0 0.510417 0.226852 0.003125 0.022222
0 0.436719 0.259722 0.003646 0.025000
0 0.513021 0.183796 0.002083 0.017593
0 0.008854 0.217130 0.009375 0.021296
0 0.465104 0.090278 0.001042 0.010185
0 0.451823 0.209259 0.002604 0.020370
0 0.414844 0.152315 0.002604 0.015741
4 0.498177 0.243056 0.025521 0.141667
4 0.621354 0.118056 0.108333 0.025000