1 0.285156 0.150463 0.020312 0.013889
4 0.498177 0.268056 0.028646 0.162037
4 0.627083 0.124074 0.113542 0.025926
6 0.122656 0.750926 0.041146 0.048148
6 0.174740 0.715741 0.036979 0.044444
2 0.749479 0.139815 0.032292 0.046296
8 0.664583 0.071296 0.005208 0.007407
2 0.533073 0.066667 0.017188 0.020370
8 0.495313 0.392130 0.009375 0.037963
1 0.469792 0.189352 0.010417 0.021296
7 0.521094 0.072222 0.005729 0.007407
2 0.567969 0.066204 0.018229 0.021296
7 0.493750 0.344907 0.008333 0.034259
1 0.305990 0.073148 0.013021 0.007407
1 0.550521 0.073148 0.011458 0.007407
7 0.718490 0.133333 0.007812 0.012963
8 0.494271 0.365278 0.004167 0.039815
1 0.515625 0.073148 0.011458 0.007407
0 0.440885 0.210185 0.003646 0.012963
0 0.505469 0.144444 0.001563 0.014815
0 0.465365 0.105556 0.001563 0.011111
0 0.711198 0.148148 0.003646 0.014815
0 0.467187 0.078704 0.001042 0.009259
0 0.428646 0.275926 0.004167 0.025926
0 0.904948 0.263426 0.009896 0.025000
0 0.869271 0.240278 0.008333 0.023148
0 0.471354 0.084259 0.001042 0.009259
0 0.766146 0.144444 0.004167 0.014815
0 0.464323 0.086111 0.001563 0.005556
0 0.697135 0.100000 0.002604 0.011111
0 0.453125 0.164815 0.002083 0.016667
0 0.466667 0.077315 0.001042 0.008333
0 0.635156 0.085185 0.001563 0.009259
0 0.683854 0.093056 0.002083 0.010185
0 0.967188 0.330556 0.013542 0.029630
0 0.448958 0.187963 0.003125 0.012963
0 0.929427 0.303241 0.010937 0.017593
0 0.498958 0.086574 0.001042 0.006481
0 0.691667 0.119444 0.003125 0.012963
0 0.816146 0.163889 0.005208 0.016667
0 0.980729 0.326389 0.013542 0.030556
0 0.493750 0.069907 0.001042 0.008333
0 0.507292 0.151852 0.002083 0.014815
0 0.652344 0.108796 0.002604 0.006481
0 0.508333 0.069907 0.001042 0.008333
0 0.709115 0.145833 0.003646 0.008333
0 0.466667 0.081944 0.001042 0.008333
0 0.751823 0.171296 0.004688 0.016667
0 0.465625 0.079630 0.001042 0.009259
0 0.267448 0.089815 0.002604 0.009259
0 0.507031 0.069444 0.000521 0.007407
0 0.448438 0.162963 0.002083 0.016667
0 0.648177 0.072685 0.001563 0.008333
0 0.510677 0.246296 0.003646 0.024074
0 0.431510 0.283796 0.004688 0.026852
0 0.513542 0.195833 0.002083 0.019444
0 0.464063 0.093056 0.001042 0.010185
0 0.447917 0.226852 0.003125 0.022222
0 0.412240 0.161574 0.002604 0.015741
1 0.285156 0.150463 0.020312 0.013889
4 0.498177 0.268056 0.028646 0.162037
4 0.627083 0.124074 0.113542 0.025926