4 0.498437 0.246296 0.026042 0.144444
4 0.622135 0.118981 0.108854 0.025000
6 0.186719 0.621759 0.031771 0.036111
6 0.227604 0.596759 0.030208 0.034259
2 0.736198 0.131481 0.029687 0.042593
8 0.661719 0.069444 0.004688 0.007407
2 0.532292 0.064815 0.016667 0.020370
8 0.495833 0.352315 0.008333 0.034259
1 0.471354 0.178241 0.009375 0.019444
7 0.521875 0.070370 0.005208 0.007407
2 0.566406 0.064815 0.017188 0.020370
7 0.494271 0.313426 0.007292 0.030556
1 0.549219 0.071296 0.010937 0.007407
7 0.708073 0.126852 0.006771 0.012963
8 0.495052 0.330556 0.003646 0.035185
1 0.515365 0.071296 0.010937 0.007407
0 0.444271 0.196759 0.003125 0.012037
0 0.505469 0.137963 0.001563 0.014815
0 0.466406 0.101852 0.001563 0.011111
0 0.701823 0.140741 0.003646 0.014815
0 0.467708 0.076389 0.001042 0.008333
0 0.434115 0.253704 0.003646 0.024074
0 0.878385 0.244907 0.008854 0.023148
0 0.843490 0.222685 0.007812 0.021296
0 0.472396 0.081481 0.001042 0.009259
0 0.754167 0.137500 0.004167 0.013889
0 0.465365 0.084259 0.001563 0.005556
0 0.691927 0.096759 0.002604 0.010185
0 0.454948 0.156019 0.002604 0.015741
0 0.467187 0.074537 0.001042 0.008333
0 0.631510 0.081944 0.001563 0.008333
0 0.679167 0.090278 0.002083 0.010185
0 0.925000 0.299537 0.011458 0.026852
0 0.452344 0.177778 0.002604 0.012963
0 0.897917 0.280093 0.009375 0.015741
0 0.498958 0.083796 0.001042 0.006481
0 0.684115 0.115278 0.002604 0.012037
0 0.013542 0.218981 0.009375 0.021296
0 0.802604 0.156944 0.005208 0.015741
0 0.942187 0.299074 0.011458 0.027778
0 0.493229 0.068056 0.001042 0.008333
0 0.507031 0.145370 0.001563 0.014815
0 0.647396 0.105093 0.002083 0.006481
0 0.507812 0.068056 0.001042 0.008333
0 0.700000 0.139352 0.003125 0.008333
0 0.467708 0.079167 0.001042 0.008333
0 0.740625 0.162963 0.004167 0.016667
0 0.466667 0.077315 0.001042 0.008333
0 0.506250 0.067593 0.001042 0.007407
0 0.450260 0.155093 0.002604 0.015741
0 0.645052 0.070833 0.001563 0.008333
0 0.510417 0.229630 0.003125 0.022222
0 0.436198 0.262500 0.003646 0.025000
0 0.513021 0.185185 0.002083 0.018519
0 0.004688 0.218981 0.009375 0.021296
0 0.465104 0.090741 0.001042 0.009259
0 0.451562 0.211111 0.003125 0.020370
0 0.414323 0.153241 0.002604 0.015741
4 0.498437 0.246296 0.026042 0.144444
4 0.622135 0.118981 0.108854 0.025000