4 0.497917 0.255556 0.027083 0.151852
4 0.624219 0.121296 0.110937 0.025926
6 0.161719 0.672222 0.034896 0.040741
6 0.207031 0.643519 0.032812 0.038889
2 0.741667 0.135185 0.030208 0.044444
8 0.663281 0.070370 0.004688 0.007407
2 0.532812 0.065741 0.016667 0.020370
8 0.495573 0.368519 0.008854 0.035185
1 0.470573 0.182870 0.009896 0.019444
7 0.521875 0.070833 0.005208 0.006481
2 0.567187 0.065278 0.017708 0.021296
7 0.494010 0.326852 0.007812 0.031481
1 0.308854 0.072222 0.012500 0.007407
1 0.549740 0.072222 0.010937 0.007407
7 0.712500 0.129630 0.007292 0.012963
8 0.494531 0.344444 0.003646 0.037037
1 0.515365 0.072222 0.010937 0.007407
0 0.442969 0.202315 0.003646 0.012037
0 0.505469 0.140741 0.001563 0.014815
0 0.465885 0.103241 0.001563 0.010185
0 0.705469 0.143519 0.003646 0.014815
0 0.467708 0.077315 0.001042 0.008333
0 0.431771 0.262963 0.004167 0.024074
0 0.889323 0.252778 0.008854 0.024074
0 0.854167 0.230556 0.008333 0.022222
0 0.471875 0.082407 0.001042 0.009259
0 0.759375 0.140741 0.004167 0.014815
0 0.464844 0.085185 0.001563 0.005556
0 0.694010 0.098611 0.002604 0.010185
0 0.454427 0.159722 0.002604 0.015741
0 0.467187 0.075926 0.001042 0.009259
0 0.633073 0.083333 0.001563 0.009259
0 0.681250 0.091204 0.002083 0.010185
0 0.942187 0.312500 0.012500 0.028704
0 0.450781 0.182407 0.002604 0.012963
0 0.911198 0.289815 0.009896 0.016667
0 0.498958 0.084722 0.001042 0.006481
0 0.687240 0.117130 0.002604 0.012037
0 0.808333 0.159722 0.005208 0.015741
0 0.958333 0.310648 0.012500 0.028704
0 0.493490 0.068981 0.000521 0.008333
0 0.507031 0.148148 0.001563 0.014815
0 0.649740 0.106481 0.002604 0.007407
0 0.508333 0.068981 0.001042 0.008333
0 0.289583 0.072685 0.002083 0.008333
0 0.703646 0.142130 0.003125 0.008333
0 0.467187 0.080556 0.001042 0.009259
0 0.745573 0.166667 0.004688 0.016667
0 0.466146 0.078241 0.001042 0.008333
0 0.506771 0.068519 0.001042 0.007407
0 0.449479 0.158796 0.002083 0.015741
0 0.646354 0.071759 0.001042 0.008333
0 0.510677 0.236574 0.003646 0.023148
0 0.434375 0.271759 0.004167 0.025000
0 0.513021 0.189815 0.002083 0.018519
0 0.464583 0.092130 0.001042 0.010185
0 0.450000 0.218056 0.003125 0.021296
0 0.413542 0.156944 0.002083 0.015741
4 0.497917 0.255556 0.027083 0.151852
4 0.624219 0.121296 0.110937 0.025926