1 0.283594 0.151389 0.020312 0.013889
4 0.497917 0.271759 0.029167 0.165741
4 0.627865 0.125000 0.114063 0.025926
6 0.110937 0.775000 0.042708 0.050000
6 0.164583 0.737963 0.038542 0.046296
2 0.751562 0.141204 0.032292 0.045370
8 0.664844 0.071296 0.004688 0.007407
2 0.533073 0.067130 0.017188 0.021296
8 0.495052 0.398611 0.009896 0.037963
1 0.469271 0.191204 0.010417 0.021296
7 0.520833 0.072222 0.005208 0.007407
2 0.568229 0.067130 0.017708 0.021296
7 0.493750 0.350463 0.008333 0.034259
1 0.305208 0.073611 0.012500 0.008333
1 0.550521 0.074074 0.011458 0.007407
7 0.720052 0.134722 0.007812 0.013889
8 0.494271 0.371296 0.004167 0.040741
1 0.515625 0.074074 0.011458 0.007407
0 0.440365 0.212037 0.003646 0.012963
0 0.505469 0.145370 0.001563 0.014815
0 0.465365 0.106481 0.001563 0.011111
0 0.712500 0.149074 0.004167 0.014815
0 0.467187 0.079167 0.001042 0.008333
0 0.427604 0.279630 0.004167 0.025926
0 0.909115 0.266204 0.009896 0.025000
0 0.873438 0.243056 0.008333 0.023148
0 0.471354 0.084259 0.001042 0.009259
0 0.767708 0.145370 0.004167 0.014815
0 0.464323 0.087037 0.001563 0.005556
0 0.698177 0.100926 0.002604 0.011111
0 0.452865 0.165741 0.002604 0.016667
0 0.466146 0.077315 0.001042 0.008333
0 0.635677 0.085185 0.001563 0.009259
0 0.684635 0.093056 0.002604 0.010185
0 0.974219 0.335648 0.014062 0.030556
0 0.448438 0.189352 0.003125 0.013889
0 0.934635 0.306944 0.010937 0.017593
0 0.498958 0.086574 0.001042 0.006481
0 0.692708 0.120370 0.003125 0.012963
0 0.818229 0.165741 0.005208 0.016667
0 0.987240 0.331019 0.014062 0.030556
0 0.493750 0.070370 0.001042 0.007407
0 0.507292 0.152778 0.002083 0.014815
0 0.653385 0.109722 0.002604 0.006481
0 0.508333 0.070370 0.001042 0.007407
0 0.710156 0.147222 0.003646 0.009259
0 0.466667 0.082407 0.001042 0.009259
0 0.753646 0.172685 0.005208 0.017593
0 0.465625 0.079630 0.001042 0.009259
0 0.266406 0.090278 0.002604 0.010185
0 0.507292 0.069444 0.001042 0.007407
0 0.448177 0.163889 0.002604 0.016667
0 0.648698 0.073611 0.001563 0.008333
0 0.510938 0.249074 0.003125 0.024074
0 0.430729 0.287500 0.004167 0.026852
0 0.513802 0.197685 0.002604 0.019444
0 0.463802 0.093981 0.001563 0.010185
0 0.447396 0.229630 0.003125 0.022222
0 0.411719 0.162500 0.002604 0.015741
1 0.283594 0.151389 0.020312 0.013889
4 0.497917 0.271759 0.029167 0.165741
4 0.627865 0.125000 0.114063 0.025926