1 0.282031 0.152778 0.020312 0.014815
4 0.497917 0.275926 0.029167 0.168519
4 0.628646 0.125926 0.114583 0.025926
6 0.098177 0.800926 0.045313 0.051852
6 0.154427 0.761111 0.040104 0.048148
2 0.753646 0.142593 0.033333 0.046296
8 0.665365 0.071759 0.004688 0.008333
2 0.533333 0.067130 0.016667 0.021296
8 0.495052 0.405556 0.009896 0.038889
1 0.469271 0.193056 0.010417 0.021296
7 0.520833 0.072685 0.005208 0.006481
2 0.568490 0.067130 0.018229 0.021296
7 0.493750 0.355556 0.008333 0.035185
1 0.304427 0.073611 0.013021 0.008333
1 0.550781 0.074074 0.011979 0.007407
7 0.721615 0.135648 0.007812 0.013889
8 0.494271 0.377315 0.004167 0.041667
1 0.515625 0.074074 0.011458 0.007407
0 0.439844 0.214352 0.003646 0.012037
0 0.505469 0.146296 0.001563 0.014815
0 0.464844 0.106481 0.001563 0.011111
0 0.714063 0.150000 0.004167 0.014815
0 0.467187 0.079630 0.001042 0.009259
0 0.426562 0.282870 0.004167 0.026852
0 0.913542 0.268981 0.010417 0.025000
0 0.877865 0.246296 0.008854 0.024074
0 0.471354 0.085185 0.001042 0.009259
0 0.769792 0.146759 0.004167 0.015741
0 0.464323 0.087037 0.001563 0.005556
0 0.699219 0.100926 0.002604 0.011111
0 0.452344 0.167593 0.002604 0.016667
0 0.466146 0.077778 0.001042 0.009259
0 0.636198 0.085648 0.001563 0.010185
0 0.685417 0.093981 0.002083 0.010185
0 0.981771 0.341204 0.014583 0.030556
0 0.447917 0.191204 0.003125 0.013889
0 0.939844 0.310648 0.010937 0.017593
0 0.498958 0.087500 0.001042 0.006481
0 0.693750 0.121296 0.003125 0.012963
0 0.820573 0.166667 0.005729 0.016667
0 0.993229 0.336111 0.013542 0.031481
0 0.493750 0.070833 0.001042 0.008333
0 0.507292 0.153704 0.002083 0.014815
0 0.653906 0.110185 0.002604 0.007407
0 0.508333 0.070833 0.001042 0.008333
0 0.711719 0.148148 0.003646 0.009259
0 0.466406 0.082407 0.001563 0.009259
0 0.755469 0.174074 0.004688 0.016667
0 0.465625 0.080093 0.001042 0.008333
0 0.265625 0.090278 0.002083 0.010185
0 0.507292 0.069907 0.001042 0.008333
0 0.447656 0.165278 0.002604 0.015741
0 0.649219 0.073611 0.001563 0.008333
0 0.510417 0.251852 0.003125 0.024074
0 0.429948 0.291204 0.004688 0.026852
0 0.514063 0.199537 0.002083 0.019444
0 0.463542 0.093981 0.001042 0.010185
0 0.446875 0.232407 0.003125 0.022222
0 0.411719 0.163889 0.002604 0.016667
1 0.282031 0.152778 0.020312 0.014815
4 0.497917 0.275926 0.029167 0.168519
4 0.628646 0.125926 0.114583 0.025926