4 0.497917 0.264815 0.028125 0.159259
4 0.626302 0.123148 0.113021 0.025926
6 0.133854 0.728704 0.039583 0.046296
6 0.183854 0.695370 0.035417 0.042593
2 0.747396 0.138426 0.031250 0.045370
8 0.664323 0.070833 0.004688 0.008333
2 0.533073 0.066204 0.017188 0.021296
8 0.495313 0.385185 0.009375 0.037037
1 0.470052 0.187500 0.009896 0.021296
7 0.521354 0.071759 0.005208 0.006481
2 0.567708 0.066204 0.017708 0.021296
7 0.494010 0.339815 0.007812 0.033333
1 0.306771 0.073148 0.012500 0.007407
1 0.550000 0.073148 0.011458 0.007407
7 0.716927 0.132407 0.007812 0.012963
8 0.494531 0.360185 0.003646 0.038889
1 0.515365 0.073148 0.010937 0.007407
7 0.241667 0.072685 0.005208 0.006481
0 0.441667 0.207870 0.003125 0.012037
0 0.505469 0.143056 0.001563 0.013889
0 0.465625 0.104630 0.001042 0.011111
0 0.709635 0.146759 0.003646 0.015741
0 0.467187 0.078241 0.001042 0.008333
0 0.429427 0.272222 0.003646 0.025926
0 0.900781 0.260185 0.009896 0.024074
0 0.865104 0.237500 0.008333 0.023148
0 0.471615 0.083333 0.001563 0.009259
0 0.764063 0.143519 0.004167 0.014815
0 0.464583 0.086111 0.001042 0.005556
0 0.696615 0.099537 0.002604 0.010185
0 0.453385 0.163426 0.002604 0.015741
0 0.466667 0.076852 0.001042 0.009259
0 0.634635 0.084259 0.001563 0.009259
0 0.683073 0.092593 0.002604 0.009259
0 0.960417 0.325926 0.013542 0.029630
0 0.449479 0.186111 0.003125 0.012963
0 0.924479 0.299537 0.010417 0.017593
0 0.498958 0.085648 0.001042 0.006481
0 0.690625 0.118981 0.003125 0.012037
0 0.814062 0.162963 0.005208 0.016667
0 0.974740 0.322222 0.013021 0.029630
0 0.493750 0.069907 0.001042 0.008333
0 0.507292 0.150463 0.002083 0.015741
0 0.651823 0.108333 0.002604 0.007407
0 0.508333 0.069907 0.001042 0.008333
0 0.707552 0.144907 0.003646 0.008333
0 0.466667 0.081481 0.001042 0.009259
0 0.750260 0.170370 0.004688 0.016667
0 0.466146 0.079167 0.001042 0.008333
0 0.268490 0.089352 0.002604 0.010185
0 0.507031 0.068981 0.000521 0.008333
0 0.448698 0.161574 0.002604 0.015741
0 0.647656 0.072685 0.001563 0.008333
0 0.511198 0.243519 0.003646 0.024074
0 0.432292 0.280556 0.004167 0.025926
0 0.513542 0.193981 0.002083 0.019444
0 0.464063 0.093056 0.001042 0.010185
0 0.448438 0.224537 0.003125 0.021296
0 0.412760 0.160185 0.002604 0.016667
4 0.497917 0.264815 0.028125 0.159259
4 0.626302 0.123148 0.113021 0.025926