4 0.498177 0.252315 0.026563 0.149074
4 0.623438 0.120833 0.110417 0.025000
6 0.170312 0.654630 0.034375 0.038889
6 0.214062 0.627778 0.032292 0.037037
2 0.739583 0.133796 0.030208 0.043519
8 0.662760 0.069444 0.004688 0.007407
2 0.532812 0.065278 0.016667 0.021296
8 0.495573 0.362963 0.008854 0.035185
1 0.470833 0.181019 0.009375 0.019444
7 0.521875 0.070833 0.005208 0.006481
2 0.566927 0.065278 0.017188 0.021296
7 0.494271 0.322222 0.007292 0.031481
1 0.549479 0.072222 0.011458 0.007407
7 0.710938 0.128704 0.007292 0.012963
8 0.494531 0.339815 0.003646 0.037037
1 0.515365 0.072222 0.010937 0.007407
0 0.443229 0.200463 0.003125 0.012037
0 0.505469 0.139815 0.001563 0.014815
0 0.466146 0.102778 0.001042 0.011111
0 0.704427 0.142593 0.003646 0.014815
0 0.467708 0.077315 0.001042 0.008333
0 0.432552 0.259722 0.003646 0.025000
0 0.885677 0.250000 0.008854 0.024074
0 0.850781 0.227778 0.007812 0.022222
0 0.471875 0.082407 0.001042 0.009259
0 0.757552 0.139815 0.003646 0.014815
0 0.465104 0.084259 0.001042 0.005556
0 0.693490 0.097685 0.002604 0.010185
0 0.454427 0.158796 0.002604 0.015741
0 0.467187 0.075463 0.001042 0.008333
0 0.632552 0.082407 0.001563 0.009259
0 0.680469 0.091204 0.002604 0.010185
0 0.936458 0.307870 0.012500 0.028704
0 0.451302 0.180556 0.002604 0.012963
0 0.906771 0.286111 0.009375 0.016667
0 0.498958 0.084722 0.001042 0.006481
0 0.686198 0.116667 0.002604 0.012963
0 0.005208 0.223148 0.009375 0.022222
0 0.806771 0.158796 0.005208 0.015741
0 0.952865 0.306944 0.011979 0.028704
0 0.493229 0.068519 0.001042 0.007407
0 0.507031 0.147222 0.001563 0.014815
0 0.648958 0.106019 0.002083 0.006481
0 0.507812 0.068519 0.001042 0.007407
0 0.702344 0.141204 0.003646 0.008333
0 0.467187 0.080093 0.001042 0.008333
0 0.743750 0.165741 0.004167 0.016667
0 0.466146 0.077778 0.001042 0.009259
0 0.506510 0.068056 0.000521 0.008333
0 0.449740 0.157870 0.002604 0.015741
0 0.646094 0.071759 0.001563 0.008333
0 0.510677 0.234259 0.003646 0.022222
0 0.434896 0.268981 0.004167 0.025000
0 0.513021 0.187963 0.002083 0.018519
0 0.464583 0.091204 0.001042 0.010185
0 0.450521 0.215741 0.003125 0.020370
0 0.413802 0.156019 0.002604 0.015741
4 0.498177 0.252315 0.026563 0.149074
4 0.623438 0.120833 0.110417 0.025000