1 0.276302 0.156481 0.021354 0.014815
4 0.497917 0.290741 0.031250 0.181481
4 0.631510 0.129167 0.117188 0.026852
6 0.042188 0.913426 0.055208 0.063889
6 0.108854 0.862500 0.047917 0.058333
2 0.762240 0.147222 0.034896 0.048148
8 0.666927 0.072685 0.004688 0.008333
2 0.533854 0.068056 0.017708 0.021296
8 0.494792 0.433796 0.010417 0.041667
1 0.467969 0.200926 0.010937 0.022222
7 0.520052 0.074074 0.005729 0.007407
2 0.569531 0.068056 0.018229 0.021296
7 0.493490 0.377315 0.008854 0.037963
1 0.301042 0.075000 0.013542 0.007407
1 0.551302 0.075000 0.011979 0.007407
7 0.728125 0.139815 0.008333 0.014815
8 0.493750 0.401852 0.004167 0.044444
1 0.515625 0.075000 0.011458 0.007407
0 0.437760 0.223148 0.003646 0.012963
0 0.505469 0.149537 0.001563 0.015741
0 0.464323 0.109259 0.001563 0.011111
0 0.719792 0.154167 0.004167 0.015741
0 0.466667 0.081019 0.001042 0.008333
0 0.423177 0.298148 0.004688 0.027778
0 0.930990 0.281019 0.010937 0.026852
0 0.894792 0.257407 0.009375 0.024074
0 0.470833 0.086111 0.001042 0.009259
0 0.776823 0.150926 0.004688 0.014815
0 0.463802 0.088889 0.001563 0.005556
0 0.702344 0.102778 0.002604 0.011111
0 0.451302 0.172685 0.002604 0.017593
0 0.465625 0.079167 0.001042 0.008333
0 0.638281 0.087037 0.001563 0.009259
0 0.688281 0.095833 0.002604 0.010185
0 0.446094 0.197222 0.002604 0.012963
0 0.960677 0.325926 0.011979 0.018519
0 0.498958 0.088889 0.001042 0.007407
0 0.698438 0.124074 0.003125 0.012963
0 0.828906 0.171296 0.005729 0.016667
0 0.494271 0.071759 0.001042 0.008333
0 0.507552 0.157870 0.001563 0.015741
0 0.657031 0.112500 0.002604 0.006481
0 0.507812 0.071759 0.001042 0.008333
0 0.717448 0.152778 0.003646 0.009259
0 0.465885 0.084259 0.001563 0.009259
0 0.762500 0.179167 0.005208 0.017593
0 0.465104 0.081481 0.001042 0.009259
0 0.507812 0.070833 0.001042 0.008333
0 0.446615 0.169907 0.002604 0.017593
0 0.651302 0.074537 0.001563 0.008333
0 0.508854 0.262500 0.003125 0.025000
0 0.426823 0.305093 0.004688 0.028704
0 0.514844 0.205556 0.002604 0.020370
0 0.463021 0.095833 0.001042 0.010185
0 0.444531 0.242130 0.003646 0.023148
0 0.410156 0.168519 0.002604 0.016667
1 0.276302 0.156481 0.021354 0.014815
4 0.497917 0.290741 0.031250 0.181481
4 0.631510 0.129167 0.117188 0.026852