1 0.249219 0.176852 0.024479 0.016667
4 0.496354 0.373611 0.041667 0.258333
4 0.134635 0.156944 0.095312 0.080556
4 0.644531 0.143519 0.129688 0.029630
2 0.802604 0.172685 0.043750 0.056481
8 0.671875 0.077315 0.005208 0.008333
2 0.535156 0.072685 0.018229 0.023148
8 0.491927 0.602778 0.014062 0.061111
1 0.461719 0.240741 0.013021 0.027778
7 0.513281 0.078704 0.005729 0.007407
2 0.572656 0.072685 0.019271 0.023148
7 0.490625 0.500000 0.011458 0.051852
1 0.553646 0.080093 0.012500 0.008333
7 0.758594 0.160185 0.009896 0.016667
8 0.491146 0.544444 0.006250 0.061111
1 0.516146 0.080093 0.012500 0.008333
0 0.425781 0.265741 0.004688 0.014815
0 0.505208 0.166667 0.002083 0.016667
0 0.460677 0.119907 0.001563 0.012037
0 0.183594 0.131944 0.003646 0.010185
0 0.746875 0.175463 0.005208 0.017593
0 0.464063 0.087037 0.001042 0.009259
0 0.403906 0.376852 0.005729 0.033333
0 0.982813 0.317593 0.013542 0.029630
0 0.468490 0.092130 0.001563 0.010185
0 0.460938 0.094907 0.002083 0.006481
0 0.716406 0.111574 0.002604 0.012037
0 0.444271 0.198611 0.003125 0.019444
0 0.463021 0.085185 0.001042 0.009259
0 0.646875 0.094907 0.002083 0.010185
0 0.700260 0.102778 0.002604 0.011111
0 0.436458 0.227315 0.003125 0.015741
0 0.497656 0.096296 0.001563 0.007407
0 0.719531 0.136574 0.003646 0.013889
0 0.866667 0.193519 0.007292 0.018519
0 0.494792 0.076389 0.001042 0.008333
0 0.507292 0.176389 0.002083 0.017593
0 0.444010 0.081481 0.001563 0.009259
0 0.670313 0.123611 0.003125 0.008333
0 0.505469 0.076389 0.000521 0.008333
0 0.743490 0.172685 0.004688 0.010185
0 0.463021 0.091204 0.001042 0.010185
0 0.794271 0.203241 0.006250 0.019444
0 0.462240 0.087037 0.001563 0.009259
0 0.505729 0.075463 0.001042 0.008333
0 0.435937 0.192130 0.003125 0.019444
0 0.659896 0.080556 0.002083 0.009259
0 0.509375 0.315741 0.004167 0.029630
0 0.410156 0.379167 0.006771 0.034259
0 0.517708 0.237500 0.003125 0.023148
0 0.459896 0.103704 0.001042 0.011111
0 0.432292 0.294907 0.004167 0.026852
0 0.402604 0.192130 0.003125 0.019444
1 0.249219 0.176852 0.024479 0.016667
4 0.496354 0.373611 0.041667 0.258333
4 0.134635 0.156944 0.095312 0.080556
4 0.644531 0.143519 0.129688 0.029630