1 0.256250 0.171759 0.023958 0.015741
4 0.496875 0.349074 0.038542 0.235185
4 0.145052 0.152315 0.090104 0.076852
4 0.640885 0.139815 0.126563 0.029630
2 0.791406 0.165741 0.041146 0.053704
8 0.670313 0.076389 0.005208 0.008333
2 0.534635 0.071759 0.018229 0.023148
8 0.492708 0.550463 0.012500 0.054630
1 0.463542 0.228704 0.012500 0.025926
7 0.514844 0.077778 0.005729 0.007407
2 0.571615 0.071759 0.019271 0.023148
7 0.491406 0.463426 0.010937 0.047222
1 0.552865 0.078704 0.011979 0.007407
7 0.750000 0.155093 0.009375 0.015741
8 0.491667 0.500926 0.005208 0.055556
1 0.515885 0.079167 0.011979 0.008333
0 0.429167 0.253704 0.004167 0.014815
0 0.504948 0.162037 0.001563 0.016667
0 0.461198 0.117130 0.001563 0.012037
0 0.189844 0.128704 0.003646 0.009259
0 0.739323 0.169907 0.004688 0.017593
0 0.464583 0.085648 0.001042 0.010185
0 0.409375 0.353704 0.005208 0.031481
0 0.993490 0.325000 0.013021 0.029630
0 0.957552 0.300463 0.011979 0.028704
0 0.469010 0.090278 0.001563 0.010185
0 0.803646 0.165741 0.005208 0.016667
0 0.461198 0.093056 0.001563 0.006481
0 0.712500 0.109259 0.003125 0.011111
0 0.446094 0.191204 0.002604 0.019444
0 0.463542 0.083333 0.001042 0.009259
0 0.644531 0.093056 0.001563 0.010185
0 0.696615 0.100926 0.002604 0.011111
0 0.438802 0.218981 0.003646 0.015741
0 0.497917 0.094444 0.001042 0.007407
0 0.713802 0.133796 0.003646 0.013889
0 0.856250 0.187037 0.006250 0.018519
0 0.494792 0.075463 0.001042 0.008333
0 0.507292 0.171296 0.002083 0.016667
0 0.444271 0.080093 0.001042 0.008333
0 0.666667 0.120370 0.003125 0.007407
0 0.505729 0.075463 0.001042 0.008333
0 0.736198 0.167130 0.004688 0.010185
0 0.463542 0.089352 0.001042 0.010185
0 0.785417 0.196759 0.006250 0.019444
0 0.462760 0.085185 0.001563 0.009259
0 0.506250 0.074537 0.001042 0.008333
0 0.439323 0.186111 0.003646 0.018519
0 0.657552 0.079167 0.001563 0.008333
0 0.509375 0.298611 0.004167 0.028704
0 0.414844 0.357870 0.005729 0.032407
0 0.516667 0.228704 0.003125 0.022222
0 0.460417 0.101389 0.001042 0.010185
0 0.435417 0.279630 0.004167 0.025926
0 0.404687 0.186111 0.003125 0.018519
1 0.256250 0.171759 0.023958 0.015741
4 0.496875 0.349074 0.038542 0.235185
4 0.145052 0.152315 0.090104 0.076852
4 0.640885 0.139815 0.126563 0.029630