1 0.265625 0.165278 0.022917 0.015741
4 0.497656 0.322222 0.034896 0.209259
4 0.637240 0.135185 0.122396 0.027778
2 0.778906 0.157407 0.038021 0.051852
8 0.669531 0.075000 0.004688 0.007407
2 0.534635 0.070370 0.018229 0.022222
8 0.493750 0.494444 0.011458 0.048148
1 0.465885 0.215741 0.011979 0.024074
7 0.517969 0.075926 0.005729 0.007407
2 0.571094 0.070370 0.018229 0.022222
7 0.492448 0.423148 0.009896 0.042593
1 0.552865 0.077315 0.011979 0.008333
7 0.740885 0.148148 0.008854 0.014815
8 0.492969 0.453704 0.004688 0.050000
1 0.516406 0.077315 0.011979 0.008333
0 0.433333 0.240278 0.004167 0.013889
0 0.505729 0.156944 0.002083 0.015741
0 0.463281 0.113426 0.001563 0.012037
0 0.731250 0.162963 0.004167 0.016667
0 0.465625 0.083333 0.001042 0.009259
0 0.416146 0.327778 0.005208 0.029630
0 0.966146 0.305093 0.012500 0.028704
0 0.929427 0.281019 0.010937 0.026852
0 0.470313 0.088889 0.001042 0.009259
0 0.792448 0.159259 0.004688 0.016667
0 0.462760 0.091204 0.001563 0.006481
0 0.708594 0.106481 0.002604 0.011111
0 0.448698 0.183333 0.002604 0.018519
0 0.465104 0.081481 0.001042 0.009259
0 0.642448 0.090278 0.001563 0.010185
0 0.693490 0.098611 0.002604 0.010185
0 0.442448 0.209259 0.003646 0.014815
0 0.997917 0.356481 0.004167 0.020370
0 0.498437 0.092130 0.001042 0.006481
0 0.707552 0.129630 0.003646 0.012963
0 0.844792 0.180556 0.006250 0.018519
0 0.494792 0.073611 0.001042 0.008333
0 0.507812 0.165741 0.002083 0.016667
0 0.445312 0.078241 0.001042 0.008333
0 0.663021 0.117593 0.003125 0.007407
0 0.507292 0.073611 0.001042 0.008333
0 0.728646 0.160648 0.004167 0.010185
0 0.465104 0.087037 0.001042 0.009259
0 0.775781 0.188889 0.005729 0.018519
0 0.464063 0.083333 0.001042 0.009259
0 0.507292 0.072685 0.001042 0.008333
0 0.443490 0.178704 0.002604 0.018519
0 0.655469 0.077315 0.001563 0.008333
0 0.509635 0.279167 0.003646 0.026852
0 0.420573 0.333796 0.005729 0.030556
0 0.516146 0.218981 0.003125 0.021296
0 0.461979 0.099074 0.001042 0.011111
0 0.439844 0.262963 0.003646 0.024074
0 0.407552 0.178241 0.002604 0.017593
1 0.265625 0.165278 0.022917 0.015741
4 0.497656 0.322222 0.034896 0.209259
4 0.637240 0.135185 0.122396 0.027778