1 0.258073 0.170370 0.023438 0.016667
4 0.496875 0.343519 0.037500 0.229630
4 0.147656 0.150926 0.089062 0.075926
4 0.639844 0.138889 0.125521 0.029630
2 0.788542 0.163889 0.040625 0.053704
8 0.670052 0.075926 0.004688 0.007407
2 0.534375 0.071296 0.017708 0.022222
8 0.492708 0.537963 0.012500 0.053704
1 0.463802 0.225926 0.011979 0.025926
7 0.515365 0.076852 0.005729 0.007407
2 0.571354 0.071296 0.018750 0.022222
7 0.183594 0.074537 0.005729 0.008333
7 0.491406 0.454630 0.010937 0.046296
1 0.552604 0.078704 0.012500 0.007407
7 0.747917 0.153241 0.009375 0.015741
8 0.492188 0.490741 0.005208 0.053704
1 0.515885 0.078704 0.011979 0.007407
0 0.429688 0.250926 0.004167 0.014815
0 0.504948 0.160648 0.001563 0.015741
0 0.461719 0.116204 0.001563 0.012037
0 0.191406 0.127778 0.003646 0.009259
0 0.737240 0.168519 0.004688 0.016667
0 0.464583 0.085185 0.001042 0.009259
0 0.410417 0.348148 0.005208 0.031481
0 0.987760 0.321296 0.014062 0.029630
0 0.951302 0.296296 0.011979 0.027778
0 0.469010 0.090278 0.001563 0.010185
0 0.801042 0.163889 0.005208 0.016667
0 0.461458 0.092593 0.002083 0.005556
0 0.711458 0.108796 0.003125 0.012037
0 0.446354 0.189815 0.003125 0.018519
0 0.463542 0.083333 0.001042 0.009259
0 0.644010 0.092130 0.001563 0.010185
0 0.696094 0.100463 0.002604 0.010185
0 0.439323 0.217130 0.003646 0.015741
0 0.497917 0.093981 0.001042 0.006481
0 0.712240 0.132870 0.003646 0.013889
0 0.853646 0.186111 0.006250 0.018519
0 0.494271 0.074537 0.001042 0.008333
0 0.507292 0.170370 0.002083 0.016667
0 0.444271 0.079630 0.001042 0.009259
0 0.665885 0.120370 0.002604 0.007407
0 0.505990 0.074537 0.000521 0.008333
0 0.734375 0.165741 0.004167 0.009259
0 0.463542 0.088889 0.001042 0.009259
0 0.783073 0.194907 0.005729 0.019444
0 0.463021 0.085185 0.001042 0.009259
0 0.506250 0.074537 0.001042 0.008333
0 0.440104 0.184259 0.003125 0.018519
0 0.657031 0.078704 0.001563 0.009259
0 0.509375 0.294444 0.004167 0.027778
0 0.415885 0.353241 0.005729 0.032407
0 0.516406 0.226852 0.002604 0.022222
0 0.460677 0.100926 0.001563 0.011111
0 0.436458 0.275926 0.004167 0.025926
0 0.405208 0.184259 0.003125 0.018519
1 0.258073 0.170370 0.023438 0.016667
4 0.496875 0.343519 0.037500 0.229630
4 0.147656 0.150926 0.089062 0.075926
4 0.639844 0.138889 0.125521 0.029630