1 0.254687 0.173148 0.023958 0.016667
4 0.496615 0.355556 0.039062 0.240741
4 0.142188 0.153704 0.091667 0.077778
4 0.641667 0.140741 0.127083 0.029630
2 0.794271 0.167130 0.041667 0.054630
8 0.670833 0.076389 0.005208 0.008333
2 0.534635 0.072222 0.018229 0.022222
8 0.492448 0.562963 0.013021 0.055556
1 0.463021 0.231944 0.012500 0.026852
7 0.514583 0.077778 0.005208 0.007407
2 0.571875 0.071759 0.018750 0.023148
7 0.180990 0.075463 0.005729 0.008333
7 0.491406 0.472222 0.010937 0.048148
1 0.553125 0.079167 0.012500 0.008333
7 0.752083 0.156019 0.009375 0.015741
8 0.491667 0.511574 0.005208 0.056481
1 0.515885 0.079167 0.011979 0.008333
0 0.428125 0.256944 0.004167 0.015741
0 0.505208 0.162963 0.002083 0.016667
0 0.461198 0.118056 0.001563 0.012037
0 0.741406 0.171296 0.004688 0.016667
0 0.464323 0.086111 0.001563 0.009259
0 0.408073 0.359722 0.005729 0.032407
0 0.996615 0.329630 0.006771 0.029630
0 0.964063 0.304630 0.012500 0.027778
0 0.468750 0.091204 0.001042 0.010185
0 0.805990 0.166667 0.005729 0.016667
0 0.461198 0.093519 0.001563 0.005556
0 0.713542 0.109722 0.003125 0.012037
0 0.445573 0.193056 0.002604 0.019444
0 0.463542 0.084259 0.001042 0.009259
0 0.645312 0.093056 0.002083 0.010185
0 0.697656 0.101389 0.002604 0.010185
0 0.438281 0.221296 0.003646 0.014815
0 0.497917 0.094907 0.001042 0.006481
0 0.715365 0.134722 0.003646 0.013889
0 0.859115 0.188889 0.006771 0.018519
0 0.494792 0.075463 0.001042 0.008333
0 0.507292 0.172685 0.002083 0.017593
0 0.444271 0.080556 0.001042 0.009259
0 0.667708 0.121296 0.003125 0.007407
0 0.505729 0.075463 0.001042 0.008333
0 0.738281 0.168056 0.004688 0.010185
0 0.463542 0.089815 0.001042 0.009259
0 0.787760 0.198611 0.005729 0.019444
0 0.462500 0.086111 0.001042 0.009259
0 0.506250 0.074537 0.001042 0.008333
0 0.438542 0.187500 0.003125 0.019444
0 0.658073 0.079167 0.001563 0.008333
0 0.509635 0.302778 0.003646 0.027778
0 0.413542 0.363426 0.006250 0.032407
0 0.516927 0.231481 0.002604 0.022222
0 0.460417 0.101852 0.001042 0.011111
0 0.434896 0.283796 0.004167 0.026852
0 0.404167 0.187037 0.003125 0.018519
1 0.254687 0.173148 0.023958 0.016667
4 0.496615 0.355556 0.039062 0.240741
4 0.142188 0.153704 0.091667 0.077778
4 0.641667 0.140741 0.127083 0.029630