1 0.250781 0.175926 0.024479 0.016667
4 0.496615 0.367130 0.041146 0.252778
4 0.137240 0.156019 0.094271 0.078704
4 0.643490 0.142593 0.128646 0.029630
2 0.799740 0.170833 0.043229 0.056481
8 0.671354 0.077315 0.005208 0.008333
2 0.535156 0.072685 0.018229 0.023148
8 0.492188 0.588889 0.013542 0.059259
1 0.462240 0.237500 0.013021 0.026852
7 0.513802 0.078704 0.005729 0.007407
2 0.572396 0.072685 0.018750 0.023148
7 0.490625 0.491204 0.011458 0.050926
1 0.553646 0.080093 0.012500 0.008333
7 0.756510 0.158796 0.009896 0.015741
8 0.491406 0.533333 0.005729 0.059259
1 0.515885 0.080093 0.011979 0.008333
0 0.426562 0.262963 0.004167 0.014815
0 0.505208 0.165741 0.002083 0.016667
0 0.460677 0.119444 0.001563 0.012963
0 0.185156 0.131481 0.003646 0.009259
0 0.745052 0.174074 0.004688 0.016667
0 0.464063 0.087037 0.001042 0.009259
0 0.405469 0.371296 0.005729 0.033333
0 0.976562 0.313426 0.013542 0.028704
0 0.468750 0.091667 0.001042 0.009259
0 0.461198 0.094444 0.001563 0.005556
0 0.715365 0.111111 0.002604 0.011111
0 0.444531 0.196759 0.002604 0.019444
0 0.463281 0.085185 0.001563 0.009259
0 0.646354 0.093981 0.002083 0.010185
0 0.699219 0.102315 0.002604 0.010185
0 0.436979 0.225463 0.003125 0.015741
0 0.497656 0.095833 0.001563 0.006481
0 0.717969 0.135648 0.003646 0.013889
0 0.864323 0.191667 0.006771 0.018519
0 0.494792 0.076389 0.001042 0.008333
0 0.507292 0.175463 0.002083 0.017593
0 0.444010 0.081019 0.001563 0.008333
0 0.669531 0.123148 0.002604 0.007407
0 0.505729 0.076389 0.001042 0.008333
0 0.741927 0.170833 0.004688 0.010185
0 0.463021 0.090741 0.001042 0.009259
0 0.792188 0.201389 0.006250 0.019444
0 0.462500 0.086574 0.001042 0.010185
0 0.506250 0.075463 0.001042 0.008333
0 0.436979 0.190741 0.003125 0.018519
0 0.659375 0.080093 0.002083 0.008333
0 0.509375 0.311574 0.004167 0.028704
0 0.411458 0.374074 0.006250 0.033333
0 0.517187 0.235648 0.003125 0.023148
0 0.460156 0.102778 0.001563 0.011111
0 0.433073 0.291204 0.004688 0.026852
0 0.403125 0.190741 0.003125 0.018519
1 0.250781 0.175926 0.024479 0.016667
4 0.496615 0.367130 0.041146 0.252778
4 0.137240 0.156019 0.094271 0.078704
4 0.643490 0.142593 0.128646 0.029630