1 0.242969 0.181944 0.025521 0.017593
4 0.496094 0.396296 0.044271 0.281481
4 0.125781 0.161111 0.099479 0.083333
4 0.647135 0.146759 0.132812 0.030556
2 0.812240 0.178241 0.046354 0.058333
8 0.672917 0.078241 0.005208 0.008333
2 0.535417 0.073611 0.018750 0.023148
8 0.491406 0.653704 0.015104 0.066667
1 0.460417 0.250463 0.013542 0.028704
2 0.752344 0.056481 0.019271 0.018519
7 0.511719 0.079630 0.005729 0.007407
2 0.573438 0.073611 0.019792 0.023148
7 0.101302 0.102315 0.007812 0.010185
7 0.490104 0.534722 0.012500 0.056481
1 0.554167 0.081019 0.012500 0.008333
7 0.765365 0.164815 0.010937 0.016667
8 0.490625 0.586111 0.006250 0.066667
1 0.516146 0.081481 0.012500 0.007407
0 0.422917 0.276389 0.005208 0.015741
0 0.505208 0.170370 0.002083 0.016667
0 0.459635 0.122222 0.001563 0.012963
0 0.177604 0.134259 0.004167 0.009259
0 0.753125 0.180093 0.005208 0.017593
0 0.463542 0.088889 0.001042 0.009259
0 0.398958 0.397685 0.006250 0.036111
0 0.467969 0.093056 0.001563 0.010185
0 0.460156 0.096296 0.001563 0.005556
0 0.719271 0.113426 0.003125 0.012037
0 0.442708 0.204167 0.003125 0.019444
0 0.462500 0.086111 0.001042 0.009259
0 0.648958 0.095833 0.002083 0.010185
0 0.702604 0.104630 0.003125 0.011111
0 0.434115 0.234259 0.003646 0.016667
0 0.497396 0.098148 0.001042 0.007407
0 0.723958 0.139352 0.004167 0.013889
0 0.875521 0.198611 0.007292 0.019444
0 0.495052 0.077315 0.000521 0.008333
0 0.507292 0.180556 0.002083 0.018519
0 0.443750 0.082407 0.001042 0.009259
0 0.673437 0.125926 0.003125 0.007407
0 0.505208 0.077315 0.001042 0.008333
0 0.749479 0.176852 0.005208 0.011111
0 0.462500 0.092593 0.001042 0.009259
0 0.801823 0.208796 0.006771 0.019444
0 0.461458 0.088426 0.001042 0.010185
0 0.505729 0.076389 0.001042 0.008333
0 0.433073 0.197685 0.003646 0.019444
0 0.661719 0.081481 0.001563 0.009259
0 0.508854 0.331019 0.004167 0.030556
0 0.406250 0.398611 0.007292 0.036111
0 0.518229 0.245370 0.003125 0.024074
0 0.459115 0.104630 0.001563 0.011111
0 0.428906 0.307870 0.004688 0.028704
0 0.400781 0.197685 0.003646 0.019444
1 0.242969 0.181944 0.025521 0.017593
4 0.496094 0.396296 0.044271 0.281481
4 0.125781 0.161111 0.099479 0.083333
4 0.647135 0.146759 0.132812 0.030556