1 0.240885 0.183796 0.025521 0.017593
4 0.496354 0.404630 0.045833 0.290741
4 0.122656 0.162963 0.101562 0.083333
4 0.648438 0.148148 0.133333 0.031481
2 0.816146 0.180556 0.046875 0.059259
8 0.673437 0.079167 0.005208 0.008333
2 0.535417 0.074537 0.018750 0.023148
8 0.491146 0.673148 0.015625 0.068519
1 0.460156 0.253704 0.014062 0.029630
2 0.753906 0.056481 0.019271 0.018519
7 0.511198 0.080093 0.005729 0.008333
2 0.573958 0.074537 0.019792 0.023148
7 0.100000 0.102778 0.008333 0.009259
7 0.489844 0.548611 0.013021 0.058333
1 0.554427 0.081944 0.013021 0.008333
7 0.768229 0.166667 0.010417 0.016667
8 0.490365 0.602315 0.006771 0.067593
1 0.516146 0.081944 0.012500 0.008333
0 0.422135 0.280093 0.004688 0.015741
0 0.505208 0.171759 0.002083 0.017593
0 0.459635 0.123148 0.001563 0.012963
0 0.175781 0.135185 0.003646 0.009259
0 0.755729 0.181944 0.005208 0.017593
0 0.463542 0.089352 0.001042 0.010185
0 0.397396 0.406019 0.006250 0.036111
0 0.467969 0.093981 0.001563 0.010185
0 0.460156 0.096759 0.001563 0.006481
0 0.720833 0.114352 0.003125 0.012037
0 0.442187 0.206481 0.003125 0.020370
0 0.462500 0.087037 0.001042 0.009259
0 0.649740 0.096759 0.001563 0.010185
0 0.703906 0.104630 0.002604 0.011111
0 0.433594 0.237037 0.003646 0.016667
0 0.497396 0.098148 0.001042 0.007407
0 0.725781 0.140741 0.003646 0.014815
0 0.879167 0.200463 0.007292 0.019444
0 0.495313 0.077778 0.001042 0.009259
0 0.507812 0.182407 0.002083 0.018519
0 0.443750 0.082870 0.001042 0.008333
0 0.674479 0.126852 0.003125 0.007407
0 0.505208 0.077778 0.001042 0.009259
0 0.751823 0.178704 0.004688 0.011111
0 0.462500 0.093056 0.001042 0.010185
0 0.804688 0.211111 0.006250 0.020370
0 0.461458 0.088889 0.001042 0.009259
0 0.505729 0.076852 0.001042 0.009259
0 0.432292 0.199537 0.003125 0.019444
0 0.662500 0.082407 0.002083 0.009259
0 0.508594 0.336574 0.004688 0.030556
0 0.404687 0.406019 0.007292 0.036111
0 0.518750 0.248148 0.003125 0.024074
0 0.459115 0.105556 0.001563 0.011111
0 0.428125 0.312500 0.005208 0.028704
0 0.400260 0.199537 0.003646 0.019444
1 0.240885 0.183796 0.025521 0.017593
4 0.496354 0.404630 0.045833 0.290741
4 0.122656 0.162963 0.101562 0.083333
4 0.648438 0.148148 0.133333 0.031481