1 0.232031 0.191204 0.026563 0.017593
4 0.497135 0.449074 0.051562 0.338889
4 0.109375 0.169907 0.108333 0.087963
4 0.655208 0.154167 0.138542 0.032407
2 0.835156 0.191667 0.051562 0.062963
8 0.676562 0.081019 0.005208 0.008333
2 0.537760 0.075926 0.019271 0.024074
8 0.490885 0.780556 0.018229 0.081481
1 0.458594 0.272685 0.015104 0.032407
7 0.510156 0.081944 0.005729 0.008333
2 0.576563 0.075926 0.019792 0.024074
7 0.094792 0.104167 0.008333 0.010185
7 0.489583 0.618056 0.014583 0.067593
1 0.557031 0.083796 0.013021 0.008333
7 0.782292 0.175463 0.011458 0.017593
8 0.490104 0.687500 0.007292 0.078704
1 0.517969 0.083796 0.013021 0.008333
0 0.418229 0.299074 0.005208 0.016667
0 0.506771 0.178241 0.002083 0.017593
0 0.459635 0.127315 0.001563 0.013889
0 0.168229 0.139352 0.004167 0.010185
0 0.768229 0.190741 0.005208 0.018519
0 0.464063 0.091204 0.001042 0.010185
0 0.389062 0.445370 0.007292 0.038889
0 0.468750 0.095833 0.001042 0.010185
0 0.460677 0.099074 0.001563 0.005556
0 0.727604 0.117130 0.003125 0.012037
0 0.441146 0.216667 0.003125 0.020370
0 0.463281 0.088889 0.001563 0.009259
0 0.654688 0.099537 0.002083 0.010185
0 0.709896 0.107407 0.003125 0.011111
0 0.989844 0.330093 0.014062 0.030556
0 0.431510 0.249074 0.003646 0.016667
0 0.498698 0.100926 0.001563 0.007407
0 0.735417 0.145370 0.004167 0.014815
0 0.896615 0.209259 0.007812 0.020370
0 0.496875 0.079630 0.001042 0.009259
0 0.509375 0.189815 0.002083 0.018519
0 0.444792 0.085185 0.001042 0.009259
0 0.699740 0.083333 0.002604 0.009259
0 0.681250 0.131019 0.003125 0.008333
0 0.505729 0.079630 0.001042 0.009259
0 0.764063 0.187037 0.005208 0.011111
0 0.462760 0.095833 0.001563 0.010185
0 0.819531 0.220833 0.006771 0.021296
0 0.462240 0.090741 0.001563 0.009259
0 0.236979 0.103704 0.003125 0.011111
0 0.506771 0.078704 0.001042 0.009259
0 0.428906 0.208333 0.003646 0.020370
0 0.667188 0.084259 0.002083 0.009259
0 0.509896 0.363889 0.005208 0.033333
0 0.398438 0.441667 0.008333 0.038889
0 0.521354 0.261574 0.003125 0.025000
0 0.459635 0.108333 0.001563 0.011111
0 0.423958 0.337037 0.005208 0.031481
0 0.398698 0.208796 0.003646 0.019444
1 0.232031 0.191204 0.026563 0.017593
4 0.497135 0.449074 0.051562 0.338889
4 0.109375 0.169907 0.108333 0.087963
4 0.655208 0.154167 0.138542 0.032407