1 0.247396 0.178704 0.025000 0.016667
4 0.496354 0.380093 0.042708 0.265741
4 0.132031 0.158333 0.096354 0.081481
4 0.645312 0.144907 0.130208 0.030556
2 0.805469 0.174074 0.044271 0.057407
8 0.671875 0.078241 0.005208 0.008333
2 0.535156 0.073611 0.018229 0.023148
8 0.491927 0.617130 0.014062 0.062037
1 0.461458 0.243519 0.013542 0.027778
7 0.512760 0.078704 0.005729 0.007407
2 0.572917 0.073148 0.019792 0.022222
7 0.104427 0.101389 0.007812 0.010185
7 0.490365 0.510185 0.011979 0.053704
1 0.553646 0.080556 0.012500 0.007407
7 0.760677 0.162037 0.009896 0.016667
8 0.490885 0.556481 0.005729 0.062963
1 0.516146 0.081019 0.012500 0.008333
0 0.425000 0.268981 0.004167 0.015741
0 0.505208 0.167593 0.002083 0.016667
0 0.460156 0.120833 0.001563 0.012037
0 0.181510 0.132407 0.003646 0.009259
0 0.748698 0.177315 0.004688 0.017593
0 0.463802 0.087963 0.001563 0.009259
0 0.402344 0.382870 0.005729 0.034259
0 0.989844 0.322222 0.014062 0.029630
0 0.468490 0.092130 0.001563 0.010185
0 0.460677 0.095370 0.001563 0.005556
0 0.717188 0.112037 0.003125 0.011111
0 0.443750 0.200000 0.003125 0.020370
0 0.463021 0.085185 0.001042 0.009259
0 0.647656 0.094907 0.001563 0.010185
0 0.700781 0.102778 0.002604 0.011111
0 0.435677 0.229167 0.003646 0.015741
0 0.497656 0.097222 0.001563 0.007407
0 0.720833 0.137500 0.004167 0.013889
0 0.869271 0.194907 0.007292 0.019444
0 0.495052 0.076389 0.000521 0.008333
0 0.507292 0.177315 0.002083 0.017593
0 0.444010 0.081481 0.001563 0.009259
0 0.671354 0.124074 0.003125 0.007407
0 0.505469 0.076852 0.000521 0.009259
0 0.745573 0.173611 0.004688 0.010185
0 0.462760 0.091204 0.001563 0.010185
0 0.796354 0.204630 0.006250 0.020370
0 0.461979 0.087500 0.001042 0.010185
0 0.505729 0.075926 0.001042 0.009259
0 0.435156 0.193981 0.003646 0.019444
0 0.660417 0.080556 0.002083 0.009259
0 0.509375 0.320370 0.004167 0.029630
0 0.409115 0.385185 0.006771 0.035185
0 0.517708 0.240278 0.003125 0.023148
0 0.459635 0.103704 0.001563 0.011111
0 0.431510 0.298611 0.004688 0.026852
0 0.402083 0.193519 0.003125 0.018519
1 0.247396 0.178704 0.025000 0.016667
4 0.496354 0.380093 0.042708 0.265741
4 0.132031 0.158333 0.096354 0.081481
4 0.645312 0.144907 0.130208 0.030556