1 0.245312 0.180093 0.025000 0.017593
4 0.496354 0.387500 0.043750 0.273148
4 0.129167 0.159722 0.097917 0.082407
4 0.646094 0.145833 0.131771 0.030556
2 0.808854 0.176389 0.044792 0.058333
8 0.672396 0.078241 0.005208 0.008333
2 0.535417 0.073611 0.018750 0.023148
8 0.491667 0.634259 0.014583 0.064815
1 0.460938 0.246759 0.013542 0.028704
7 0.512240 0.079630 0.005729 0.007407
2 0.573177 0.073611 0.019271 0.023148
7 0.102865 0.101852 0.007812 0.009259
7 0.490365 0.521759 0.011979 0.054630
1 0.554167 0.081019 0.012500 0.008333
7 0.763021 0.162963 0.010417 0.016667
8 0.490625 0.570370 0.006250 0.064815
1 0.516146 0.081019 0.012500 0.008333
0 0.424219 0.272685 0.004688 0.015741
0 0.505208 0.168519 0.002083 0.016667
0 0.460156 0.121296 0.001563 0.012963
0 0.179948 0.133333 0.003646 0.009259
0 0.750781 0.178241 0.004688 0.017593
0 0.463542 0.087963 0.001042 0.009259
0 0.400781 0.389815 0.005729 0.035185
0 0.995052 0.327315 0.009896 0.030556
0 0.468229 0.093056 0.001042 0.010185
0 0.460677 0.095833 0.001563 0.006481
0 0.718229 0.112500 0.003125 0.012037
0 0.443229 0.201852 0.003125 0.020370
0 0.462760 0.086111 0.001563 0.009259
0 0.648177 0.095833 0.001563 0.010185
0 0.701823 0.103704 0.002604 0.011111
0 0.435156 0.231944 0.003646 0.015741
0 0.497396 0.097222 0.001042 0.007407
0 0.722396 0.138426 0.004167 0.013889
0 0.872396 0.196759 0.007292 0.019444
0 0.495052 0.077315 0.000521 0.008333
0 0.507292 0.179167 0.002083 0.017593
0 0.443750 0.082407 0.001042 0.009259
0 0.672396 0.125000 0.003125 0.007407
0 0.505208 0.077315 0.001042 0.008333
0 0.747396 0.175463 0.005208 0.010185
0 0.462500 0.092130 0.001042 0.010185
0 0.798958 0.206481 0.006250 0.020370
0 0.461979 0.087963 0.001042 0.009259
0 0.505729 0.076389 0.001042 0.008333
0 0.434115 0.195833 0.003646 0.019444
0 0.661198 0.081481 0.001563 0.009259
0 0.509115 0.325463 0.004688 0.030556
0 0.407552 0.391667 0.006771 0.035185
0 0.517969 0.242593 0.002604 0.024074
0 0.459375 0.104630 0.001042 0.011111
0 0.430469 0.302778 0.004688 0.027778
0 0.401563 0.195370 0.003125 0.018519
1 0.245312 0.180093 0.025000 0.017593
4 0.496354 0.387500 0.043750 0.273148
4 0.129167 0.159722 0.097917 0.082407
4 0.646094 0.145833 0.131771 0.030556