1 0.229687 0.192593 0.027083 0.018519
4 0.496875 0.458796 0.053125 0.349074
4 0.106250 0.171296 0.110417 0.088889
4 0.656250 0.155093 0.139583 0.032407
2 0.838802 0.193981 0.052604 0.063889
8 0.676562 0.081019 0.005208 0.008333
2 0.537760 0.076389 0.019271 0.023148
8 0.490625 0.805556 0.018750 0.085185
1 0.458073 0.276389 0.015104 0.032407
7 0.509635 0.082407 0.005729 0.007407
2 0.576823 0.075926 0.020312 0.024074
7 0.093229 0.105093 0.008333 0.010185
7 0.164062 0.081019 0.006250 0.008333
7 0.489323 0.633796 0.015104 0.069444
1 0.557031 0.083796 0.013021 0.008333
7 0.784896 0.176852 0.011458 0.018519
8 0.489583 0.707407 0.007292 0.081481
1 0.517969 0.083796 0.013021 0.008333
0 0.416927 0.303241 0.005729 0.017593
0 0.506771 0.179630 0.002083 0.018519
0 0.459375 0.128241 0.002083 0.013889
0 0.166406 0.140278 0.003646 0.010185
0 0.770573 0.192593 0.005729 0.018519
0 0.463802 0.092130 0.001563 0.010185
0 0.386979 0.454167 0.007292 0.039815
0 0.468490 0.096296 0.001563 0.011111
0 0.460677 0.099537 0.001563 0.006481
0 0.728646 0.118056 0.003125 0.012037
0 0.440625 0.218981 0.003125 0.021296
0 0.463021 0.089352 0.001042 0.010185
0 0.655208 0.100000 0.002083 0.011111
0 0.710677 0.108333 0.002604 0.011111
0 0.994531 0.334722 0.010937 0.030556
0 0.430469 0.251852 0.003646 0.016667
0 0.498698 0.101852 0.001563 0.007407
0 0.736979 0.146296 0.004167 0.014815
0 0.899740 0.211111 0.007812 0.020370
0 0.496875 0.079630 0.001042 0.009259
0 0.509375 0.190741 0.002083 0.018519
0 0.444792 0.085185 0.001042 0.009259
0 0.700260 0.083333 0.002604 0.009259
0 0.682292 0.131944 0.003125 0.008333
0 0.505729 0.079630 0.001042 0.009259
0 0.766406 0.188889 0.005729 0.011111
0 0.462760 0.095833 0.001563 0.010185
0 0.822396 0.223148 0.007292 0.022222
0 0.461979 0.091204 0.001042 0.010185
0 0.506510 0.079167 0.000521 0.008333
0 0.427865 0.210648 0.003646 0.021296
0 0.667969 0.084259 0.001563 0.009259
0 0.509896 0.369907 0.005208 0.034259
0 0.396875 0.449537 0.008333 0.039815
0 0.521354 0.264352 0.003125 0.025000
0 0.459115 0.108796 0.001563 0.012037
0 0.422656 0.342130 0.005729 0.030556
0 0.398177 0.211111 0.003646 0.020370
1 0.229687 0.192593 0.027083 0.018519
4 0.496875 0.458796 0.053125 0.349074
4 0.106250 0.171296 0.110417 0.088889
4 0.656250 0.155093 0.139583 0.032407