1 0.209635 0.208796 0.029687 0.019444
4 0.496615 0.570833 0.069271 0.480556
4 0.077083 0.185185 0.126042 0.098148
4 0.667188 0.166204 0.148958 0.034259
2 0.876562 0.215741 0.061458 0.072222
8 0.679948 0.084259 0.005729 0.009259
2 0.539844 0.079630 0.020312 0.024074
1 0.453125 0.317593 0.017708 0.038889
7 0.505990 0.085648 0.005729 0.008333
2 0.580208 0.079167 0.020833 0.025000
7 0.486719 0.817593 0.019271 0.096296
1 0.559896 0.087500 0.013542 0.008333
7 0.811458 0.194444 0.013542 0.020370
8 0.486719 0.943981 0.009896 0.112037
1 0.519531 0.087500 0.013021 0.008333
0 0.406510 0.343981 0.006771 0.019444
0 0.507292 0.192130 0.002083 0.019444
0 0.457812 0.136111 0.002083 0.014815
0 0.793750 0.209259 0.006250 0.020370
0 0.463021 0.096296 0.001042 0.011111
0 0.365625 0.550000 0.009375 0.046296
0 0.468229 0.100463 0.001042 0.010185
0 0.873177 0.203704 0.007812 0.020370
0 0.459635 0.104167 0.001563 0.006481
0 0.739844 0.124074 0.003646 0.012963
0 0.436198 0.240278 0.003646 0.023148
0 0.462500 0.093056 0.001042 0.010185
0 0.662500 0.105093 0.002083 0.012037
0 0.720052 0.113426 0.002604 0.012037
0 0.424219 0.276852 0.003646 0.018519
0 0.499219 0.106944 0.001563 0.008333
0 0.753646 0.155093 0.004167 0.015741
0 0.932813 0.229630 0.009375 0.022222
0 0.498437 0.082407 0.001042 0.009259
0 0.510417 0.205556 0.002083 0.020370
0 0.445052 0.088426 0.001563 0.010185
0 0.706771 0.087037 0.002083 0.009259
0 0.693229 0.140278 0.003125 0.008333
0 0.505208 0.083333 0.001042 0.009259
0 0.788802 0.205093 0.005729 0.012037
0 0.461719 0.100926 0.001563 0.011111
0 0.849219 0.243519 0.007812 0.024074
0 0.461458 0.094907 0.001042 0.010185
0 0.506510 0.081944 0.000521 0.008333
0 0.419010 0.229630 0.003646 0.022222
0 0.674740 0.088426 0.001563 0.010185
0 0.511979 0.428241 0.005208 0.037963
0 0.379687 0.532870 0.010417 0.045370
0 0.524740 0.291667 0.003646 0.027778
0 0.458073 0.113889 0.001563 0.011111
0 0.411719 0.396296 0.005729 0.035185
0 0.393229 0.229630 0.004167 0.022222
1 0.209635 0.208796 0.029687 0.019444
4 0.496615 0.570833 0.069271 0.480556
4 0.077083 0.185185 0.126042 0.098148
4 0.667188 0.166204 0.148958 0.034259