1 0.220833 0.199537 0.028125 0.019444
4 0.496354 0.503241 0.059375 0.399074
4 0.093229 0.177315 0.116667 0.093519
4 0.660677 0.160185 0.143229 0.033333
2 0.854427 0.203241 0.055729 0.067593
8 0.677865 0.082407 0.005729 0.009259
2 0.538281 0.077778 0.019271 0.024074
8 0.489062 0.923148 0.021875 0.100000
1 0.455729 0.293056 0.016667 0.036111
7 0.507812 0.083796 0.006250 0.008333
2 0.578125 0.077778 0.020833 0.024074
7 0.087760 0.106481 0.008854 0.009259
7 0.488021 0.704630 0.016667 0.079630
1 0.558073 0.085648 0.013021 0.008333
7 0.795833 0.184259 0.012500 0.018519
8 0.488542 0.797222 0.008333 0.094444
1 0.518490 0.085648 0.013021 0.008333
0 0.412240 0.320370 0.005729 0.018519
0 0.506771 0.185185 0.002083 0.018519
0 0.458333 0.131944 0.002083 0.013889
0 0.158854 0.143981 0.004167 0.010185
0 0.780208 0.199537 0.006250 0.019444
0 0.463281 0.093981 0.001563 0.010185
0 0.378125 0.492593 0.008333 0.042593
0 0.468229 0.098148 0.001042 0.011111
0 0.459896 0.101389 0.002083 0.006481
0 0.733333 0.120370 0.003125 0.012963
0 0.438542 0.227778 0.003125 0.022222
0 0.462500 0.091204 0.001042 0.010185
0 0.658333 0.101852 0.002083 0.011111
0 0.714583 0.110185 0.003125 0.011111
0 0.427604 0.262500 0.003125 0.017593
0 0.498437 0.103704 0.001042 0.007407
0 0.744010 0.150000 0.004688 0.014815
0 0.913542 0.218981 0.008333 0.021296
0 0.497396 0.081019 0.001042 0.008333
0 0.509375 0.197222 0.002083 0.018519
0 0.444792 0.086574 0.001042 0.010185
0 0.702865 0.085185 0.002604 0.009259
0 0.686719 0.135648 0.003646 0.008333
0 0.505208 0.081481 0.001042 0.009259
0 0.775781 0.195833 0.005729 0.012037
0 0.461979 0.098148 0.001042 0.011111
0 0.833594 0.231481 0.007812 0.022222
0 0.461719 0.093056 0.001563 0.010185
0 0.506250 0.080556 0.001042 0.009259
0 0.423698 0.218981 0.003646 0.021296
0 0.670573 0.086111 0.001563 0.009259
0 0.510417 0.393519 0.005208 0.035185
0 0.389844 0.483796 0.008854 0.041667
0 0.522656 0.275926 0.003646 0.025926
0 0.458594 0.111111 0.001563 0.011111
0 0.417969 0.364352 0.005729 0.032407
0 0.395833 0.218981 0.004167 0.021296
1 0.220833 0.199537 0.028125 0.019444
4 0.496354 0.503241 0.059375 0.399074
4 0.093229 0.177315 0.116667 0.093519
4 0.660677 0.160185 0.143229 0.033333