1 0.225260 0.196296 0.027604 0.018519
4 0.496615 0.479630 0.055729 0.372222
4 0.100000 0.174074 0.113542 0.090741
4 0.658333 0.157870 0.141667 0.032407
2 0.846354 0.198148 0.054167 0.064815
8 0.677344 0.081944 0.005729 0.008333
2 0.538281 0.076852 0.019271 0.024074
8 0.489844 0.859722 0.020312 0.091667
1 0.457031 0.284722 0.016146 0.034259
7 0.508594 0.082870 0.005729 0.008333
2 0.577344 0.076852 0.020312 0.024074
7 0.160938 0.081481 0.006250 0.009259
7 0.488542 0.667130 0.015625 0.075000
1 0.557552 0.084722 0.013021 0.008333
7 0.790365 0.180556 0.011979 0.018519
8 0.488802 0.749074 0.007812 0.087037
1 0.518229 0.084722 0.012500 0.008333
0 0.414844 0.311574 0.005729 0.017593
0 0.506771 0.182407 0.002083 0.018519
0 0.458854 0.130093 0.002083 0.013889
0 0.162760 0.142130 0.003646 0.010185
0 0.775260 0.195833 0.005729 0.019444
0 0.463542 0.093056 0.001042 0.010185
0 0.382812 0.472222 0.007292 0.040741
0 0.468490 0.097222 0.001563 0.011111
0 0.460156 0.100463 0.001563 0.006481
0 0.730990 0.118981 0.003646 0.012037
0 0.439583 0.223611 0.003125 0.021296
0 0.462760 0.090278 0.001563 0.010185
0 0.656771 0.100926 0.002083 0.011111
0 0.712500 0.109259 0.003125 0.011111
0 0.428906 0.256944 0.003646 0.017593
0 0.498698 0.102778 0.001563 0.007407
0 0.740625 0.148148 0.004167 0.014815
0 0.906250 0.215278 0.008333 0.021296
0 0.497396 0.080556 0.001042 0.009259
0 0.509375 0.193981 0.002083 0.019444
0 0.444792 0.086111 0.001042 0.009259
0 0.701563 0.084259 0.002083 0.009259
0 0.684375 0.133796 0.003125 0.008333
0 0.505729 0.080556 0.001042 0.009259
0 0.770833 0.192130 0.005208 0.012037
0 0.462240 0.096759 0.001563 0.010185
0 0.827865 0.227315 0.007812 0.021296
0 0.461979 0.092130 0.001042 0.010185
0 0.506250 0.079630 0.001042 0.009259
0 0.425781 0.214352 0.003646 0.021296
0 0.669271 0.085185 0.002083 0.009259
0 0.509896 0.381019 0.005208 0.034259
0 0.393490 0.465741 0.008854 0.040741
0 0.522135 0.269907 0.003646 0.025000
0 0.458854 0.109722 0.001042 0.012037
0 0.420312 0.352778 0.005208 0.031481
0 0.397135 0.214815 0.003646 0.020370
1 0.225260 0.196296 0.027604 0.018519
4 0.496615 0.479630 0.055729 0.372222
4 0.100000 0.174074 0.113542 0.090741
4 0.658333 0.157870 0.141667 0.032407