1 0.214062 0.205093 0.029167 0.019444
4 0.496354 0.542130 0.064583 0.445370
4 0.083073 0.181944 0.122396 0.097222
4 0.664583 0.163889 0.146875 0.033333
2 0.867188 0.210648 0.059375 0.069444
8 0.678906 0.083796 0.005729 0.008333
2 0.539062 0.078704 0.019792 0.024074
1 0.453906 0.307407 0.017188 0.037037
7 0.506250 0.084722 0.006250 0.008333
2 0.579167 0.078704 0.020833 0.024074
7 0.487240 0.769444 0.018229 0.088889
1 0.558854 0.086574 0.013542 0.008333
7 0.804948 0.190278 0.013021 0.019444
8 0.487500 0.880556 0.009375 0.105556
1 0.518490 0.086574 0.013021 0.008333
0 0.408854 0.334259 0.006250 0.018519
0 0.506771 0.189352 0.002083 0.019444
0 0.457812 0.134722 0.002083 0.013889
0 0.788021 0.205556 0.006250 0.020370
0 0.463021 0.094907 0.001042 0.010185
0 0.370573 0.525926 0.008854 0.044444
0 0.467969 0.099537 0.001563 0.010185
0 0.865625 0.199537 0.007292 0.019444
0 0.459635 0.103241 0.001563 0.006481
0 0.736979 0.122222 0.003125 0.012963
0 0.436719 0.235185 0.003646 0.022222
0 0.461979 0.092593 0.001042 0.009259
0 0.660417 0.103704 0.002083 0.011111
0 0.717708 0.112037 0.003125 0.011111
0 0.425260 0.271296 0.003646 0.018519
0 0.498698 0.105556 0.001563 0.007407
0 0.749479 0.153241 0.004167 0.015741
0 0.924740 0.225463 0.008854 0.021296
0 0.497917 0.082407 0.001042 0.009259
0 0.509896 0.202315 0.002083 0.019444
0 0.444531 0.087963 0.001563 0.009259
0 0.704948 0.086111 0.002604 0.009259
0 0.690365 0.138426 0.003646 0.008333
0 0.505208 0.082407 0.001042 0.009259
0 0.783073 0.201389 0.005729 0.012037
0 0.461719 0.099537 0.001563 0.010185
0 0.842448 0.238426 0.007812 0.023148
0 0.461198 0.093981 0.001563 0.010185
0 0.506250 0.081481 0.001042 0.009259
0 0.420573 0.225000 0.003646 0.022222
0 0.672917 0.087500 0.002083 0.010185
0 0.511198 0.413889 0.004688 0.037037
0 0.383594 0.512500 0.009896 0.043519
0 0.523698 0.285648 0.003646 0.026852
0 0.458073 0.112500 0.001563 0.012037
0 0.414062 0.383333 0.006250 0.033333
0 0.394010 0.225463 0.003646 0.021296
1 0.214062 0.205093 0.029167 0.019444
4 0.496354 0.542130 0.064583 0.445370
4 0.083073 0.181944 0.122396 0.097222
4 0.664583 0.163889 0.146875 0.033333