1 0.227604 0.194444 0.027083 0.018519
4 0.496615 0.468981 0.054688 0.360185
4 0.103125 0.172685 0.111458 0.089815
4 0.657292 0.156019 0.140625 0.032407
2 0.842708 0.195833 0.053125 0.063889
8 0.677083 0.081481 0.005208 0.009259
2 0.537760 0.076852 0.019271 0.024074
8 0.490365 0.831944 0.019271 0.087963
1 0.457552 0.280556 0.015104 0.033333
7 0.509115 0.082870 0.005729 0.008333
2 0.577344 0.076852 0.020312 0.024074
7 0.162500 0.081019 0.006250 0.008333
7 0.488802 0.650000 0.015104 0.072222
1 0.557292 0.083796 0.013542 0.008333
7 0.787760 0.178704 0.011979 0.018519
8 0.489323 0.727315 0.007812 0.084259
1 0.518229 0.084722 0.012500 0.008333
0 0.415885 0.306944 0.005729 0.017593
0 0.506771 0.181019 0.002083 0.017593
0 0.459115 0.129167 0.001563 0.013889
0 0.164583 0.141204 0.004167 0.010185
0 0.772656 0.194444 0.005729 0.018519
0 0.463542 0.092130 0.001042 0.010185
0 0.384896 0.462500 0.007292 0.039815
0 0.468490 0.096759 0.001563 0.010185
0 0.460156 0.100000 0.001563 0.005556
0 0.729688 0.118519 0.003125 0.012963
0 0.440104 0.220833 0.003125 0.021296
0 0.463021 0.089815 0.001042 0.009259
0 0.656250 0.100463 0.002083 0.010185
0 0.711719 0.108796 0.002604 0.012037
0 0.429948 0.254630 0.003646 0.016667
0 0.498698 0.102315 0.001563 0.008333
0 0.738802 0.147222 0.004688 0.014815
0 0.902865 0.212963 0.007812 0.020370
0 0.497396 0.080093 0.001042 0.008333
0 0.509375 0.192593 0.002083 0.018519
0 0.444792 0.085185 0.001042 0.009259
0 0.700781 0.083333 0.002604 0.009259
0 0.683333 0.132870 0.003125 0.008333
0 0.505729 0.080093 0.001042 0.008333
0 0.768750 0.190741 0.005208 0.011111
0 0.462500 0.096759 0.001042 0.010185
0 0.825000 0.225000 0.007292 0.022222
0 0.461979 0.091204 0.001042 0.010185
0 0.234375 0.104630 0.003125 0.011111
0 0.506250 0.079167 0.001042 0.008333
0 0.426823 0.212500 0.003646 0.021296
0 0.668490 0.085185 0.001563 0.009259
0 0.509896 0.375463 0.005208 0.034259
0 0.395312 0.457870 0.008333 0.039815
0 0.521875 0.267130 0.003125 0.025000
0 0.459115 0.109259 0.001563 0.011111
0 0.421354 0.347222 0.005208 0.031481
0 0.397656 0.212963 0.003646 0.020370
1 0.227604 0.194444 0.027083 0.018519
4 0.496615 0.468981 0.054688 0.360185
4 0.103125 0.172685 0.111458 0.089815
4 0.657292 0.156019 0.140625 0.032407