1 0.201823 0.214815 0.030729 0.020370
4 0.495833 0.622222 0.077083 0.546296
4 0.065885 0.190278 0.131771 0.102778
4 0.671094 0.170370 0.152604 0.035185
2 0.890625 0.224537 0.065625 0.075000
8 0.680990 0.085648 0.005729 0.008333
2 0.540365 0.080556 0.020312 0.024074
1 0.451042 0.334259 0.018750 0.042593
7 0.504167 0.086574 0.006250 0.008333
2 0.580990 0.080093 0.021354 0.025000
7 0.485156 0.906482 0.021354 0.111111
1 0.560417 0.088426 0.013542 0.008333
7 0.821354 0.200926 0.014583 0.020370
1 0.519531 0.088426 0.013021 0.008333
0 0.402344 0.360185 0.006771 0.020370
0 0.507552 0.196759 0.002604 0.019444
0 0.457031 0.138889 0.001563 0.014815
0 0.143490 0.150926 0.004688 0.011111
0 0.801823 0.215741 0.006771 0.020370
0 0.462760 0.097685 0.001563 0.010185
0 0.355990 0.592130 0.010937 0.049074
0 0.467708 0.101852 0.001042 0.011111
0 0.884115 0.209722 0.007812 0.021296
0 0.459115 0.105556 0.001563 0.007407
0 0.743490 0.125926 0.003646 0.012963
0 0.434115 0.248148 0.003646 0.024074
0 0.461979 0.094907 0.001042 0.010185
0 0.664844 0.106944 0.002604 0.012037
0 0.722917 0.115278 0.003125 0.012037
0 0.421875 0.286574 0.004167 0.019444
0 0.498958 0.108796 0.001042 0.008333
0 0.759635 0.158796 0.004688 0.015741
0 0.944792 0.236111 0.009375 0.022222
0 0.498958 0.084259 0.001042 0.009259
0 0.510677 0.210648 0.002604 0.021296
0 0.445052 0.089815 0.001563 0.009259
0 0.708594 0.087963 0.002604 0.009259
0 0.696875 0.143056 0.003125 0.008333
0 0.504687 0.084259 0.001042 0.009259
0 0.796875 0.211111 0.006250 0.012963
0 0.461198 0.102315 0.001563 0.010185
0 0.859115 0.250926 0.008854 0.024074
0 0.460938 0.095833 0.001042 0.010185
0 0.506250 0.083333 0.001042 0.009259
0 0.415625 0.236111 0.004167 0.022222
0 0.677083 0.089352 0.002083 0.010185
0 0.512500 0.452315 0.005208 0.039815
0 0.372135 0.568056 0.010937 0.047222
0 0.525781 0.302315 0.003646 0.028704
0 0.457552 0.115278 0.001563 0.012037
0 0.407292 0.418519 0.006250 0.037037
0 0.391146 0.236574 0.004167 0.023148
1 0.201823 0.214815 0.030729 0.020370
4 0.495833 0.622222 0.077083 0.546296
4 0.065885 0.190278 0.131771 0.102778
4 0.671094 0.170370 0.152604 0.035185