1 0.185677 0.227315 0.032812 0.021296
4 0.494792 0.696296 0.100000 0.607407
4 0.057552 0.201389 0.115104 0.110185
4 0.678906 0.178704 0.159896 0.037037
2 0.922396 0.243519 0.075000 0.081481
8 0.682552 0.087963 0.005729 0.009259
2 0.541146 0.082870 0.020833 0.025000
1 0.445573 0.373148 0.021354 0.048148
7 0.501042 0.089352 0.006250 0.008333
2 0.583333 0.082407 0.021875 0.025926
1 0.561719 0.090741 0.014062 0.009259
7 0.842448 0.214815 0.016146 0.022222
1 0.520052 0.090741 0.014062 0.009259
0 0.391927 0.397222 0.007812 0.022222
0 0.507812 0.206944 0.002083 0.019444
0 0.455208 0.144907 0.002083 0.013889
0 0.217969 0.116667 0.003646 0.007407
0 0.820312 0.229630 0.007292 0.022222
0 0.461719 0.100926 0.001563 0.011111
0 0.332292 0.696296 0.013542 0.055556
0 0.466927 0.104630 0.001563 0.011111
0 0.907292 0.222685 0.008333 0.021296
0 0.458073 0.108796 0.001563 0.006481
0 0.751042 0.130556 0.004167 0.012963
0 0.429948 0.265741 0.003646 0.025926
0 0.461198 0.097685 0.001563 0.010185
0 0.669792 0.110648 0.002083 0.012037
0 0.729427 0.118519 0.003646 0.012963
0 0.416667 0.306944 0.004167 0.019444
0 0.498958 0.112500 0.001042 0.008333
0 0.771354 0.165741 0.005208 0.016667
0 0.969792 0.250000 0.010417 0.024074
0 0.499479 0.086111 0.001042 0.009259
0 0.511198 0.221759 0.002604 0.021296
0 0.444792 0.092130 0.001042 0.010185
0 0.704427 0.149074 0.003646 0.009259
0 0.504167 0.086111 0.001042 0.009259
0 0.814323 0.224074 0.006771 0.012963
0 0.460156 0.105556 0.001563 0.011111
0 0.879687 0.267593 0.009375 0.025926
0 0.459896 0.098611 0.001042 0.010185
0 0.214323 0.113426 0.003646 0.012037
0 0.288281 0.083333 0.002604 0.009259
0 0.505729 0.085185 0.001042 0.009259
0 0.408073 0.250926 0.004688 0.024074
0 0.681250 0.092130 0.002083 0.010185
0 0.353906 0.653241 0.013021 0.052778
0 0.527604 0.325000 0.004167 0.029630
0 0.456510 0.119444 0.001563 0.012963
0 0.397396 0.470370 0.007292 0.040741
0 0.386458 0.251852 0.004167 0.024074
1 0.185677 0.227315 0.032812 0.021296
4 0.494792 0.696296 0.100000 0.607407
4 0.057552 0.201389 0.115104 0.110185
4 0.678906 0.178704 0.159896 0.037037