1 0.182292 0.229630 0.033333 0.022222
4 0.494531 0.700463 0.104687 0.599074
4 0.055990 0.203241 0.111979 0.112037
4 0.680469 0.180556 0.160938 0.037037
2 0.928385 0.247222 0.076563 0.083333
8 0.682552 0.087963 0.005729 0.009259
2 0.541406 0.083333 0.020312 0.025926
1 0.444792 0.380093 0.021875 0.049074
7 0.500521 0.089352 0.006250 0.008333
2 0.583333 0.083333 0.021875 0.025926
1 0.562240 0.091204 0.014062 0.008333
7 0.846615 0.217130 0.016146 0.023148
1 0.520312 0.091667 0.013542 0.009259
0 0.390365 0.404167 0.007812 0.023148
0 0.507812 0.208333 0.002083 0.020370
0 0.455208 0.146296 0.002083 0.014815
0 0.823438 0.232407 0.007292 0.022222
0 0.461458 0.101852 0.001042 0.011111
0 0.327344 0.717130 0.014062 0.056481
0 0.466667 0.104630 0.001042 0.011111
0 0.911458 0.225000 0.008333 0.022222
0 0.457812 0.109259 0.002083 0.007407
0 0.752344 0.131019 0.003646 0.013889
0 0.429167 0.268981 0.004167 0.025000
0 0.461198 0.098148 0.001563 0.011111
0 0.670573 0.111574 0.002604 0.012037
0 0.730729 0.118981 0.003125 0.012037
0 0.415625 0.310648 0.004167 0.019444
0 0.498958 0.113426 0.001042 0.008333
0 0.773438 0.166667 0.005208 0.016667
0 0.974219 0.252778 0.010937 0.024074
0 0.499740 0.086111 0.001563 0.009259
0 0.511198 0.223611 0.002604 0.021296
0 0.444531 0.093056 0.001563 0.010185
0 0.705990 0.150000 0.003646 0.009259
0 0.504167 0.086574 0.001042 0.010185
0 0.817448 0.226852 0.006771 0.012963
0 0.459896 0.106481 0.001042 0.011111
0 0.883854 0.270370 0.009375 0.025926
0 0.459896 0.099074 0.001042 0.011111
0 0.213021 0.114352 0.003125 0.012037
0 0.505729 0.085648 0.001042 0.010185
0 0.406510 0.253704 0.004688 0.024074
0 0.682292 0.093056 0.002083 0.010185
0 0.350260 0.670370 0.014062 0.053704
0 0.527865 0.329630 0.003646 0.029630
0 0.455990 0.119907 0.001563 0.012037
0 0.395312 0.480556 0.007292 0.040741
0 0.385677 0.254630 0.004688 0.024074
1 0.182292 0.229630 0.033333 0.022222
4 0.494531 0.700463 0.104687 0.599074
4 0.055990 0.203241 0.111979 0.112037
4 0.680469 0.180556 0.160938 0.037037