4 0.495313 0.688426 0.090625 0.623148
4 0.060417 0.197222 0.120833 0.107407
4 0.676562 0.175463 0.157292 0.036111
2 0.911198 0.237037 0.071354 0.079630
8 0.682031 0.087037 0.005729 0.009259
2 0.540885 0.081944 0.020312 0.025000
1 0.447656 0.359259 0.020312 0.046296
7 0.502083 0.088426 0.006250 0.008333
2 0.582552 0.081944 0.021354 0.025000
1 0.561458 0.089815 0.013542 0.009259
7 0.835156 0.209722 0.015104 0.021296
1 0.519792 0.090278 0.013542 0.008333
0 0.395833 0.384259 0.007292 0.022222
0 0.507812 0.203241 0.002083 0.019444
0 0.455729 0.142593 0.002083 0.014815
0 0.220573 0.114815 0.003646 0.007407
0 0.813802 0.225000 0.006771 0.022222
0 0.461979 0.100000 0.001042 0.011111
0 0.340885 0.657407 0.011979 0.053704
0 0.467187 0.103704 0.001042 0.011111
0 0.899219 0.218056 0.007812 0.021296
0 0.458333 0.107407 0.002083 0.007407
0 0.748698 0.128704 0.003646 0.012963
0 0.431510 0.259722 0.003646 0.025000
0 0.461458 0.096759 0.001042 0.010185
0 0.668229 0.109259 0.002083 0.011111
0 0.727083 0.117130 0.003125 0.012037
0 0.418229 0.299537 0.004167 0.019444
0 0.498958 0.111111 0.001042 0.007407
0 0.767187 0.162963 0.005208 0.016667
0 0.961198 0.244907 0.009896 0.023148
0 0.499479 0.085185 0.001042 0.009259
0 0.510938 0.218056 0.002083 0.021296
0 0.444792 0.091204 0.001042 0.010185
0 0.701823 0.147222 0.003646 0.009259
0 0.504167 0.085185 0.001042 0.009259
0 0.808333 0.219444 0.006250 0.012963
0 0.460677 0.104630 0.001563 0.011111
0 0.872656 0.261574 0.008854 0.025000
0 0.460417 0.097685 0.001042 0.010185
0 0.216927 0.112500 0.003646 0.012037
0 0.289583 0.083333 0.002083 0.009259
0 0.505729 0.084259 0.001042 0.009259
0 0.410677 0.245833 0.004688 0.023148
0 0.679688 0.091204 0.002083 0.010185
0 0.513542 0.488426 0.005208 0.041667
0 0.360677 0.622222 0.011979 0.050000
0 0.526823 0.317130 0.003646 0.028704
0 0.456510 0.118056 0.001563 0.012037
0 0.400781 0.451852 0.006771 0.038889
0 0.388021 0.246759 0.004167 0.023148
4 0.495313 0.688426 0.090625 0.623148
4 0.060417 0.197222 0.120833 0.107407
4 0.676562 0.175463 0.157292 0.036111