1 0.152604 0.254167 0.037500 0.025000
4 0.488021 0.756019 0.220833 0.487963
4 0.041146 0.225000 0.082292 0.127778
4 0.699219 0.197685 0.176563 0.039815
2 0.976042 0.289815 0.047917 0.100000
8 0.688021 0.092593 0.006250 0.009259
2 0.545833 0.087500 0.021875 0.026852
1 0.434635 0.469907 0.027604 0.065741
7 0.496875 0.093519 0.006250 0.009259
2 0.589583 0.087500 0.022917 0.026852
1 0.567448 0.095370 0.015104 0.009259
7 0.894271 0.247222 0.019792 0.025926
1 0.523698 0.095833 0.014062 0.010185
0 0.369271 0.489815 0.010417 0.027778
0 0.510677 0.228241 0.002604 0.021296
0 0.454167 0.156944 0.002083 0.015741
0 0.864062 0.261111 0.009375 0.024074
0 0.462240 0.107407 0.001563 0.011111
0 0.467708 0.110185 0.001042 0.011111
0 0.963542 0.252778 0.010417 0.024074
0 0.458333 0.114815 0.002083 0.007407
0 0.769792 0.139815 0.004167 0.014815
0 0.422917 0.306019 0.004167 0.028704
0 0.462240 0.103704 0.001563 0.011111
0 0.682552 0.118519 0.002604 0.012963
0 0.745573 0.125926 0.003646 0.012963
0 0.406771 0.354167 0.005208 0.023148
0 0.501823 0.118981 0.001563 0.008333
0 0.799740 0.180093 0.005729 0.017593
0 0.503646 0.090278 0.001042 0.010185
0 0.514323 0.246296 0.002604 0.024074
0 0.446875 0.097222 0.001042 0.011111
0 0.724219 0.095833 0.002604 0.010185
0 0.723958 0.162037 0.004167 0.009259
0 0.505208 0.090741 0.001042 0.009259
0 0.855990 0.254630 0.007812 0.014815
0 0.460677 0.112500 0.001563 0.012037
0 0.930990 0.305093 0.011979 0.028704
0 0.460677 0.104630 0.001563 0.011111
0 0.202083 0.120370 0.004167 0.012963
0 0.283073 0.089352 0.002604 0.010185
0 0.507552 0.089815 0.001563 0.009259
0 0.393750 0.284722 0.005208 0.026852
0 0.693490 0.097685 0.002604 0.010185
0 0.301302 0.904167 0.021354 0.065741
0 0.533594 0.378704 0.004688 0.033333
0 0.456510 0.126852 0.001563 0.012963
0 0.372135 0.609722 0.009896 0.050926
0 0.378646 0.286111 0.005208 0.025926
1 0.152604 0.254167 0.037500 0.025000
4 0.488021 0.756019 0.220833 0.487963
4 0.041146 0.225000 0.082292 0.127778
4 0.699219 0.197685 0.176563 0.039815