1 0.176302 0.234259 0.033854 0.022222
4 0.494010 0.709722 0.117188 0.580556
4 0.052865 0.207407 0.105729 0.114815
4 0.683594 0.183796 0.164062 0.037963
2 0.940625 0.254167 0.080208 0.086111
8 0.683073 0.088889 0.005729 0.009259
2 0.541667 0.084259 0.020833 0.025926
1 0.442708 0.395833 0.022917 0.052778
7 0.499479 0.090278 0.006250 0.008333
2 0.584115 0.083796 0.022396 0.025000
1 0.562760 0.092130 0.014062 0.008333
7 0.854427 0.222685 0.017188 0.023148
1 0.520312 0.092593 0.013542 0.009259
0 0.386458 0.418981 0.008333 0.023148
0 0.507812 0.212037 0.002083 0.020370
0 0.454167 0.148148 0.002083 0.014815
0 0.213802 0.118519 0.003646 0.007407
0 0.830208 0.237037 0.007292 0.022222
0 0.461198 0.102778 0.001563 0.011111
0 0.316146 0.763889 0.015625 0.059259
0 0.466406 0.106019 0.001563 0.012037
0 0.920052 0.229630 0.008854 0.022222
0 0.457292 0.110185 0.002083 0.007407
0 0.754948 0.132870 0.003646 0.013889
0 0.427604 0.275926 0.004167 0.025926
0 0.460677 0.099074 0.001563 0.011111
0 0.672135 0.112500 0.002604 0.012037
0 0.732813 0.120370 0.003125 0.012963
0 0.413542 0.318519 0.004167 0.020370
0 0.499219 0.114352 0.001563 0.008333
0 0.777604 0.168981 0.005208 0.017593
0 0.983594 0.257870 0.010937 0.025000
0 0.500000 0.087037 0.001042 0.009259
0 0.511198 0.227778 0.002604 0.022222
0 0.444531 0.093981 0.001563 0.010185
0 0.708594 0.152778 0.003646 0.009259
0 0.503646 0.087500 0.001042 0.010185
0 0.823698 0.231944 0.006771 0.013889
0 0.459635 0.107407 0.001563 0.011111
0 0.891406 0.276389 0.009896 0.026852
0 0.459375 0.100000 0.001042 0.011111
0 0.210156 0.115278 0.003646 0.012037
0 0.285937 0.084259 0.002083 0.009259
0 0.505729 0.086111 0.001042 0.009259
0 0.403906 0.259722 0.004688 0.025000
0 0.683854 0.093981 0.002083 0.010185
0 0.342187 0.707407 0.014583 0.055556
0 0.528646 0.338426 0.004167 0.030556
0 0.455469 0.121296 0.001563 0.012963
0 0.391406 0.501852 0.007812 0.042593
0 0.384115 0.260648 0.004688 0.025000
1 0.176302 0.234259 0.033854 0.022222
4 0.494010 0.709722 0.117188 0.580556
4 0.052865 0.207407 0.105729 0.114815
4 0.683594 0.183796 0.164062 0.037963