1 0.163021 0.243981 0.036458 0.023148
4 0.491927 0.730556 0.152604 0.538889
4 0.046094 0.216204 0.092188 0.121296
4 0.689583 0.189815 0.169792 0.038889
2 0.961198 0.270370 0.077604 0.092593
8 0.683854 0.090741 0.006250 0.009259
2 0.542448 0.085648 0.021354 0.026852
1 0.437760 0.430093 0.025521 0.058333
7 0.496354 0.092130 0.006250 0.008333
2 0.585156 0.085185 0.022396 0.025926
1 0.563542 0.093519 0.014583 0.009259
7 0.871094 0.233796 0.018229 0.025000
1 0.520573 0.094444 0.014062 0.009259
0 0.377083 0.451852 0.009375 0.025926
0 0.507812 0.219907 0.002083 0.021296
0 0.453125 0.152315 0.002083 0.015741
0 0.208073 0.120370 0.003646 0.007407
0 0.844271 0.248148 0.008333 0.024074
0 0.460156 0.104630 0.001563 0.011111
0 0.289844 0.878241 0.019271 0.065741
0 0.465625 0.108333 0.001042 0.011111
0 0.938542 0.240278 0.009375 0.023148
0 0.456510 0.112500 0.001563 0.006481
0 0.760417 0.135648 0.004167 0.013889
0 0.423958 0.290278 0.004167 0.026852
0 0.460156 0.101389 0.001563 0.010185
0 0.675781 0.115278 0.002604 0.012037
0 0.737240 0.123148 0.003646 0.012963
0 0.408854 0.335648 0.005208 0.021296
0 0.499219 0.116667 0.001563 0.009259
0 0.786458 0.174537 0.005208 0.017593
0 0.998438 0.268981 0.003125 0.025000
0 0.500260 0.088889 0.001563 0.009259
0 0.511458 0.236574 0.003125 0.023148
0 0.444010 0.095833 0.001563 0.010185
0 0.714323 0.156944 0.003646 0.010185
0 0.503125 0.088889 0.001042 0.009259
0 0.837240 0.242130 0.007812 0.013889
0 0.458594 0.110185 0.001563 0.011111
0 0.908073 0.289352 0.010937 0.026852
0 0.458594 0.101852 0.001563 0.011111
0 0.204427 0.118056 0.003646 0.012037
0 0.283073 0.086574 0.002604 0.010185
0 0.505208 0.087963 0.001042 0.009259
0 0.397656 0.271759 0.004688 0.025000
0 0.686979 0.095833 0.002083 0.010185
0 0.323438 0.793981 0.017708 0.060185
0 0.529688 0.356944 0.004167 0.032407
0 0.454427 0.124074 0.001563 0.012963
0 0.381510 0.550926 0.008854 0.046296
0 0.379948 0.273148 0.004688 0.025926
1 0.163021 0.243981 0.036458 0.023148
4 0.491927 0.730556 0.152604 0.538889
4 0.046094 0.216204 0.092188 0.121296
4 0.689583 0.189815 0.169792 0.038889