1 0.156510 0.249074 0.036979 0.024074
4 0.490104 0.742593 0.181250 0.514815
4 0.042969 0.221296 0.085938 0.124074
4 0.693490 0.193981 0.172396 0.039815
2 0.967969 0.279630 0.064062 0.096296
8 0.684896 0.091667 0.006250 0.009259
2 0.543229 0.086574 0.021875 0.026852
1 0.435677 0.449537 0.026563 0.062037
7 0.495833 0.092593 0.006250 0.009259
2 0.586719 0.086111 0.022396 0.025926
1 0.564583 0.094444 0.014583 0.009259
7 0.881510 0.240278 0.019271 0.025000
1 0.521094 0.094907 0.014062 0.010185
0 0.372396 0.470370 0.009375 0.025926
0 0.508594 0.224074 0.002604 0.022222
0 0.452604 0.155093 0.002083 0.015741
0 0.852865 0.254630 0.008854 0.024074
0 0.460156 0.106481 0.001563 0.011111
0 0.273177 0.950463 0.022396 0.067593
0 0.465885 0.109259 0.001563 0.011111
0 0.949219 0.246296 0.009896 0.024074
0 0.456510 0.113889 0.001563 0.007407
0 0.764063 0.137500 0.004167 0.013889
0 0.422656 0.298148 0.004688 0.027778
0 0.460156 0.102778 0.001563 0.011111
0 0.678125 0.117130 0.002083 0.012037
0 0.740365 0.125000 0.003646 0.012963
0 0.407031 0.344907 0.004688 0.021296
0 0.499740 0.118056 0.001563 0.008333
0 0.792188 0.177315 0.005208 0.017593
0 0.501042 0.089352 0.001042 0.010185
0 0.512240 0.241204 0.002604 0.023148
0 0.444531 0.096759 0.001563 0.010185
0 0.718229 0.159259 0.004167 0.009259
0 0.503125 0.089815 0.001042 0.009259
0 0.845573 0.247685 0.007812 0.013889
0 0.458594 0.111574 0.001563 0.012037
0 0.918229 0.296759 0.011458 0.028704
0 0.458594 0.103241 0.001563 0.010185
0 0.202083 0.119444 0.004167 0.012963
0 0.282031 0.087963 0.002604 0.009259
0 0.505208 0.088889 0.001042 0.009259
0 0.394792 0.278241 0.005208 0.026852
0 0.689323 0.096759 0.002604 0.010185
0 0.312240 0.847222 0.019271 0.062963
0 0.530990 0.367593 0.004688 0.033333
0 0.454427 0.125463 0.001563 0.013889
0 0.376042 0.579630 0.009375 0.048148
0 0.378646 0.279630 0.005208 0.025926
1 0.156510 0.249074 0.036979 0.024074
4 0.490104 0.742593 0.181250 0.514815
4 0.042969 0.221296 0.085938 0.124074
4 0.693490 0.193981 0.172396 0.039815