1 0.150000 0.256944 0.038542 0.025000
4 0.486458 0.762963 0.247917 0.474074
4 0.040104 0.227315 0.080208 0.128704
4 0.702083 0.199537 0.178125 0.039815
2 0.980208 0.295370 0.039583 0.101852
8 0.689062 0.093056 0.006250 0.010185
2 0.546875 0.087500 0.021875 0.026852
1 0.433854 0.480556 0.029167 0.068519
7 0.496875 0.093981 0.006250 0.008333
2 0.590885 0.087500 0.023438 0.026852
1 0.568490 0.096296 0.015104 0.009259
7 0.900521 0.250926 0.020833 0.025926
1 0.524479 0.096296 0.014583 0.009259
0 0.367188 0.500000 0.010417 0.027778
0 0.511719 0.230556 0.002604 0.022222
0 0.454688 0.158796 0.002083 0.015741
0 0.869271 0.264352 0.009375 0.025000
0 0.462760 0.107870 0.001563 0.012037
0 0.468490 0.110648 0.001563 0.012037
0 0.970052 0.256481 0.010937 0.024074
0 0.459115 0.115278 0.001563 0.006481
0 0.772396 0.140741 0.004167 0.014815
0 0.422656 0.309722 0.004688 0.028704
0 0.462760 0.103704 0.001563 0.011111
0 0.684115 0.119444 0.002604 0.012963
0 0.747656 0.126852 0.003646 0.012963
0 0.405990 0.358796 0.005729 0.023148
0 0.502865 0.119907 0.001563 0.008333
0 0.803385 0.181944 0.005729 0.017593
0 0.504687 0.090741 0.001042 0.009259
0 0.515365 0.248611 0.002604 0.023148
0 0.447656 0.097685 0.001563 0.010185
0 0.725781 0.096296 0.002604 0.011111
0 0.726042 0.163426 0.004167 0.010185
0 0.505729 0.091204 0.001042 0.010185
0 0.860937 0.257407 0.008333 0.014815
0 0.461198 0.113426 0.001563 0.012037
0 0.937240 0.309259 0.011979 0.029630
0 0.461198 0.104630 0.001563 0.011111
0 0.201562 0.120833 0.004167 0.012037
0 0.283333 0.089815 0.002083 0.009259
0 0.508333 0.090278 0.001042 0.010185
0 0.392708 0.287963 0.005208 0.027778
0 0.695312 0.098611 0.002083 0.010185
0 0.295052 0.936111 0.022396 0.066667
0 0.535156 0.384722 0.004688 0.034259
0 0.457031 0.127778 0.001563 0.012963
0 0.369271 0.625926 0.010417 0.051852
0 0.378385 0.289352 0.005729 0.026852
1 0.150000 0.256944 0.038542 0.025000
4 0.486458 0.762963 0.247917 0.474074
4 0.040104 0.227315 0.080208 0.128704
4 0.702083 0.199537 0.178125 0.039815