1 0.130990 0.271759 0.041146 0.026852
4 0.463281 0.806019 0.659896 0.387963
4 0.030990 0.240278 0.061979 0.139815
4 0.711979 0.209259 0.186458 0.042593
8 0.690625 0.095370 0.006250 0.009259
2 0.548437 0.089815 0.021875 0.027778
1 0.426042 0.544444 0.033333 0.081481
2 0.816667 0.066204 0.022917 0.021296
7 0.494271 0.096296 0.006250 0.009259
2 0.593490 0.089815 0.023438 0.027778
1 0.570573 0.098611 0.015104 0.010185
7 0.929167 0.268981 0.022917 0.028704
1 0.525521 0.098611 0.014583 0.010185
0 0.351823 0.561111 0.011979 0.031481
0 0.512760 0.242130 0.002604 0.023148
0 0.453646 0.164815 0.002083 0.016667
0 0.893229 0.281944 0.010417 0.026852
0 0.462240 0.111111 0.001563 0.011111
0 0.467969 0.113426 0.001563 0.012037
0 0.997396 0.273148 0.005208 0.025926
0 0.458594 0.118519 0.001563 0.007407
0 0.780990 0.145370 0.004688 0.014815
0 0.417969 0.332870 0.004688 0.030556
0 0.462760 0.106944 0.001563 0.012037
0 0.690104 0.123148 0.003125 0.012963
0 0.754948 0.131019 0.003646 0.013889
0 0.399740 0.386574 0.005729 0.025000
0 0.503385 0.123148 0.001563 0.009259
0 0.817187 0.189352 0.006250 0.019444
0 0.505990 0.093056 0.001563 0.010185
0 0.516667 0.261574 0.003125 0.025000
0 0.447917 0.100463 0.001042 0.010185
0 0.730729 0.099074 0.003125 0.011111
0 0.735417 0.169907 0.004167 0.010185
0 0.505729 0.093056 0.001042 0.010185
0 0.883594 0.273611 0.008854 0.015741
0 0.460677 0.117130 0.001563 0.012037
0 0.965365 0.330093 0.013021 0.030556
0 0.460938 0.107407 0.001042 0.011111
0 0.508333 0.092130 0.001042 0.010185
0 0.384115 0.306944 0.005729 0.028704
0 0.700781 0.101389 0.002604 0.010185
0 0.538281 0.415741 0.005729 0.037037
0 0.456250 0.131481 0.002083 0.012963
0 0.350781 0.726389 0.013021 0.056481
0 0.373177 0.308796 0.005729 0.028704
1 0.130990 0.271759 0.041146 0.026852
4 0.463281 0.806019 0.659896 0.387963
4 0.030990 0.240278 0.061979 0.139815
4 0.711979 0.209259 0.186458 0.042593