1 0.112500 0.286111 0.043750 0.027778
4 0.022396 0.252778 0.044792 0.150000
4 0.720573 0.218519 0.194271 0.044444
8 0.691667 0.097222 0.006250 0.009259
2 0.549479 0.091667 0.022917 0.027778
1 0.417188 0.611111 0.038542 0.096296
2 0.823177 0.068056 0.023438 0.021296
7 0.491667 0.098148 0.006250 0.009259
2 0.595312 0.091667 0.023958 0.027778
1 0.571875 0.100463 0.015625 0.010185
7 0.955208 0.286574 0.026042 0.030556
1 0.526042 0.100463 0.014583 0.010185
0 0.335417 0.623611 0.013542 0.034259
0 0.513281 0.252315 0.002604 0.023148
0 0.452083 0.170833 0.002083 0.017593
0 0.079687 0.182407 0.006250 0.012963
0 0.914583 0.298148 0.011458 0.027778
0 0.461719 0.114352 0.001563 0.012037
0 0.467448 0.116204 0.001563 0.012037
0 0.457812 0.121296 0.002083 0.007407
0 0.788281 0.149074 0.004688 0.014815
0 0.413021 0.355093 0.005208 0.032407
0 0.462240 0.109722 0.001563 0.012037
0 0.694531 0.126852 0.002604 0.012963
0 0.760677 0.133796 0.003646 0.013889
0 0.392708 0.412963 0.006250 0.025926
0 0.503385 0.125926 0.001563 0.009259
0 0.829167 0.195833 0.006250 0.019444
0 0.506771 0.094907 0.001042 0.010185
0 0.517187 0.274074 0.003125 0.025926
0 0.447656 0.102778 0.001563 0.011111
0 0.734375 0.100926 0.003125 0.011111
0 0.742969 0.176389 0.004688 0.010185
0 0.505208 0.095370 0.001042 0.011111
0 0.903906 0.288889 0.009896 0.016667
0 0.459635 0.119907 0.001563 0.012037
0 0.991406 0.349537 0.015104 0.032407
0 0.460156 0.109722 0.001563 0.012037
0 0.508333 0.093981 0.001042 0.010185
0 0.376042 0.324537 0.006250 0.030556
0 0.704948 0.103704 0.002604 0.011111
0 0.540885 0.446296 0.005729 0.038889
0 0.455208 0.134722 0.002083 0.013889
0 0.329427 0.837037 0.016146 0.062963
0 0.366667 0.326852 0.006250 0.029630
1 0.112500 0.286111 0.043750 0.027778
4 0.022396 0.252778 0.044792 0.150000
4 0.720573 0.218519 0.194271 0.044444