1 0.139583 0.265278 0.039583 0.025000
4 0.478906 0.786574 0.389062 0.426852
4 0.035156 0.234722 0.070312 0.134259
4 0.707812 0.205093 0.183333 0.041667
2 0.991406 0.311111 0.017188 0.109259
8 0.690104 0.094444 0.006250 0.009259
2 0.548177 0.088889 0.022396 0.027778
1 0.429688 0.516204 0.031250 0.075000
7 0.495573 0.095370 0.006771 0.009259
2 0.592969 0.088889 0.023438 0.027778
1 0.570052 0.097222 0.015104 0.009259
7 0.917188 0.261111 0.021875 0.027778
1 0.525521 0.097685 0.014583 0.010185
0 0.358854 0.533796 0.011458 0.030556
0 0.512500 0.237037 0.003125 0.022222
0 0.454427 0.162037 0.002604 0.016667
0 0.098177 0.173611 0.005729 0.012037
0 0.883594 0.274537 0.009896 0.025000
0 0.462760 0.109722 0.001563 0.012037
0 0.468490 0.112500 0.001563 0.012037
0 0.988021 0.266204 0.011458 0.025000
0 0.459115 0.117130 0.001563 0.006481
0 0.777604 0.143519 0.004167 0.014815
0 0.420052 0.323148 0.004688 0.029630
0 0.463281 0.105556 0.001563 0.011111
0 0.687760 0.121296 0.002604 0.012963
0 0.752083 0.129167 0.004167 0.013889
0 0.402604 0.374537 0.005208 0.023148
0 0.503385 0.121759 0.001563 0.008333
0 0.811719 0.186111 0.005729 0.018519
0 0.505729 0.092130 0.001042 0.010185
0 0.516146 0.256481 0.003125 0.024074
0 0.448177 0.099074 0.001563 0.011111
0 0.728906 0.097685 0.002604 0.010185
0 0.731771 0.167130 0.004167 0.010185
0 0.506250 0.092130 0.001042 0.010185
0 0.874219 0.267130 0.008854 0.015741
0 0.461198 0.115278 0.001563 0.012037
0 0.953646 0.321296 0.012500 0.029630
0 0.461198 0.106481 0.001563 0.011111
0 0.282031 0.089815 0.002604 0.009259
0 0.508854 0.091204 0.001042 0.010185
0 0.388281 0.299074 0.005729 0.027778
0 0.698698 0.100000 0.002604 0.011111
0 0.536979 0.401852 0.005208 0.035185
0 0.457031 0.129630 0.001563 0.012963
0 0.359635 0.681019 0.011979 0.054630
0 0.375781 0.300926 0.005729 0.027778
1 0.139583 0.265278 0.039583 0.025000
4 0.478906 0.786574 0.389062 0.426852
4 0.035156 0.234722 0.070312 0.134259
4 0.707812 0.205093 0.183333 0.041667