1 0.117188 0.282407 0.042708 0.027778
4 0.024479 0.250000 0.048958 0.146296
4 0.718229 0.216204 0.192708 0.043519
8 0.691667 0.096759 0.006250 0.010185
2 0.549219 0.091667 0.022396 0.027778
1 0.419531 0.593982 0.036979 0.091667
2 0.821615 0.067130 0.023438 0.021296
7 0.492448 0.098148 0.006771 0.009259
2 0.594792 0.091667 0.023958 0.027778
1 0.571615 0.100000 0.015104 0.009259
7 0.948438 0.281944 0.025000 0.030556
1 0.526042 0.100463 0.014583 0.010185
0 0.339323 0.607407 0.013021 0.033333
0 0.513281 0.250000 0.002604 0.024074
0 0.452604 0.169444 0.002083 0.016667
0 0.082552 0.181019 0.005729 0.012037
0 0.193490 0.129167 0.003646 0.008333
0 0.909635 0.293981 0.010937 0.026852
0 0.461719 0.113426 0.001563 0.012037
0 0.467448 0.115278 0.001563 0.012037
0 0.457812 0.120370 0.002083 0.007407
0 0.786458 0.148148 0.004167 0.014815
0 0.414062 0.349537 0.005208 0.032407
0 0.462240 0.108796 0.001563 0.012037
0 0.693490 0.125926 0.002604 0.012963
0 0.759115 0.133333 0.003646 0.012963
0 0.394531 0.406481 0.005729 0.025926
0 0.503385 0.125000 0.001563 0.009259
0 0.826042 0.194444 0.006250 0.018519
0 0.506510 0.093981 0.001563 0.010185
0 0.516927 0.271296 0.003646 0.025926
0 0.447656 0.101852 0.001563 0.011111
0 0.733333 0.100463 0.003125 0.010185
0 0.741146 0.174537 0.004167 0.010185
0 0.505469 0.094907 0.001563 0.010185
0 0.898698 0.285185 0.009896 0.016667
0 0.460156 0.118981 0.001563 0.012037
0 0.984896 0.344907 0.014583 0.032407
0 0.460156 0.109259 0.001563 0.011111
0 0.508333 0.093981 0.001042 0.010185
0 0.378125 0.320370 0.006250 0.029630
0 0.703906 0.102778 0.002604 0.011111
0 0.540365 0.438426 0.005729 0.037963
0 0.455469 0.133796 0.001563 0.013889
0 0.334896 0.807870 0.015625 0.062037
0 0.368229 0.322222 0.006250 0.029630
1 0.117188 0.282407 0.042708 0.027778
4 0.024479 0.250000 0.048958 0.146296
4 0.718229 0.216204 0.192708 0.043519