1 0.108333 0.289352 0.044792 0.028704
4 0.020052 0.256019 0.040104 0.152778
4 0.722656 0.220370 0.196354 0.044444
8 0.691927 0.097685 0.006771 0.010185
2 0.549479 0.092593 0.022917 0.027778
1 0.414844 0.628704 0.040104 0.100000
2 0.824740 0.068056 0.023438 0.021296
7 0.490885 0.099074 0.006771 0.009259
2 0.595573 0.092130 0.024479 0.028704
1 0.572396 0.101389 0.015625 0.010185
7 0.961719 0.290741 0.026563 0.031481
1 0.526302 0.101389 0.015104 0.010185
0 0.330990 0.639815 0.014062 0.035185
0 0.513281 0.254630 0.002604 0.024074
0 0.451823 0.172222 0.002604 0.016667
0 0.076563 0.183796 0.006250 0.012037
0 0.920052 0.301852 0.011979 0.027778
0 0.461198 0.114352 0.001563 0.012037
0 0.467448 0.116667 0.001563 0.012963
0 0.457812 0.121759 0.002083 0.008333
0 0.789844 0.150000 0.004688 0.014815
0 0.411458 0.360648 0.005208 0.032407
0 0.461719 0.110185 0.001563 0.011111
0 0.695573 0.127315 0.002604 0.013889
0 0.761979 0.134722 0.004167 0.013889
0 0.391146 0.419444 0.006250 0.025926
0 0.503646 0.126852 0.001042 0.009259
0 0.832031 0.197685 0.006771 0.019444
0 0.506771 0.094907 0.001042 0.010185
0 0.517187 0.276852 0.003125 0.025926
0 0.447656 0.102778 0.001563 0.011111
0 0.735156 0.101852 0.002604 0.011111
0 0.745052 0.177778 0.004688 0.011111
0 0.505208 0.095833 0.001042 0.010185
0 0.908594 0.292593 0.009896 0.016667
0 0.459635 0.120370 0.001563 0.012963
0 0.995052 0.354630 0.009896 0.033333
0 0.459896 0.110648 0.001042 0.012037
0 0.186458 0.127778 0.004167 0.012963
0 0.508073 0.094907 0.001563 0.010185
0 0.373958 0.328704 0.006250 0.029630
0 0.705469 0.104630 0.002604 0.011111
0 0.541406 0.453704 0.005729 0.038889
0 0.454948 0.135648 0.001563 0.013889
0 0.323698 0.867593 0.017188 0.064815
0 0.365104 0.331481 0.006250 0.029630
1 0.108333 0.289352 0.044792 0.028704
4 0.020052 0.256019 0.040104 0.152778
4 0.722656 0.220370 0.196354 0.044444