1 0.078646 0.311574 0.048958 0.030556
4 0.521354 0.500000 0.426042 1.000000
4 0.006510 0.276389 0.013021 0.169444
4 0.736198 0.234722 0.208854 0.047222
8 0.692969 0.100463 0.006771 0.010185
2 0.550781 0.094907 0.023438 0.028704
1 0.397135 0.760185 0.050521 0.133333
2 0.834635 0.069444 0.024479 0.022222
7 0.486719 0.101852 0.006771 0.009259
2 0.598437 0.094907 0.025000 0.028704
1 0.574219 0.104167 0.016146 0.010185
7 0.995313 0.319444 0.009375 0.035185
1 0.527083 0.104167 0.015625 0.010185
0 0.298958 0.762963 0.017708 0.040741
0 0.514063 0.271296 0.003125 0.025926
0 0.449219 0.181019 0.002604 0.017593
0 0.057813 0.192593 0.006250 0.012963
0 0.955729 0.328704 0.013542 0.029630
0 0.460156 0.118981 0.001563 0.012037
0 0.466406 0.120370 0.001563 0.012963
0 0.456510 0.125463 0.002604 0.008333
0 0.800521 0.156019 0.005208 0.015741
0 0.403125 0.397222 0.006250 0.035185
0 0.460677 0.114352 0.001563 0.012037
0 0.702604 0.132870 0.003125 0.013889
0 0.770312 0.139815 0.004167 0.014815
0 0.379687 0.464352 0.007292 0.028704
0 0.503906 0.130556 0.001563 0.009259
0 0.850521 0.208333 0.007292 0.020370
0 0.507812 0.098148 0.001042 0.011111
0 0.517969 0.296296 0.003646 0.027778
0 0.447656 0.106481 0.001563 0.011111
0 0.740365 0.104630 0.002604 0.011111
0 0.756771 0.187037 0.005208 0.011111
0 0.504167 0.098611 0.001042 0.010185
0 0.225260 0.105093 0.003646 0.012037
0 0.941667 0.317593 0.011458 0.018519
0 0.458073 0.125000 0.001563 0.012963
0 0.458594 0.113889 0.001563 0.011111
0 0.507552 0.097222 0.001563 0.011111
0 0.359896 0.357870 0.007292 0.032407
0 0.711719 0.107870 0.002604 0.012037
0 0.546094 0.505556 0.006771 0.042593
0 0.453646 0.140278 0.002083 0.013889
0 0.354688 0.361574 0.007292 0.032407
1 0.078646 0.311574 0.048958 0.030556
4 0.521354 0.500000 0.426042 1.000000
4 0.006510 0.276389 0.013021 0.169444
4 0.736198 0.234722 0.208854 0.047222