1 0.056510 0.329167 0.052604 0.032407
4 0.746094 0.244907 0.218229 0.049074
8 0.694010 0.102778 0.006771 0.011111
2 0.552083 0.097222 0.023958 0.029630
1 0.380729 0.883796 0.061458 0.167593
2 0.841146 0.070833 0.025000 0.023148
7 0.483854 0.104167 0.007292 0.010185
2 0.600260 0.097222 0.025521 0.029630
1 0.575521 0.106019 0.016667 0.010185
1 0.527604 0.106481 0.015625 0.011111
0 0.269792 0.875463 0.021875 0.047222
0 0.514583 0.283333 0.003125 0.025926
0 0.447656 0.187963 0.002604 0.018519
0 0.044010 0.198611 0.006771 0.013889
0 0.983333 0.349537 0.014583 0.032407
0 0.459115 0.122222 0.001563 0.012963
0 0.465365 0.123148 0.001563 0.012963
0 0.754948 0.098611 0.002604 0.010185
0 0.455729 0.128241 0.002083 0.008333
0 0.808333 0.160648 0.005208 0.015741
0 0.396615 0.427315 0.006771 0.037963
0 0.460156 0.117130 0.001563 0.012037
0 0.707292 0.136574 0.003125 0.013889
0 0.776563 0.143519 0.004167 0.014815
0 0.370833 0.500463 0.008333 0.030556
0 0.503906 0.133796 0.001563 0.010185
0 0.863802 0.215741 0.007812 0.020370
0 0.508594 0.100000 0.001563 0.011111
0 0.519010 0.310648 0.003646 0.028704
0 0.447135 0.108333 0.001563 0.011111
0 0.744271 0.106944 0.003125 0.012037
0 0.765104 0.193519 0.005208 0.011111
0 0.503646 0.100926 0.001042 0.011111
0 0.220573 0.107407 0.003646 0.011111
0 0.967188 0.336574 0.012500 0.019444
0 0.457292 0.128241 0.002083 0.013889
0 0.458073 0.116204 0.001563 0.012037
0 0.507292 0.099074 0.001042 0.011111
0 0.348698 0.380556 0.007812 0.033333
0 0.716146 0.110648 0.003125 0.012037
0 0.549479 0.548148 0.007292 0.046296
0 0.452604 0.143981 0.002083 0.013889
0 0.346615 0.384722 0.007812 0.034259
1 0.056510 0.329167 0.052604 0.032407
4 0.746094 0.244907 0.218229 0.049074