1 0.098958 0.296296 0.045833 0.029630
4 0.015885 0.262963 0.031771 0.157407
4 0.726823 0.225463 0.200521 0.045370
8 0.692187 0.098611 0.006250 0.010185
2 0.550000 0.093056 0.022917 0.028704
1 0.409635 0.667593 0.043229 0.109259
2 0.828125 0.068519 0.023958 0.022222
7 0.489844 0.100000 0.006771 0.009259
2 0.596615 0.093056 0.024479 0.028704
1 0.572917 0.102315 0.015625 0.010185
7 0.975781 0.299537 0.027604 0.032407
1 0.526302 0.102315 0.015104 0.010185
0 0.321615 0.676389 0.015104 0.036111
0 0.513542 0.260185 0.003125 0.024074
0 0.451042 0.175000 0.002083 0.016667
0 0.070573 0.186574 0.005729 0.012037
0 0.931250 0.310648 0.012500 0.028704
0 0.460677 0.116204 0.001563 0.012037
0 0.466927 0.118056 0.001563 0.012037
0 0.457292 0.123148 0.002083 0.007407
0 0.793490 0.152315 0.004688 0.015741
0 0.409115 0.372222 0.005729 0.033333
0 0.461719 0.111574 0.001563 0.012037
0 0.697917 0.129167 0.003125 0.013889
0 0.764844 0.136574 0.003646 0.013889
0 0.387760 0.433796 0.006771 0.026852
0 0.503906 0.127778 0.001563 0.009259
0 0.837760 0.201389 0.006771 0.019444
0 0.507292 0.096296 0.001042 0.011111
0 0.517448 0.282870 0.003646 0.026852
0 0.447656 0.103704 0.001563 0.011111
0 0.736979 0.102778 0.003125 0.011111
0 0.748698 0.180556 0.004688 0.011111
0 0.504687 0.096759 0.001042 0.010185
0 0.919271 0.300463 0.010417 0.017593
0 0.459115 0.122222 0.001563 0.012963
0 0.459635 0.111574 0.001563 0.012037
0 0.507812 0.095833 0.001042 0.010185
0 0.369531 0.337963 0.006771 0.031481
0 0.707552 0.105556 0.002604 0.011111
0 0.542969 0.469907 0.005729 0.039815
0 0.454688 0.137037 0.002083 0.014815
0 0.310156 0.937037 0.019271 0.068519
0 0.361719 0.341204 0.006771 0.030556
1 0.098958 0.296296 0.045833 0.029630
4 0.015885 0.262963 0.031771 0.157407
4 0.726823 0.225463 0.200521 0.045370