1 0.025000 0.357870 0.050000 0.036111
4 0.764583 0.262500 0.234375 0.052778
8 0.696875 0.106019 0.007292 0.010185
2 0.554688 0.100463 0.025000 0.030556
2 0.854167 0.072685 0.026042 0.023148
7 0.480729 0.106944 0.007292 0.010185
2 0.604427 0.100463 0.026563 0.030556
1 0.579167 0.109722 0.016667 0.010185
1 0.529427 0.109722 0.016146 0.010185
0 0.516406 0.303704 0.003646 0.027778
0 0.446354 0.198148 0.003125 0.018519
0 0.024479 0.208796 0.007292 0.013889
0 0.459115 0.126852 0.001563 0.012963
0 0.465885 0.126852 0.001563 0.012963
0 0.762500 0.101852 0.003125 0.011111
0 0.455729 0.132870 0.002083 0.008333
0 0.822135 0.167593 0.005729 0.016667
0 0.385677 0.479630 0.007812 0.040741
0 0.460156 0.121296 0.001563 0.012963
0 0.716667 0.142130 0.003125 0.013889
0 0.788281 0.149074 0.004688 0.014815
0 0.355469 0.564815 0.009896 0.033333
0 0.505469 0.138426 0.001563 0.010185
0 0.887500 0.228704 0.008333 0.022222
0 0.511198 0.102778 0.001563 0.011111
0 0.521354 0.334722 0.004167 0.030556
0 0.448177 0.111574 0.001563 0.012037
0 0.751562 0.110648 0.003125 0.012037
0 0.780990 0.204167 0.005729 0.012037
0 0.504167 0.103704 0.001042 0.011111
0 0.214844 0.110185 0.003646 0.011111
0 0.457031 0.133796 0.001563 0.013889
0 0.458073 0.119907 0.001563 0.012037
0 0.508073 0.102315 0.001563 0.010185
0 0.330469 0.419444 0.008854 0.037037
0 0.724479 0.114352 0.003125 0.012037
0 0.557292 0.625000 0.008333 0.050000
0 0.452083 0.149537 0.002083 0.015741
0 0.336458 0.425000 0.009375 0.037037
1 0.025000 0.357870 0.050000 0.036111
4 0.764583 0.262500 0.234375 0.052778