1 0.050260 0.334259 0.053646 0.033333
4 0.748958 0.248148 0.220833 0.050000
8 0.694010 0.103241 0.006771 0.010185
2 0.552083 0.097685 0.023958 0.028704
1 0.375781 0.916204 0.065104 0.167593
2 0.842969 0.071296 0.025521 0.022222
7 0.483073 0.104630 0.006771 0.009259
2 0.600521 0.097222 0.026042 0.029630
7 0.071615 0.108333 0.009896 0.011111
1 0.575781 0.106944 0.016146 0.010185
1 0.527604 0.106944 0.015625 0.010185
0 0.260938 0.909259 0.022917 0.048148
0 0.514583 0.286574 0.003125 0.026852
0 0.447135 0.189352 0.002604 0.019444
0 0.040365 0.200463 0.006771 0.013889
0 0.990885 0.355093 0.015104 0.032407
0 0.459115 0.123148 0.001563 0.012963
0 0.465365 0.123148 0.001563 0.012963
0 0.755729 0.099074 0.003125 0.011111
0 0.455469 0.129167 0.002604 0.008333
0 0.810417 0.161574 0.005208 0.015741
0 0.394531 0.435185 0.006771 0.038889
0 0.459635 0.117593 0.001563 0.012963
0 0.708594 0.137500 0.003646 0.013889
0 0.778385 0.144444 0.004688 0.014815
0 0.368229 0.510648 0.008333 0.030556
0 0.503906 0.134722 0.001563 0.010185
0 0.867448 0.218056 0.007812 0.021296
0 0.508854 0.100463 0.001042 0.010185
0 0.519010 0.314352 0.003646 0.028704
0 0.447135 0.109259 0.001563 0.011111
0 0.745313 0.107407 0.003125 0.011111
0 0.767448 0.195370 0.005729 0.011111
0 0.503385 0.100926 0.001563 0.011111
0 0.219271 0.107870 0.003125 0.012037
0 0.973958 0.342130 0.012500 0.019444
0 0.457031 0.129167 0.001563 0.013889
0 0.457552 0.117130 0.001563 0.012037
0 0.507292 0.100000 0.001042 0.011111
0 0.345573 0.386574 0.007812 0.034259
0 0.717188 0.111111 0.003125 0.011111
0 0.550781 0.560185 0.007812 0.046296
0 0.452083 0.144444 0.002083 0.014815
0 0.344792 0.391204 0.008333 0.034259
1 0.050260 0.334259 0.053646 0.033333
4 0.748958 0.248148 0.220833 0.050000