1 0.031510 0.348611 0.056771 0.034259
4 0.757292 0.256481 0.228125 0.051852
8 0.694792 0.105093 0.007292 0.010185
2 0.552865 0.099074 0.024479 0.029630
1 0.358073 0.970833 0.077604 0.058333
2 0.848177 0.071759 0.025521 0.023148
7 0.480729 0.106019 0.007292 0.010185
2 0.602083 0.099074 0.026042 0.029630
1 0.577083 0.108796 0.016667 0.010185
1 0.527865 0.108796 0.016146 0.010185
0 0.514844 0.296759 0.003646 0.026852
0 0.446094 0.194907 0.002604 0.019444
0 0.029427 0.206019 0.006771 0.013889
0 0.458594 0.125000 0.001563 0.012963
0 0.464844 0.125926 0.001563 0.012963
0 0.758854 0.100926 0.003125 0.011111
0 0.454688 0.131481 0.002083 0.007407
0 0.816406 0.164815 0.005729 0.016667
0 0.388802 0.461574 0.007812 0.039815
0 0.459115 0.119907 0.001563 0.012037
0 0.712500 0.140278 0.003125 0.013889
0 0.783073 0.147222 0.004688 0.014815
0 0.360156 0.542130 0.008854 0.032407
0 0.504427 0.137037 0.001563 0.009259
0 0.878385 0.224074 0.007812 0.022222
0 0.509375 0.101852 0.001042 0.011111
0 0.519531 0.326389 0.003646 0.030556
0 0.447135 0.110648 0.001563 0.012037
0 0.747917 0.109259 0.003125 0.011111
0 0.774219 0.200463 0.005729 0.012037
0 0.503125 0.102778 0.001042 0.011111
0 0.215625 0.109259 0.003125 0.011111
0 0.994531 0.358333 0.010937 0.020370
0 0.456250 0.131944 0.002083 0.013889
0 0.457031 0.118981 0.001563 0.012037
0 0.506771 0.101389 0.001042 0.010185
0 0.335938 0.406481 0.008333 0.035185
0 0.720573 0.113426 0.002604 0.012037
0 0.554167 0.597685 0.008333 0.049074
0 0.451302 0.147685 0.001563 0.015741
0 0.339063 0.411574 0.008333 0.036111
1 0.031510 0.348611 0.056771 0.034259
4 0.757292 0.256481 0.228125 0.051852