1 0.023438 0.362037 0.046875 0.037037
4 0.770573 0.266204 0.238021 0.052778
8 0.699740 0.106944 0.006771 0.010185
2 0.557552 0.100926 0.024479 0.029630
2 0.859375 0.073611 0.026042 0.023148
7 0.482292 0.107870 0.007292 0.010185
2 0.607552 0.100926 0.026563 0.029630
1 0.582031 0.110185 0.017188 0.011111
1 0.532031 0.110648 0.016146 0.010185
0 0.518490 0.307407 0.003646 0.027778
0 0.448177 0.199537 0.002604 0.019444
0 0.024479 0.209722 0.007292 0.013889
0 0.461458 0.127778 0.002083 0.012963
0 0.467969 0.127778 0.001563 0.012963
0 0.766667 0.102778 0.003125 0.011111
0 0.457812 0.133796 0.002083 0.008333
0 0.827604 0.169444 0.005208 0.016667
0 0.385417 0.489352 0.008333 0.041667
0 0.462240 0.122222 0.001563 0.012963
0 0.720833 0.143519 0.003125 0.014815
0 0.792969 0.150463 0.004688 0.015741
0 0.354427 0.577315 0.009896 0.034259
0 0.508073 0.139352 0.001563 0.010185
0 0.895312 0.231481 0.008333 0.022222
0 0.513802 0.103704 0.001563 0.011111
0 0.523438 0.339352 0.004167 0.030556
0 0.450521 0.112500 0.001042 0.012037
0 0.755729 0.111574 0.003125 0.012037
0 0.786198 0.206944 0.005729 0.012037
0 0.506510 0.104630 0.001563 0.011111
0 0.216927 0.110648 0.003646 0.012037
0 0.459375 0.134722 0.002083 0.013889
0 0.460156 0.120833 0.001563 0.012037
0 0.510417 0.102778 0.001042 0.011111
0 0.329167 0.426852 0.009375 0.037037
0 0.728646 0.115278 0.003125 0.012037
0 0.560677 0.641204 0.008854 0.050926
0 0.454167 0.150463 0.002083 0.015741
0 0.336458 0.431944 0.009375 0.037963
1 0.023438 0.362037 0.046875 0.037037
4 0.770573 0.266204 0.238021 0.052778