1 0.022656 0.365741 0.045313 0.037037
4 0.778125 0.270833 0.242708 0.052778
8 0.703906 0.107407 0.006771 0.011111
2 0.561198 0.101389 0.025521 0.030556
2 0.865885 0.074074 0.026563 0.024074
7 0.484896 0.107870 0.007292 0.010185
2 0.611458 0.101389 0.027083 0.030556
1 0.585677 0.111111 0.017188 0.011111
1 0.535677 0.111111 0.016146 0.011111
0 0.521615 0.311574 0.003646 0.028704
0 0.450781 0.201852 0.002604 0.020370
0 0.026042 0.210648 0.007292 0.013889
0 0.464323 0.128241 0.001563 0.013889
0 0.471094 0.128241 0.001563 0.013889
0 0.771875 0.103704 0.003125 0.011111
0 0.460938 0.134722 0.002083 0.008333
0 0.834115 0.171296 0.005729 0.016667
0 0.385938 0.500000 0.008333 0.042593
0 0.465365 0.122685 0.001563 0.012037
0 0.725781 0.145370 0.003646 0.014815
0 0.798698 0.151852 0.004688 0.014815
0 0.353906 0.589815 0.009896 0.035185
0 0.511458 0.140278 0.002083 0.010185
0 0.904167 0.234722 0.008333 0.023148
0 0.517448 0.104630 0.001563 0.011111
0 0.527083 0.343981 0.004167 0.030556
0 0.453906 0.113426 0.001563 0.012037
0 0.760677 0.112500 0.003646 0.012037
0 0.792969 0.209722 0.005729 0.012037
0 0.509635 0.104630 0.001563 0.011111
0 0.219531 0.110648 0.003646 0.012037
0 0.462240 0.135648 0.001563 0.013889
0 0.463281 0.121296 0.001563 0.012963
0 0.513542 0.103704 0.001042 0.011111
0 0.328385 0.433796 0.008854 0.037963
0 0.733854 0.116204 0.003125 0.012037
0 0.564583 0.658333 0.009375 0.051852
0 0.457292 0.151389 0.002083 0.015741
0 0.337500 0.439352 0.009375 0.037963
1 0.022656 0.365741 0.045313 0.037037
4 0.778125 0.270833 0.242708 0.052778