4 0.818229 0.308796 0.278125 0.060185
8 0.709635 0.113889 0.007812 0.011111
2 0.566927 0.107407 0.026563 0.031481
2 0.891146 0.077315 0.028125 0.025000
7 0.479427 0.114352 0.007812 0.010185
2 0.619792 0.107407 0.028125 0.031481
1 0.172135 0.113889 0.021354 0.011111
1 0.592708 0.117593 0.017708 0.011111
1 0.540365 0.117593 0.017188 0.011111
0 0.525260 0.354167 0.004688 0.032407
0 0.448438 0.222685 0.003125 0.021296
0 0.464844 0.137500 0.001563 0.013889
0 0.471875 0.135648 0.002083 0.013889
0 0.786719 0.109259 0.003646 0.011111
0 0.461458 0.142130 0.002083 0.008333
0 0.154948 0.108796 0.003646 0.012037
0 0.359115 0.633796 0.011979 0.050926
0 0.466146 0.130556 0.002083 0.012963
0 0.744271 0.156944 0.004167 0.015741
0 0.821354 0.162963 0.005208 0.016667
0 0.314844 0.758333 0.014062 0.042593
0 0.514844 0.149074 0.001563 0.011111
0 0.953646 0.261111 0.010417 0.024074
0 0.522656 0.109722 0.001563 0.012037
0 0.533073 0.396296 0.004688 0.035185
0 0.456250 0.119444 0.002083 0.012963
0 0.877604 0.081019 0.003125 0.008333
0 0.775260 0.119444 0.003646 0.012963
0 0.825260 0.231944 0.006771 0.013889
0 0.510938 0.110648 0.001042 0.012037
0 0.210156 0.117130 0.003646 0.012037
0 0.462500 0.144444 0.002083 0.014815
0 0.464323 0.128241 0.001563 0.013889
0 0.515625 0.108796 0.001042 0.012037
0 0.286458 0.527778 0.012500 0.044444
0 0.750000 0.124074 0.003125 0.012963
0 0.587500 0.872222 0.013542 0.062963
0 0.457292 0.161574 0.002083 0.015741
0 0.313802 0.535185 0.011979 0.044444
4 0.818229 0.308796 0.278125 0.060185