1 0.010937 0.387500 0.021875 0.039815
4 0.794271 0.285185 0.256250 0.055556
8 0.707812 0.110185 0.007292 0.011111
2 0.564844 0.103704 0.025521 0.031481
2 0.877604 0.075926 0.027083 0.024074
7 0.484115 0.110648 0.007812 0.010185
2 0.615885 0.103704 0.027604 0.031481
1 0.589844 0.113889 0.017188 0.011111
1 0.538802 0.113889 0.017188 0.011111
0 0.524219 0.327315 0.004688 0.030556
0 0.451302 0.209259 0.002604 0.020370
0 0.014323 0.216667 0.007812 0.014815
0 0.163802 0.147685 0.004688 0.008333
0 0.466146 0.131944 0.002083 0.013889
0 0.472656 0.131019 0.001563 0.013889
0 0.779167 0.106019 0.003125 0.012037
0 0.462500 0.137500 0.002083 0.008333
0 0.846615 0.176389 0.005729 0.017593
0 0.378125 0.544907 0.009375 0.045370
0 0.466927 0.125926 0.001563 0.012963
0 0.734635 0.149537 0.003646 0.015741
0 0.809115 0.156019 0.004688 0.015741
0 0.341927 0.645833 0.010937 0.037963
0 0.514323 0.143981 0.001563 0.010185
0 0.924479 0.244907 0.009375 0.023148
0 0.520833 0.106481 0.001042 0.011111
0 0.530469 0.362963 0.004688 0.033333
0 0.456250 0.115278 0.002083 0.012037
0 0.767969 0.115278 0.003646 0.012037
0 0.806771 0.218519 0.006250 0.012963
0 0.511458 0.107407 0.001042 0.011111
0 0.217969 0.113426 0.003646 0.012037
0 0.463802 0.138889 0.001563 0.014815
0 0.465104 0.124074 0.002083 0.012963
0 0.515625 0.105556 0.001042 0.011111
0 0.315104 0.466204 0.010417 0.039815
0 0.741667 0.119444 0.003125 0.012963
0 0.573177 0.728704 0.010937 0.055556
0 0.458333 0.155093 0.002083 0.015741
0 0.330729 0.472685 0.010417 0.039815
1 0.010937 0.387500 0.021875 0.039815
4 0.794271 0.285185 0.256250 0.055556