4 0.827604 0.318056 0.286458 0.062037
8 0.710417 0.114815 0.007292 0.011111
2 0.567708 0.108796 0.027083 0.032407
2 0.896094 0.078241 0.028646 0.025000
7 0.477865 0.115741 0.007812 0.011111
2 0.621094 0.108796 0.028646 0.032407
1 0.168229 0.115741 0.021875 0.011111
1 0.594010 0.118519 0.018229 0.011111
1 0.540625 0.118981 0.017708 0.012037
0 0.525521 0.364815 0.005208 0.033333
0 0.447396 0.227778 0.003125 0.022222
0 0.464323 0.139352 0.001563 0.013889
0 0.471615 0.137500 0.001563 0.013889
0 0.789323 0.110648 0.003646 0.012037
0 0.460938 0.143981 0.002083 0.008333
0 0.350781 0.672222 0.013021 0.053704
0 0.465885 0.132870 0.001563 0.013889
0 0.747917 0.159259 0.004167 0.016667
0 0.825781 0.164815 0.005729 0.016667
0 0.302865 0.808796 0.016146 0.045370
0 0.515365 0.150926 0.001563 0.011111
0 0.964844 0.267130 0.010937 0.025000
0 0.523177 0.111111 0.001563 0.011111
0 0.533854 0.409722 0.005208 0.036111
0 0.456250 0.120833 0.002083 0.012037
0 0.880729 0.081481 0.003125 0.009259
0 0.777865 0.120833 0.003646 0.012037
0 0.832292 0.237500 0.007292 0.013889
0 0.510677 0.112037 0.001563 0.011111
0 0.207552 0.118519 0.003646 0.012963
0 0.461979 0.147222 0.002083 0.014815
0 0.463802 0.129630 0.001563 0.012963
0 0.142708 0.152315 0.005208 0.015741
0 0.260417 0.108796 0.003125 0.012037
0 0.515365 0.110185 0.001563 0.011111
0 0.274740 0.553704 0.013021 0.046296
0 0.752865 0.125926 0.003646 0.012963
0 0.594010 0.937500 0.015104 0.065741
0 0.456510 0.163889 0.002604 0.016667
0 0.306771 0.562037 0.012500 0.046296
4 0.827604 0.318056 0.286458 0.062037