4 0.822656 0.312963 0.281771 0.061111
8 0.709896 0.114352 0.007292 0.012037
2 0.567448 0.107870 0.026563 0.032407
2 0.893490 0.078241 0.028646 0.025000
7 0.478906 0.114815 0.007812 0.011111
2 0.620573 0.107870 0.028646 0.032407
1 0.170312 0.114815 0.021875 0.011111
1 0.593229 0.118056 0.017708 0.012037
1 0.540365 0.118056 0.017188 0.012037
0 0.525521 0.359259 0.005208 0.033333
0 0.447917 0.225463 0.003125 0.021296
0 0.464583 0.138426 0.002083 0.013889
0 0.471615 0.136574 0.001563 0.013889
0 0.787760 0.110185 0.003646 0.011111
0 0.460938 0.143056 0.002083 0.008333
0 0.153125 0.109259 0.004167 0.011111
0 0.355469 0.650926 0.011979 0.051852
0 0.465885 0.131481 0.001563 0.012963
0 0.746354 0.157870 0.004167 0.015741
0 0.823438 0.163889 0.005208 0.016667
0 0.309375 0.781482 0.014583 0.044444
0 0.515104 0.150000 0.002083 0.011111
0 0.959115 0.263889 0.010937 0.025926
0 0.522656 0.110648 0.001563 0.012037
0 0.533333 0.402778 0.005208 0.035185
0 0.456510 0.119907 0.001563 0.012037
0 0.879167 0.081481 0.003125 0.009259
0 0.776302 0.119907 0.003646 0.012037
0 0.828646 0.234722 0.007292 0.013889
0 0.510677 0.111574 0.001563 0.012037
0 0.209115 0.117593 0.003646 0.012963
0 0.462240 0.146296 0.001563 0.014815
0 0.464063 0.128704 0.002083 0.012963
0 0.261458 0.108333 0.003125 0.011111
0 0.515365 0.109722 0.001563 0.012037
0 0.280990 0.539352 0.013021 0.045370
0 0.751302 0.125000 0.003646 0.012963
0 0.590625 0.901389 0.014583 0.063889
0 0.456771 0.162963 0.002083 0.016667
0 0.310937 0.547685 0.012500 0.045370
4 0.822656 0.312963 0.281771 0.061111