4 0.806250 0.296296 0.266667 0.057407
8 0.708854 0.112037 0.007292 0.011111
2 0.566146 0.105556 0.026042 0.031481
2 0.884635 0.076389 0.027604 0.025000
7 0.482031 0.112500 0.007812 0.010185
2 0.617969 0.105556 0.027604 0.031481
1 0.178125 0.112037 0.020833 0.011111
1 0.591667 0.115741 0.017708 0.011111
1 0.539583 0.115741 0.016667 0.011111
0 0.524740 0.340741 0.004688 0.031481
0 0.450000 0.216204 0.003125 0.021296
0 0.002865 0.223148 0.005729 0.014815
0 0.465625 0.134722 0.002083 0.013889
0 0.472656 0.133333 0.001563 0.012963
0 0.783073 0.107870 0.003646 0.012037
0 0.461979 0.139815 0.002083 0.009259
0 0.160156 0.107407 0.003646 0.011111
0 0.369271 0.587037 0.010417 0.048148
0 0.466927 0.128241 0.001563 0.013889
0 0.739583 0.153241 0.004167 0.015741
0 0.815625 0.159722 0.005208 0.015741
0 0.329167 0.699537 0.012500 0.039815
0 0.514844 0.146759 0.001563 0.010185
0 0.939323 0.252778 0.009896 0.024074
0 0.521875 0.108333 0.001042 0.011111
0 0.531771 0.379630 0.005208 0.033333
0 0.456510 0.117130 0.001563 0.012037
0 0.771615 0.117130 0.003646 0.012037
0 0.815885 0.225000 0.006771 0.012963
0 0.511198 0.108796 0.001563 0.012037
0 0.214323 0.115278 0.003646 0.012037
0 0.463281 0.141667 0.001563 0.014815
0 0.464844 0.125926 0.001563 0.012963
0 0.515885 0.107407 0.001563 0.011111
0 0.301562 0.495833 0.011458 0.041667
0 0.745833 0.122222 0.003125 0.012963
0 0.579948 0.796296 0.011979 0.059259
0 0.457812 0.158796 0.002083 0.015741
0 0.322656 0.502778 0.010937 0.042593
4 0.806250 0.296296 0.266667 0.057407