4 0.810417 0.300463 0.270833 0.058333
8 0.709115 0.112500 0.007812 0.012037
2 0.566406 0.106019 0.026563 0.032407
2 0.886979 0.076852 0.028125 0.024074
7 0.480990 0.112963 0.007812 0.011111
2 0.618750 0.106481 0.028125 0.031481
1 0.176302 0.112963 0.021354 0.011111
1 0.591927 0.115741 0.018229 0.011111
1 0.539844 0.116204 0.017188 0.012037
0 0.525000 0.345370 0.005208 0.031481
0 0.449479 0.218519 0.003125 0.020370
0 0.000781 0.225000 0.001563 0.014815
0 0.465365 0.135648 0.001563 0.013889
0 0.472135 0.133796 0.001563 0.013889
0 0.784375 0.108333 0.003125 0.011111
0 0.461979 0.140741 0.002083 0.009259
0 0.365885 0.602315 0.010937 0.049074
0 0.466406 0.129167 0.001563 0.013889
0 0.741146 0.154167 0.004167 0.015741
0 0.817187 0.160648 0.005208 0.015741
0 0.324479 0.718982 0.013542 0.041667
0 0.514844 0.147222 0.001563 0.011111
0 0.944271 0.255556 0.010417 0.024074
0 0.522135 0.108796 0.001563 0.012037
0 0.532031 0.385648 0.004688 0.034259
0 0.456250 0.118056 0.002083 0.012037
0 0.772656 0.118056 0.003646 0.012037
0 0.819010 0.227778 0.006771 0.012963
0 0.511198 0.109722 0.001563 0.012037
0 0.212760 0.116204 0.003646 0.012037
0 0.463021 0.142593 0.002083 0.014815
0 0.464583 0.126852 0.002083 0.012963
0 0.515625 0.107870 0.001042 0.012037
0 0.296354 0.506481 0.011458 0.042593
0 0.747135 0.122685 0.003646 0.012037
0 0.582292 0.820833 0.012500 0.060185
0 0.457812 0.159722 0.002083 0.015741
0 0.319792 0.513426 0.011458 0.043519
4 0.810417 0.300463 0.270833 0.058333