1 0.060677 0.262963 0.047396 0.022222
4 0.832812 0.323148 0.291667 0.062963
8 0.710938 0.115741 0.007292 0.011111
2 0.568229 0.109259 0.027083 0.033333
2 0.898958 0.078704 0.029167 0.025926
7 0.477083 0.116204 0.008333 0.010185
2 0.621875 0.109722 0.029167 0.032407
1 0.165625 0.116667 0.021875 0.011111
1 0.594531 0.119444 0.018229 0.011111
1 0.540885 0.119444 0.017188 0.011111
0 0.526042 0.371296 0.005208 0.033333
0 0.446875 0.230556 0.003125 0.022222
0 0.144792 0.156481 0.005208 0.009259
0 0.464063 0.140278 0.002083 0.013889
0 0.471354 0.138426 0.002083 0.013889
0 0.790885 0.111574 0.003646 0.012037
0 0.460417 0.145370 0.002083 0.009259
0 0.345833 0.694907 0.013542 0.054630
0 0.465365 0.133796 0.001563 0.013889
0 0.750000 0.160648 0.004167 0.015741
0 0.828125 0.166667 0.005208 0.016667
0 0.295312 0.838889 0.016667 0.046296
0 0.515365 0.152315 0.001563 0.010185
0 0.971094 0.270833 0.010937 0.025000
0 0.523438 0.111574 0.001042 0.012037
0 0.534375 0.417593 0.005208 0.037037
0 0.456250 0.121296 0.002083 0.012963
0 0.882552 0.082407 0.002604 0.009259
0 0.779427 0.121759 0.003646 0.012037
0 0.836198 0.240278 0.007812 0.013889
0 0.510677 0.112500 0.001563 0.012037
0 0.205729 0.118981 0.004167 0.012037
0 0.461719 0.148148 0.001563 0.014815
0 0.463542 0.130556 0.002083 0.012963
0 0.140104 0.153241 0.005208 0.015741
0 0.258854 0.109722 0.003125 0.012037
0 0.515365 0.110648 0.001563 0.012037
0 0.269010 0.568056 0.014062 0.047222
0 0.754687 0.126852 0.003125 0.012963
0 0.597917 0.972222 0.015625 0.055556
0 0.456250 0.165741 0.002083 0.016667
0 0.302344 0.577315 0.013021 0.047222
1 0.060677 0.262500 0.047396 0.023148
4 0.832812 0.323148 0.291667 0.062963