1 0.050000 0.268981 0.048958 0.023148
4 0.843229 0.333333 0.301042 0.064815
8 0.711719 0.117130 0.007812 0.012037
2 0.568750 0.110648 0.027083 0.032407
2 0.904167 0.079167 0.029167 0.025000
7 0.475521 0.117593 0.008333 0.011111
2 0.623177 0.110648 0.029687 0.032407
1 0.161458 0.117593 0.021875 0.011111
1 0.595312 0.120833 0.018750 0.012037
1 0.541146 0.120833 0.017708 0.012037
0 0.526302 0.383333 0.005729 0.035185
0 0.445833 0.236111 0.003125 0.022222
0 0.140104 0.159259 0.005208 0.009259
0 0.463542 0.142593 0.002083 0.014815
0 0.471094 0.140278 0.001563 0.013889
0 0.793490 0.112500 0.003646 0.012037
0 0.460156 0.147222 0.002604 0.009259
0 0.877344 0.193519 0.006771 0.018519
0 0.335677 0.741667 0.015104 0.057407
0 0.465104 0.135648 0.002083 0.013889
0 0.753906 0.163426 0.004688 0.015741
0 0.833073 0.168981 0.005729 0.017593
0 0.280469 0.900926 0.018229 0.048148
0 0.515625 0.154630 0.002083 0.011111
0 0.983333 0.277315 0.011458 0.026852
0 0.524219 0.113426 0.001563 0.012037
0 0.535677 0.432870 0.005729 0.037963
0 0.456250 0.123148 0.002083 0.012963
0 0.885938 0.083333 0.003125 0.009259
0 0.782031 0.123148 0.003646 0.012963
0 0.843750 0.246296 0.007292 0.014815
0 0.510677 0.114352 0.001563 0.012037
0 0.202865 0.120370 0.003646 0.012963
0 0.460938 0.150926 0.002083 0.014815
0 0.463281 0.132407 0.001563 0.012963
0 0.135417 0.156019 0.005208 0.015741
0 0.256771 0.110648 0.003125 0.012037
0 0.515104 0.112500 0.001042 0.012037
0 0.255469 0.598148 0.015104 0.048148
0 0.758073 0.128704 0.003646 0.012963
0 0.455469 0.168056 0.002604 0.017593
0 0.294010 0.607870 0.014062 0.049074
1 0.050521 0.268981 0.048958 0.023148
4 0.843229 0.333333 0.301042 0.064815