1 0.045313 0.272222 0.050000 0.024074
4 0.847656 0.338426 0.304688 0.065741
8 0.712240 0.118056 0.007812 0.012037
2 0.569010 0.111111 0.027604 0.033333
2 0.906510 0.079630 0.029687 0.025926
7 0.474740 0.118519 0.007812 0.011111
2 0.623698 0.111111 0.029687 0.033333
1 0.159635 0.118519 0.022396 0.011111
1 0.595833 0.121759 0.018750 0.012037
1 0.541667 0.121759 0.017708 0.012037
0 0.526563 0.388889 0.005208 0.035185
0 0.445052 0.238889 0.003646 0.022222
0 0.138021 0.160185 0.005208 0.009259
0 0.463542 0.143519 0.002083 0.014815
0 0.470833 0.140741 0.002083 0.014815
0 0.795052 0.113426 0.003646 0.012037
0 0.459896 0.148148 0.002083 0.009259
0 0.880208 0.194907 0.007292 0.019444
0 0.330729 0.765278 0.015625 0.058333
0 0.464844 0.136574 0.001563 0.013889
0 0.755729 0.164815 0.004167 0.016667
0 0.835156 0.170370 0.005729 0.016667
0 0.273177 0.931944 0.019271 0.049074
0 0.515885 0.155556 0.001563 0.011111
0 0.989062 0.280556 0.011458 0.025926
0 0.524219 0.113426 0.001563 0.012037
0 0.536198 0.439815 0.005729 0.038889
0 0.456250 0.124074 0.002083 0.012963
0 0.887240 0.083333 0.002604 0.009259
0 0.783333 0.124074 0.004167 0.012963
0 0.847135 0.249074 0.007812 0.014815
0 0.510156 0.114352 0.001563 0.012037
0 0.201562 0.121296 0.004167 0.012963
0 0.460938 0.151852 0.002083 0.014815
0 0.463021 0.132870 0.002083 0.013889
0 0.133073 0.156944 0.005729 0.015741
0 0.255729 0.111574 0.003125 0.012037
0 0.515104 0.112500 0.001042 0.012037
0 0.248698 0.612500 0.016146 0.049074
0 0.759115 0.129630 0.003646 0.012963
0 0.455208 0.169444 0.002083 0.016667
0 0.289844 0.623148 0.015104 0.050000
1 0.045573 0.272222 0.049479 0.024074
4 0.847656 0.338426 0.304688 0.065741