1 0.035417 0.278704 0.051042 0.024074
4 0.850521 0.348611 0.298958 0.067593
8 0.712760 0.118981 0.007812 0.012037
2 0.569792 0.112963 0.028125 0.033333
2 0.911458 0.080556 0.030208 0.025926
7 0.472917 0.119444 0.008333 0.011111
2 0.625000 0.112963 0.030208 0.033333
1 0.155469 0.119444 0.022396 0.011111
1 0.596875 0.123148 0.018750 0.011111
1 0.541927 0.123148 0.018229 0.011111
0 0.527604 0.401389 0.005208 0.036111
0 0.444010 0.243981 0.003646 0.023148
0 0.133854 0.162037 0.005208 0.009259
0 0.463021 0.145370 0.002083 0.014815
0 0.470313 0.142593 0.002083 0.014815
0 0.797656 0.114352 0.003646 0.012037
0 0.459375 0.150000 0.002083 0.009259
0 0.885938 0.198611 0.007292 0.019444
0 0.140104 0.113426 0.004167 0.012037
0 0.319531 0.816667 0.017188 0.061111
0 0.464323 0.138426 0.001563 0.013889
0 0.759375 0.167593 0.004167 0.016667
0 0.839323 0.172685 0.005729 0.017593
0 0.256250 0.987500 0.021875 0.025000
0 0.516146 0.157407 0.002083 0.011111
0 0.997135 0.287500 0.005729 0.026852
0 0.524740 0.115278 0.001563 0.012037
0 0.537240 0.454630 0.005729 0.038889
0 0.456250 0.125000 0.002083 0.012963
0 0.890104 0.084259 0.003125 0.009259
0 0.785937 0.125463 0.004167 0.013889
0 0.854688 0.254630 0.008333 0.014815
0 0.510156 0.116204 0.001563 0.012037
0 0.198437 0.122222 0.004167 0.012963
0 0.460417 0.154167 0.002083 0.015741
0 0.462500 0.134722 0.002083 0.013889
0 0.128906 0.158796 0.005729 0.015741
0 0.253646 0.112963 0.003125 0.011111
0 0.514844 0.114352 0.001563 0.012037
0 0.233854 0.643981 0.017708 0.050926
0 0.762240 0.131019 0.003646 0.013889
0 0.454688 0.171759 0.002083 0.017593
0 0.280990 0.655556 0.016146 0.051852
1 0.035417 0.278704 0.051042 0.024074
4 0.850521 0.348611 0.298958 0.067593