1 0.005729 0.312037 0.011458 0.027778
4 0.865365 0.404167 0.269271 0.078704
8 0.716146 0.125463 0.008333 0.012037
2 0.573438 0.118519 0.029167 0.035185
2 0.935156 0.083796 0.031771 0.026852
7 0.464323 0.125926 0.008854 0.011111
2 0.631250 0.119444 0.031250 0.035185
1 0.135417 0.126389 0.023958 0.012037
1 0.601562 0.130093 0.019792 0.012037
1 0.544010 0.129630 0.019271 0.012963
0 0.532031 0.466204 0.005729 0.039815
0 0.437760 0.271759 0.003646 0.025000
0 0.111979 0.172685 0.006250 0.010185
0 0.460417 0.156019 0.002083 0.015741
0 0.468750 0.150926 0.002083 0.014815
0 0.810156 0.120370 0.003646 0.012963
0 0.457031 0.158796 0.002604 0.010185
0 0.914583 0.213889 0.008333 0.020370
0 0.462240 0.147222 0.001563 0.014815
0 0.777865 0.181019 0.004688 0.017593
0 0.861719 0.184722 0.006771 0.017593
0 0.517187 0.167130 0.002083 0.012037
0 0.527865 0.120833 0.001563 0.012037
0 0.543750 0.538889 0.007292 0.044444
0 0.455990 0.132870 0.002604 0.013889
0 0.798437 0.132870 0.004167 0.013889
0 0.893229 0.283333 0.009375 0.016667
0 0.509115 0.122222 0.001563 0.012963
0 0.184896 0.128704 0.004167 0.012963
0 0.457812 0.165278 0.002083 0.015741
0 0.460677 0.142593 0.001563 0.014815
0 0.106250 0.168981 0.006250 0.017593
0 0.243750 0.119444 0.003125 0.012963
0 0.514323 0.119907 0.001563 0.012037
0 0.142708 0.841204 0.028125 0.062037
0 0.777344 0.139815 0.003646 0.014815
0 0.451823 0.183796 0.002604 0.017593
0 0.223177 0.862037 0.023438 0.062963
1 0.005990 0.312037 0.011979 0.027778
4 0.865365 0.404167 0.269271 0.078704