4 0.871354 0.427315 0.257292 0.082407
8 0.717188 0.127778 0.008333 0.012963
2 0.574740 0.120833 0.029687 0.036111
2 0.943229 0.085185 0.032292 0.025926
7 0.461198 0.128241 0.008854 0.012037
2 0.633333 0.121296 0.032292 0.035185
1 0.128125 0.128241 0.025000 0.012037
1 0.603385 0.132407 0.020312 0.012963
1 0.544531 0.132407 0.019271 0.012963
0 0.533854 0.492593 0.006250 0.042593
0 0.435417 0.282407 0.004167 0.025926
0 0.104167 0.176389 0.006250 0.010185
0 0.459896 0.159722 0.002083 0.015741
0 0.467969 0.153704 0.001563 0.014815
0 0.814583 0.123148 0.004167 0.012963
0 0.455990 0.162037 0.002604 0.009259
0 0.925260 0.219907 0.008854 0.021296
0 0.461458 0.150926 0.002083 0.014815
0 0.784375 0.186111 0.005208 0.018519
0 0.869531 0.188889 0.006771 0.018519
0 0.517708 0.170833 0.002083 0.012037
0 0.528646 0.123148 0.002083 0.012963
0 0.546354 0.573611 0.007292 0.047222
0 0.455729 0.135185 0.002083 0.014815
0 0.802865 0.135648 0.004688 0.013889
0 0.907552 0.294444 0.009896 0.016667
0 0.508594 0.124074 0.001563 0.012963
0 0.456771 0.169444 0.002083 0.016667
0 0.459896 0.145370 0.002083 0.014815
0 0.098438 0.172685 0.006250 0.017593
0 0.240365 0.121296 0.003646 0.012963
0 0.513802 0.122222 0.001563 0.012963
0 0.098698 0.936574 0.033854 0.065741
0 0.782812 0.142593 0.004167 0.014815
0 0.450781 0.187963 0.002604 0.018519
0 0.196615 0.958333 0.026563 0.070370
4 0.871354 0.427315 0.257292 0.082407