1 0.008854 0.307870 0.017708 0.026852
4 0.863542 0.397685 0.272917 0.076852
8 0.715625 0.124537 0.008333 0.012037
2 0.572917 0.118519 0.029167 0.035185
2 0.932292 0.083333 0.031250 0.025926
7 0.465365 0.125463 0.008854 0.012037
2 0.630729 0.118519 0.031250 0.035185
1 0.137500 0.125463 0.023958 0.012037
1 0.601042 0.129167 0.019792 0.012037
1 0.543750 0.129167 0.018750 0.012037
0 0.531771 0.458333 0.005208 0.038889
0 0.438542 0.268519 0.004167 0.025926
0 0.114323 0.171759 0.005729 0.010185
0 0.460938 0.155093 0.002083 0.015741
0 0.468750 0.150000 0.002083 0.014815
0 0.808854 0.119907 0.004167 0.012037
0 0.457292 0.157870 0.002083 0.010185
0 0.911458 0.212037 0.008333 0.020370
0 0.462500 0.146296 0.002083 0.014815
0 0.775781 0.179167 0.004688 0.017593
0 0.859115 0.183333 0.006771 0.018519
0 0.517187 0.166204 0.002083 0.012037
0 0.527344 0.120370 0.001563 0.012963
0 0.542969 0.528241 0.006771 0.043519
0 0.456250 0.131944 0.002083 0.013889
0 0.902604 0.087037 0.003125 0.009259
0 0.796875 0.131944 0.004167 0.013889
0 0.888542 0.280093 0.009375 0.015741
0 0.509115 0.121296 0.001563 0.012963
0 0.186458 0.128241 0.004167 0.013889
0 0.457812 0.163889 0.002083 0.016667
0 0.460938 0.141667 0.002083 0.014815
0 0.108854 0.167593 0.006250 0.016667
0 0.245052 0.118519 0.003646 0.012963
0 0.514323 0.119444 0.001563 0.012963
0 0.155208 0.814352 0.026042 0.060185
0 0.775521 0.138426 0.004167 0.013889
0 0.452083 0.182407 0.002083 0.018519
0 0.230729 0.834259 0.022917 0.061111
1 0.009115 0.307870 0.018229 0.026852
4 0.863542 0.397685 0.272917 0.076852