4 0.875781 0.443519 0.248437 0.085185
8 0.717969 0.129630 0.008854 0.012963
2 0.575521 0.122685 0.030208 0.036111
2 0.948698 0.085648 0.032812 0.026852
7 0.459115 0.130093 0.008854 0.012037
2 0.635156 0.122685 0.032812 0.036111
1 0.123438 0.130093 0.025000 0.012037
1 0.604427 0.134259 0.020312 0.012963
1 0.545313 0.134259 0.019792 0.012963
0 0.534896 0.511574 0.006250 0.043519
0 0.433854 0.289815 0.004167 0.027778
0 0.098958 0.179167 0.006250 0.010185
0 0.459375 0.162037 0.002083 0.016667
0 0.467708 0.156019 0.002083 0.015741
0 0.817708 0.124074 0.004167 0.012963
0 0.455469 0.164352 0.002604 0.010185
0 0.932552 0.224074 0.008854 0.022222
0 0.460938 0.153241 0.002083 0.015741
0 0.789323 0.188889 0.005729 0.018519
0 0.875260 0.192130 0.006771 0.019444
0 0.517969 0.173611 0.001563 0.012037
0 0.529427 0.124074 0.001563 0.012963
0 0.548437 0.600000 0.008333 0.048148
0 0.455469 0.137037 0.002604 0.014815
0 0.805990 0.137037 0.004688 0.014815
0 0.918229 0.302315 0.010417 0.017593
0 0.508594 0.125926 0.001563 0.012963
0 0.455990 0.172222 0.002604 0.016667
0 0.459375 0.147222 0.002083 0.014815
0 0.092969 0.175463 0.006771 0.017593
0 0.237760 0.123148 0.003646 0.012963
0 0.513802 0.123611 0.001563 0.012037
0 0.063542 0.988889 0.038542 0.022222
0 0.786458 0.144444 0.004167 0.014815
0 0.449740 0.190741 0.002604 0.018519
4 0.875781 0.443519 0.248437 0.085185