1 0.017188 0.296296 0.034375 0.025926
4 0.858333 0.377315 0.283333 0.073148
8 0.714583 0.122685 0.008333 0.012037
2 0.571615 0.116204 0.028646 0.034259
2 0.924740 0.082407 0.030729 0.025926
7 0.468229 0.123148 0.008333 0.011111
2 0.628385 0.116204 0.030729 0.034259
1 0.144531 0.123148 0.023438 0.011111
1 0.599479 0.126852 0.019792 0.012963
1 0.542969 0.126852 0.018229 0.012963
0 0.530208 0.435648 0.005208 0.037963
0 0.440625 0.258796 0.004167 0.025000
0 0.121615 0.168056 0.005729 0.010185
0 0.461458 0.151389 0.002083 0.015741
0 0.469531 0.147222 0.001563 0.014815
0 0.804427 0.118056 0.003646 0.012037
0 0.458073 0.154630 0.002604 0.009259
0 0.901302 0.206481 0.007812 0.020370
0 0.130208 0.117130 0.004167 0.012037
0 0.282813 0.976389 0.022917 0.047222
0 0.463021 0.143519 0.002083 0.014815
0 0.769531 0.174537 0.004688 0.017593
0 0.851562 0.179167 0.006250 0.017593
0 0.516667 0.162963 0.002083 0.011111
0 0.526302 0.118056 0.001563 0.012037
0 0.540625 0.498148 0.006250 0.042593
0 0.456250 0.129167 0.002083 0.013889
0 0.897917 0.086111 0.003125 0.009259
0 0.792708 0.129630 0.004167 0.012963
0 0.875260 0.269907 0.008854 0.015741
0 0.509635 0.119444 0.001563 0.012963
0 0.191146 0.125926 0.004167 0.012963
0 0.458854 0.160185 0.002083 0.016667
0 0.461458 0.138889 0.002083 0.014815
0 0.116667 0.164352 0.006250 0.015741
0 0.248177 0.116667 0.003646 0.012963
0 0.514583 0.117130 0.001042 0.012037
0 0.188802 0.741204 0.022396 0.056481
0 0.770573 0.135648 0.003646 0.013889
0 0.452865 0.178241 0.002604 0.017593
0 0.253385 0.757407 0.020312 0.057407
1 0.017448 0.296296 0.034896 0.025926
4 0.858333 0.377315 0.283333 0.073148