4 0.893490 0.511111 0.213021 0.098148
8 0.720573 0.135185 0.008854 0.012963
2 0.578646 0.128241 0.031250 0.037963
2 0.968229 0.088889 0.034375 0.027778
7 0.451562 0.135648 0.009375 0.012037
2 0.640625 0.128241 0.034375 0.037963
1 0.105729 0.135185 0.026042 0.012963
1 0.608594 0.139815 0.021354 0.012963
1 0.547135 0.139815 0.020312 0.012963
0 0.538021 0.591204 0.008333 0.049074
0 0.427344 0.318981 0.004688 0.028704
0 0.457292 0.171759 0.002083 0.017593
0 0.466146 0.162963 0.002083 0.016667
0 0.828906 0.129630 0.004688 0.012963
0 0.453646 0.172222 0.003125 0.011111
0 0.960156 0.239352 0.009896 0.023148
0 0.096094 0.128704 0.004688 0.012963
0 0.458854 0.161111 0.002083 0.016667
0 0.806771 0.201852 0.006250 0.020370
0 0.895573 0.203241 0.007812 0.019444
0 0.519271 0.182407 0.002083 0.012963
0 0.531771 0.129630 0.002083 0.012963
0 0.556510 0.710185 0.009896 0.055556
0 0.454427 0.143519 0.002604 0.014815
0 0.925260 0.093056 0.003646 0.010185
0 0.816927 0.143519 0.004688 0.014815
0 0.958594 0.332870 0.011979 0.019444
0 0.507552 0.131019 0.001563 0.013889
0 0.453385 0.182870 0.002604 0.017593
0 0.457812 0.153704 0.002083 0.014815
0 0.072917 0.184722 0.007292 0.017593
0 0.513021 0.128704 0.001042 0.012963
0 0.799740 0.152315 0.004688 0.015741
0 0.447135 0.202315 0.002604 0.019444
4 0.893490 0.511111 0.213021 0.098148