4 0.885417 0.479630 0.229167 0.092593
8 0.719531 0.132407 0.008854 0.012963
2 0.577344 0.125926 0.030729 0.037037
2 0.959896 0.087500 0.033333 0.026852
7 0.455208 0.132870 0.009375 0.012037
2 0.638021 0.125926 0.033333 0.037037
1 0.113281 0.133333 0.025521 0.012963
1 0.606771 0.137037 0.020833 0.012963
1 0.546354 0.137037 0.019792 0.012963
0 0.536719 0.554167 0.007812 0.047222
0 0.430469 0.305556 0.004688 0.027778
0 0.088281 0.184259 0.006771 0.011111
0 0.458073 0.167593 0.002604 0.016667
0 0.466667 0.159722 0.002083 0.015741
0 0.823958 0.127315 0.004167 0.013889
0 0.454427 0.168981 0.002604 0.010185
0 0.947917 0.232407 0.009375 0.022222
0 0.102865 0.125926 0.004688 0.012963
0 0.459896 0.157870 0.002083 0.015741
0 0.798958 0.195833 0.006250 0.019444
0 0.886458 0.198611 0.007292 0.019444
0 0.518750 0.178241 0.002083 0.012037
0 0.530729 0.127778 0.002083 0.012963
0 0.552865 0.658333 0.008854 0.051852
0 0.454948 0.140741 0.002604 0.014815
0 0.919531 0.091204 0.003646 0.010185
0 0.812240 0.140741 0.004688 0.014815
0 0.940104 0.318981 0.011458 0.017593
0 0.507812 0.128704 0.002083 0.012963
0 0.170052 0.135648 0.004688 0.013889
0 0.454688 0.178241 0.002083 0.017593
0 0.458594 0.150463 0.001563 0.015741
0 0.081771 0.180556 0.007292 0.018519
0 0.232812 0.125926 0.004167 0.012963
0 0.513281 0.126852 0.001563 0.012963
0 0.794010 0.149074 0.004688 0.014815
0 0.448177 0.197222 0.002604 0.018519
4 0.885417 0.479630 0.229167 0.092593