4 0.902865 0.547222 0.194271 0.105556
8 0.722135 0.137500 0.008854 0.013889
2 0.580208 0.130556 0.032292 0.038889
2 0.977083 0.089815 0.034375 0.027778
7 0.448438 0.137963 0.009375 0.012963
2 0.642969 0.131019 0.034896 0.037963
1 0.097396 0.137963 0.027083 0.012963
1 0.610937 0.142593 0.021875 0.012963
1 0.547917 0.143056 0.020833 0.013889
0 0.539062 0.633796 0.009375 0.052778
0 0.423958 0.333333 0.005208 0.029630
0 0.070573 0.193056 0.006771 0.012037
0 0.456250 0.176389 0.002083 0.017593
0 0.465104 0.166667 0.002083 0.016667
0 0.834115 0.131944 0.004688 0.013889
0 0.453125 0.175926 0.003125 0.011111
0 0.973437 0.246296 0.010417 0.024074
0 0.458333 0.164815 0.002083 0.016667
0 0.815104 0.207407 0.006250 0.020370
0 0.904948 0.208333 0.007812 0.020370
0 0.519792 0.186111 0.002083 0.012963
0 0.532812 0.131944 0.002083 0.013889
0 0.561198 0.771759 0.010937 0.058333
0 0.454167 0.147222 0.002083 0.014815
0 0.930990 0.093981 0.003646 0.010185
0 0.822396 0.146296 0.005208 0.014815
0 0.978385 0.347685 0.013021 0.019444
0 0.507031 0.133796 0.001563 0.013889
0 0.159375 0.140741 0.005208 0.014815
0 0.452344 0.187963 0.002604 0.018519
0 0.457031 0.156944 0.002604 0.015741
0 0.063542 0.188889 0.007292 0.018519
0 0.225000 0.131019 0.004167 0.013889
0 0.512760 0.131019 0.001563 0.013889
0 0.806250 0.156019 0.005208 0.015741
0 0.076302 0.145370 0.005729 0.014815
0 0.445833 0.207407 0.003125 0.020370
4 0.902865 0.547222 0.194271 0.105556