4 0.896615 0.522685 0.206771 0.100926
8 0.721094 0.136111 0.008854 0.012963
2 0.578906 0.129167 0.031771 0.037963
2 0.971354 0.089352 0.034375 0.026852
7 0.450521 0.136574 0.009375 0.012037
2 0.641406 0.129167 0.034896 0.037963
1 0.102865 0.136111 0.026563 0.012963
1 0.609375 0.140741 0.021875 0.012963
1 0.547396 0.140741 0.020833 0.012963
0 0.538281 0.605093 0.008854 0.050926
0 0.426302 0.323611 0.004688 0.028704
0 0.076563 0.190278 0.007292 0.012037
0 0.456771 0.173148 0.002083 0.016667
0 0.465625 0.163889 0.002083 0.016667
0 0.830469 0.130556 0.004688 0.012963
0 0.453646 0.173611 0.003125 0.010185
0 0.964583 0.241204 0.010417 0.023148
0 0.093750 0.129630 0.005208 0.012963
0 0.458854 0.162500 0.002083 0.015741
0 0.809375 0.203704 0.006250 0.020370
0 0.898698 0.205093 0.007812 0.019444
0 0.519271 0.183333 0.002083 0.012963
0 0.532031 0.130556 0.001563 0.012963
0 0.558333 0.730093 0.010417 0.056481
0 0.454427 0.144907 0.002604 0.015741
0 0.927083 0.093056 0.004167 0.010185
0 0.819010 0.144444 0.004688 0.014815
0 0.965104 0.337500 0.012500 0.019444
0 0.507292 0.131944 0.002083 0.013889
0 0.163021 0.139352 0.005208 0.013889
0 0.453385 0.184259 0.002604 0.018519
0 0.457292 0.154630 0.002083 0.014815
0 0.069792 0.186111 0.007292 0.018519
0 0.227604 0.129167 0.004167 0.013889
0 0.512760 0.129630 0.001563 0.012963
0 0.802344 0.153241 0.004688 0.015741
0 0.446615 0.203704 0.002604 0.020370
4 0.896615 0.522685 0.206771 0.100926