4 0.940104 0.692593 0.119792 0.133333
8 0.726302 0.145833 0.009896 0.013889
2 0.584375 0.138889 0.034375 0.040741
7 0.437240 0.146296 0.009896 0.012963
2 0.651302 0.138889 0.036979 0.040741
7 0.934115 0.103241 0.009896 0.008333
1 0.071615 0.146759 0.028646 0.013889
1 0.616927 0.151389 0.023438 0.013889
1 0.550521 0.151852 0.021875 0.014815
7 0.041927 0.146296 0.013021 0.012963
0 0.538542 0.812500 0.012500 0.063889
0 0.412500 0.384722 0.006250 0.034259
0 0.040885 0.207870 0.007812 0.012037
0 0.452865 0.190741 0.002604 0.018519
0 0.462760 0.177315 0.002604 0.017593
0 0.850260 0.139815 0.004688 0.014815
0 0.450000 0.187963 0.003125 0.011111
0 0.065885 0.138426 0.005729 0.013889
0 0.454948 0.178241 0.002604 0.017593
0 0.842448 0.227778 0.006771 0.022222
0 0.936458 0.225926 0.009375 0.022222
0 0.521354 0.199537 0.002083 0.013889
0 0.535937 0.139815 0.002083 0.014815
0 0.452865 0.156944 0.002604 0.015741
0 0.948958 0.099074 0.004167 0.011111
0 0.838802 0.156019 0.005729 0.015741
0 0.505469 0.141667 0.001563 0.014815
0 0.141667 0.149074 0.005208 0.014815
0 0.448438 0.204167 0.003125 0.019444
0 0.454427 0.166667 0.002604 0.016667
0 0.032812 0.203241 0.008333 0.019444
0 0.211979 0.138889 0.004167 0.014815
0 0.511719 0.138889 0.001563 0.014815
0 0.826823 0.167593 0.005729 0.016667
0 0.441667 0.224537 0.003125 0.021296
4 0.940104 0.692593 0.119792 0.133333