4 0.917448 0.603704 0.165104 0.116667
8 0.723958 0.141204 0.009375 0.013889
2 0.582031 0.134259 0.032812 0.038889
2 0.985417 0.092130 0.029167 0.028704
7 0.443490 0.141667 0.009896 0.012963
2 0.646615 0.134259 0.035937 0.038889
1 0.086198 0.141667 0.027604 0.012963
1 0.613281 0.146759 0.022396 0.013889
1 0.549219 0.146759 0.021354 0.013889
0 0.539323 0.702778 0.010937 0.057407
0 0.419271 0.354630 0.005208 0.031481
0 0.057813 0.199537 0.007292 0.012037
0 0.454688 0.182407 0.002083 0.018519
0 0.464063 0.171296 0.002083 0.016667
0 0.840885 0.135648 0.004688 0.013889
0 0.451562 0.181019 0.003125 0.010185
0 0.991927 0.256481 0.010937 0.024074
0 0.078906 0.134259 0.005729 0.012963
0 0.456771 0.170370 0.002083 0.016667
0 0.826823 0.216204 0.006771 0.021296
0 0.918490 0.215741 0.008854 0.020370
0 0.520312 0.192130 0.002083 0.013889
0 0.534115 0.135648 0.001563 0.013889
0 0.568750 0.872222 0.012500 0.062963
0 0.453385 0.151389 0.002604 0.015741
0 0.829687 0.150463 0.005208 0.015741
0 0.506250 0.137500 0.002083 0.013889
0 0.151562 0.144444 0.005208 0.014815
0 0.450781 0.194444 0.002604 0.018519
0 0.455729 0.161111 0.002083 0.016667
0 0.050260 0.194907 0.007812 0.019444
0 0.219271 0.134259 0.004167 0.012963
0 0.512240 0.134722 0.001563 0.013889
0 0.815104 0.161111 0.005208 0.016667
0 0.444010 0.214815 0.002604 0.020370
4 0.917448 0.603704 0.165104 0.116667