4 0.977083 0.840741 0.045833 0.162963
8 0.729427 0.151852 0.009896 0.014815
2 0.588021 0.144907 0.035417 0.041667
7 0.429167 0.152315 0.010417 0.013889
2 0.657552 0.145370 0.039062 0.042593
1 0.052344 0.152778 0.030729 0.014815
1 0.621615 0.157870 0.024479 0.015741
1 0.552604 0.157870 0.022917 0.015741
7 0.024479 0.152315 0.013542 0.013889
0 0.537760 0.982870 0.015104 0.034259
0 0.402865 0.429167 0.006771 0.037963
0 0.018490 0.218519 0.008854 0.012963
0 0.450260 0.201852 0.002604 0.020370
0 0.460938 0.185185 0.002083 0.018519
0 0.862240 0.145370 0.005729 0.014815
0 0.447656 0.196759 0.002604 0.012037
0 0.049219 0.144444 0.005729 0.014815
0 0.452865 0.187037 0.002604 0.018519
0 0.863802 0.243519 0.007812 0.024074
0 0.960677 0.238889 0.009896 0.022222
0 0.522656 0.210185 0.002604 0.014815
0 0.536198 0.145370 0.002604 0.014815
0 0.452344 0.163889 0.002604 0.016667
0 0.851302 0.162963 0.005729 0.016667
0 0.504427 0.147685 0.001563 0.015741
0 0.128906 0.155093 0.005729 0.015741
0 0.445312 0.216667 0.003125 0.020370
0 0.452604 0.174074 0.002083 0.016667
0 0.009896 0.213889 0.009375 0.020370
0 0.202344 0.144444 0.004688 0.014815
0 0.510677 0.144444 0.001563 0.014815
0 0.842448 0.176389 0.005729 0.017593
0 0.036198 0.162037 0.006771 0.016667
0 0.438281 0.237963 0.003646 0.022222
4 0.977083 0.840741 0.045833 0.162963