4 0.963021 0.784259 0.073958 0.151852
8 0.728385 0.150000 0.009896 0.014815
2 0.586979 0.143056 0.035417 0.041667
7 0.432031 0.150463 0.010937 0.013889
2 0.655208 0.143056 0.038542 0.041667
7 0.946094 0.105556 0.009896 0.009259
1 0.059115 0.150463 0.029687 0.013889
1 0.620052 0.155556 0.023438 0.014815
1 0.551823 0.155556 0.022396 0.014815
7 0.030469 0.150000 0.013021 0.012963
0 0.538281 0.929630 0.014062 0.070370
0 0.406510 0.413426 0.006771 0.036111
0 0.026302 0.214815 0.007812 0.012963
0 0.451302 0.197685 0.002604 0.019444
0 0.461719 0.182407 0.002604 0.018519
0 0.858333 0.143519 0.005208 0.014815
0 0.448438 0.193519 0.003125 0.011111
0 0.054948 0.142593 0.005729 0.014815
0 0.453385 0.184259 0.002604 0.018519
0 0.856510 0.237963 0.007812 0.022222
0 0.952083 0.234259 0.009375 0.022222
0 0.522135 0.206481 0.002604 0.014815
0 0.536198 0.143519 0.002604 0.014815
0 0.452604 0.161574 0.003125 0.015741
0 0.957292 0.100926 0.004167 0.011111
0 0.847135 0.160648 0.005729 0.015741
0 0.504687 0.145370 0.002083 0.014815
0 0.133333 0.153241 0.005208 0.015741
0 0.446354 0.212037 0.003125 0.020370
0 0.453125 0.171759 0.002083 0.017593
0 0.017708 0.210185 0.009375 0.020370
0 0.205469 0.142593 0.004688 0.014815
0 0.511198 0.142593 0.001563 0.014815
0 0.836719 0.173148 0.005729 0.016667
0 0.041927 0.159722 0.006771 0.015741
0 0.439583 0.233333 0.003125 0.022222
4 0.963021 0.784259 0.073958 0.151852