4 0.984896 0.872685 0.030208 0.169444
8 0.729948 0.152778 0.009896 0.014815
2 0.588542 0.146296 0.036458 0.042593
7 0.427865 0.153704 0.010937 0.012963
2 0.658333 0.146296 0.039583 0.042593
1 0.049219 0.153704 0.030729 0.014815
1 0.622656 0.159259 0.024479 0.014815
1 0.553125 0.159259 0.022917 0.014815
7 0.021354 0.153241 0.013542 0.013889
0 0.401042 0.437500 0.007292 0.037963
0 0.014583 0.220370 0.008333 0.012963
0 0.449740 0.203704 0.002604 0.020370
0 0.460677 0.187037 0.002604 0.018519
0 0.864583 0.146296 0.005208 0.014815
0 0.447396 0.198611 0.003125 0.012037
0 0.046354 0.145370 0.006250 0.014815
0 0.452344 0.188889 0.002604 0.018519
0 0.867708 0.246296 0.008333 0.024074
0 0.964844 0.241204 0.009896 0.023148
0 0.522656 0.212037 0.002604 0.014815
0 0.536198 0.146296 0.002604 0.014815
0 0.452344 0.165741 0.002604 0.016667
0 0.853385 0.163889 0.005729 0.016667
0 0.504167 0.149074 0.002083 0.014815
0 0.126823 0.156019 0.005729 0.015741
0 0.444792 0.218981 0.003125 0.021296
0 0.452344 0.175463 0.002604 0.017593
0 0.005729 0.215741 0.009375 0.020370
0 0.510677 0.145370 0.001563 0.014815
0 0.845052 0.177778 0.005729 0.018519
0 0.033073 0.162963 0.006771 0.016667
0 0.437760 0.240278 0.003646 0.023148
4 0.984896 0.872685 0.030208 0.169444