8 0.734375 0.162037 0.010417 0.014815
2 0.593490 0.155093 0.038021 0.045370
7 0.415885 0.162963 0.011979 0.014815
2 0.667188 0.155093 0.041667 0.045370
1 0.021094 0.162500 0.032812 0.015741
1 0.629167 0.168519 0.026042 0.016667
1 0.555990 0.168519 0.024479 0.016667
0 0.383333 0.517130 0.009375 0.043519
0 0.446094 0.220833 0.002604 0.021296
0 0.458073 0.198611 0.002604 0.019444
0 0.882031 0.155093 0.005729 0.015741
0 0.443750 0.211574 0.003125 0.012037
0 0.021615 0.153241 0.006771 0.015741
0 0.448698 0.203704 0.002604 0.020370
0 0.901823 0.271296 0.009896 0.025926
0 0.997917 0.261574 0.004167 0.025000
0 0.524740 0.227315 0.002604 0.015741
0 0.535937 0.155093 0.002083 0.015741
0 0.450781 0.176389 0.002604 0.017593
0 0.871354 0.174537 0.006250 0.017593
0 0.502604 0.157407 0.002083 0.016667
0 0.107813 0.164815 0.006250 0.016667
0 0.440365 0.238426 0.003646 0.023148
0 0.449740 0.186111 0.002604 0.018519
0 0.186719 0.154167 0.004688 0.015741
0 0.509635 0.153704 0.001563 0.014815
0 0.867969 0.190741 0.006771 0.018519
0 0.008073 0.173148 0.007812 0.016667
0 0.432552 0.260648 0.003646 0.025000