8 0.737240 0.167130 0.010937 0.015741
2 0.596354 0.160185 0.039583 0.046296
7 0.409375 0.167593 0.012500 0.014815
2 0.672135 0.160185 0.043229 0.046296
7 0.995313 0.114352 0.009375 0.010185
1 0.011458 0.167593 0.022917 0.016667
1 0.633073 0.174074 0.026563 0.016667
1 0.557813 0.174074 0.025000 0.016667
0 0.371875 0.568981 0.010417 0.047222
0 0.443750 0.230556 0.003125 0.022222
0 0.456510 0.205556 0.002604 0.020370
0 0.441927 0.219444 0.003646 0.012963
0 0.446875 0.212037 0.003125 0.020370
0 0.922135 0.285648 0.010937 0.026852
0 0.525781 0.235648 0.002604 0.015741
0 0.535937 0.159722 0.002083 0.015741
0 0.449740 0.182407 0.002604 0.018519
0 0.992188 0.109259 0.004167 0.011111
0 0.881510 0.180556 0.006771 0.018519
0 0.501823 0.162037 0.001563 0.016667
0 0.097656 0.169907 0.006771 0.017593
0 0.437760 0.249537 0.003646 0.023148
0 0.448177 0.192593 0.002604 0.018519
0 0.179167 0.158796 0.005208 0.015741
0 0.509115 0.157870 0.001563 0.015741
0 0.881250 0.197685 0.007292 0.019444
0 0.429688 0.272222 0.004167 0.025926