8 0.737760 0.168056 0.010937 0.015741
2 0.597135 0.161111 0.040104 0.046296
7 0.407552 0.168519 0.011979 0.014815
2 0.673437 0.161111 0.043750 0.046296
7 0.997135 0.114352 0.005729 0.010185
1 0.009635 0.168519 0.019271 0.016667
1 0.633854 0.175000 0.027083 0.016667
1 0.558073 0.175463 0.025521 0.017593
0 0.368490 0.583796 0.010937 0.047222
0 0.443229 0.233333 0.003125 0.022222
0 0.455990 0.207407 0.002604 0.020370
0 0.441406 0.221296 0.003646 0.012963
0 0.005208 0.158796 0.007292 0.015741
0 0.446354 0.213889 0.003125 0.020370
0 0.927344 0.289352 0.010937 0.026852
0 0.525781 0.237963 0.002604 0.016667
0 0.535937 0.160648 0.002083 0.015741
0 0.449479 0.184259 0.003125 0.018519
0 0.994792 0.110185 0.004167 0.011111
0 0.884115 0.181944 0.006771 0.017593
0 0.501562 0.163426 0.002083 0.015741
0 0.095052 0.171296 0.006771 0.016667
0 0.437240 0.252315 0.003646 0.023148
0 0.447656 0.193981 0.002604 0.019444
0 0.177083 0.159722 0.005208 0.015741
0 0.508854 0.159259 0.002083 0.016667
0 0.884896 0.200000 0.007292 0.020370
0 0.429167 0.275000 0.004167 0.025926