1 0.245052 0.243056 0.018229 0.023148
8 0.745313 0.183333 0.012500 0.016667
2 0.605469 0.176389 0.044271 0.050926
7 0.387500 0.183796 0.013542 0.015741
2 0.688802 0.176389 0.048437 0.050926
1 0.645573 0.191667 0.029687 0.018519
1 0.563281 0.191667 0.027604 0.018519
0 0.318750 0.807870 0.017708 0.060185
0 0.436198 0.264352 0.003646 0.025000
0 0.451302 0.227778 0.002604 0.022222
0 0.923437 0.174537 0.007292 0.017593
0 0.435937 0.244907 0.004167 0.013889
0 0.440365 0.240278 0.003646 0.023148
0 0.994792 0.339352 0.010417 0.030556
0 0.529167 0.265278 0.003125 0.017593
0 0.535937 0.174537 0.002083 0.017593
0 0.445312 0.203241 0.003125 0.019444
0 0.916927 0.200463 0.007812 0.019444
0 0.498958 0.178241 0.002083 0.017593
0 0.063542 0.186111 0.007292 0.018519
0 0.428646 0.289352 0.004167 0.026852
0 0.442708 0.212963 0.003125 0.020370
0 0.153906 0.173611 0.005729 0.017593
0 0.507031 0.173148 0.001563 0.016667
0 0.925781 0.223148 0.008854 0.022222
0 0.419531 0.313426 0.004688 0.028704
1 0.245052 0.243056 0.018229 0.023148