1 0.254687 0.233333 0.017708 0.022222
8 0.742448 0.177778 0.011979 0.016667
2 0.602344 0.170833 0.042188 0.049074
7 0.395312 0.178241 0.012500 0.015741
2 0.682813 0.170833 0.046875 0.049074
1 0.641146 0.185185 0.028125 0.018519
1 0.561198 0.185185 0.026563 0.018519
0 0.340625 0.709259 0.014583 0.055556
0 0.438802 0.252315 0.003646 0.023148
0 0.453125 0.219907 0.003125 0.021296
0 0.438021 0.235648 0.004167 0.013889
0 0.442708 0.230093 0.003125 0.021296
0 0.969010 0.319444 0.013021 0.029630
0 0.528125 0.254630 0.003125 0.016667
0 0.535937 0.169444 0.002083 0.016667
0 0.446875 0.195833 0.003125 0.019444
0 0.904167 0.193056 0.007292 0.019444
0 0.500000 0.172685 0.002083 0.017593
0 0.075521 0.180093 0.007292 0.017593
0 0.432031 0.275000 0.003646 0.025926
0 0.444792 0.205556 0.003125 0.020370
0 0.162760 0.168519 0.005729 0.016667
0 0.507812 0.167593 0.002083 0.016667
0 0.910156 0.214352 0.007812 0.021296
0 0.423177 0.298148 0.004688 0.027778
1 0.254687 0.233333 0.017708 0.022222