1 0.250000 0.237963 0.017708 0.022222
8 0.743750 0.180556 0.011458 0.016667
2 0.603906 0.173148 0.043229 0.050000
7 0.391406 0.181019 0.013021 0.015741
2 0.685677 0.173148 0.047396 0.050000
1 0.643229 0.188426 0.029167 0.017593
1 0.561979 0.188426 0.027083 0.017593
0 0.330469 0.754630 0.016146 0.057407
0 0.437760 0.258333 0.003646 0.024074
0 0.452344 0.223611 0.002604 0.021296
0 0.436979 0.240278 0.004167 0.013889
0 0.441667 0.235185 0.003125 0.022222
0 0.982292 0.328704 0.013542 0.029630
0 0.528646 0.259722 0.003125 0.017593
0 0.535937 0.171759 0.002083 0.017593
0 0.446354 0.199537 0.003125 0.019444
0 0.910417 0.196759 0.007292 0.019444
0 0.499479 0.175463 0.002083 0.017593
0 0.069792 0.182870 0.007292 0.017593
0 0.430208 0.281481 0.004167 0.025926
0 0.443750 0.209259 0.003125 0.020370
0 0.158594 0.170833 0.005729 0.017593
0 0.507292 0.170370 0.002083 0.016667
0 0.917969 0.218981 0.008854 0.021296
0 0.421354 0.305556 0.004167 0.027778
1 0.250000 0.237963 0.017708 0.022222