1 0.257031 0.231019 0.017188 0.021296
8 0.741667 0.175926 0.011458 0.016667
2 0.601562 0.168981 0.041667 0.049074
7 0.397135 0.176389 0.013021 0.015741
2 0.681510 0.168981 0.046354 0.049074
1 0.640104 0.183796 0.028125 0.017593
1 0.560677 0.183796 0.026563 0.017593
0 0.345313 0.687963 0.013542 0.053704
0 0.439583 0.249537 0.003125 0.023148
0 0.453646 0.218056 0.003125 0.021296
0 0.909635 0.167593 0.006771 0.016667
0 0.438542 0.233796 0.004167 0.013889
0 0.443229 0.227778 0.003125 0.022222
0 0.962760 0.314815 0.013021 0.029630
0 0.527604 0.251852 0.003125 0.016667
0 0.535937 0.168056 0.002083 0.017593
0 0.447396 0.193981 0.003125 0.019444
0 0.901042 0.191667 0.007292 0.018519
0 0.500000 0.171296 0.002083 0.016667
0 0.078385 0.179167 0.006771 0.017593
0 0.432552 0.271296 0.003646 0.025926
0 0.445312 0.203704 0.003125 0.020370
0 0.164844 0.166667 0.005729 0.016667
0 0.507812 0.166667 0.002083 0.016667
0 0.906250 0.212037 0.008333 0.020370
0 0.423958 0.294907 0.004167 0.026852
1 0.257031 0.231019 0.017188 0.021296