1 0.252344 0.235648 0.017188 0.021296
8 0.742969 0.178704 0.011979 0.016667
2 0.603125 0.171759 0.042708 0.049074
7 0.393490 0.179630 0.013021 0.016667
2 0.684115 0.172222 0.047396 0.050000
1 0.642187 0.187037 0.029167 0.018519
1 0.561458 0.187037 0.027083 0.018519
0 0.335677 0.731481 0.015104 0.055556
0 0.438281 0.255556 0.003646 0.024074
0 0.452865 0.221759 0.002604 0.021296
0 0.914844 0.170370 0.006771 0.016667
0 0.437500 0.237500 0.004167 0.013889
0 0.442187 0.232407 0.003125 0.022222
0 0.975521 0.324074 0.013542 0.029630
0 0.528385 0.256944 0.002604 0.017593
0 0.535937 0.170370 0.002083 0.016667
0 0.446875 0.197685 0.003125 0.019444
0 0.907031 0.194907 0.007812 0.019444
0 0.499479 0.173611 0.002083 0.017593
0 0.072656 0.181481 0.006771 0.018519
0 0.431250 0.277778 0.004167 0.025926
0 0.444271 0.207407 0.003125 0.020370
0 0.160677 0.169444 0.005729 0.016667
0 0.507552 0.169444 0.001563 0.016667
0 0.914062 0.216204 0.008333 0.021296
0 0.422396 0.301852 0.004167 0.027778
1 0.252344 0.235648 0.017188 0.021296