1 0.231771 0.256481 0.019792 0.024074
8 0.749219 0.191204 0.013021 0.017593
2 0.609896 0.183796 0.045833 0.052778
7 0.377344 0.191667 0.014062 0.016667
2 0.696354 0.184722 0.051042 0.052778
1 0.651563 0.200000 0.031250 0.018519
1 0.565625 0.200000 0.029167 0.020370
0 0.280469 0.972685 0.023438 0.054630
0 0.432292 0.282407 0.004167 0.025926
0 0.448958 0.238889 0.003125 0.022222
0 0.938542 0.181944 0.007292 0.017593
0 0.432813 0.256944 0.004167 0.015741
0 0.437240 0.254630 0.003646 0.024074
0 0.531250 0.279630 0.003125 0.018519
0 0.536198 0.181944 0.002604 0.017593
0 0.443229 0.213426 0.003125 0.021296
0 0.934635 0.210648 0.007812 0.021296
0 0.497396 0.185185 0.002083 0.018519
0 0.047135 0.193519 0.007812 0.018519
0 0.423698 0.309722 0.004688 0.028704
0 0.440365 0.222685 0.003646 0.021296
0 0.141927 0.180556 0.006771 0.018519
0 0.506250 0.180093 0.002083 0.017593
0 0.947917 0.235648 0.009375 0.023148
0 0.413802 0.334722 0.004688 0.030556
1 0.231771 0.256481 0.019792 0.024074