1 0.225781 0.262037 0.020312 0.024074
8 0.750781 0.194444 0.013021 0.018519
2 0.611719 0.187500 0.046354 0.054630
7 0.372917 0.194907 0.014583 0.017593
2 0.699740 0.187963 0.051562 0.053704
1 0.653906 0.203241 0.031771 0.019444
1 0.566667 0.203704 0.029167 0.020370
0 0.430469 0.289352 0.004688 0.026852
0 0.447656 0.243519 0.003646 0.024074
0 0.944792 0.184722 0.007292 0.017593
0 0.431510 0.262037 0.004688 0.014815
0 0.435677 0.260648 0.003646 0.025000
0 0.531771 0.285648 0.003125 0.019444
0 0.536198 0.184722 0.002604 0.017593
0 0.442448 0.218056 0.003646 0.021296
0 0.942187 0.214815 0.008333 0.020370
0 0.496875 0.188889 0.002083 0.018519
0 0.040625 0.196759 0.008333 0.019444
0 0.421615 0.318519 0.004688 0.029630
0 0.439323 0.226852 0.003646 0.022222
0 0.136719 0.183796 0.006771 0.017593
0 0.505729 0.182870 0.002083 0.017593
0 0.957552 0.241204 0.009896 0.023148
0 0.411458 0.343519 0.005208 0.031481
1 0.225781 0.262037 0.020312 0.024074