1 0.228906 0.259259 0.020312 0.024074
8 0.750000 0.193056 0.012500 0.017593
2 0.610677 0.185648 0.046354 0.052778
7 0.375260 0.193519 0.014062 0.016667
2 0.697917 0.186111 0.051042 0.053704
1 0.652604 0.201389 0.031250 0.019444
1 0.566146 0.201852 0.029167 0.020370
0 0.271094 0.993519 0.025521 0.012963
0 0.431250 0.285648 0.004167 0.026852
0 0.448438 0.241204 0.003125 0.023148
0 0.941667 0.183333 0.007292 0.018519
0 0.432292 0.259259 0.004167 0.014815
0 0.436458 0.257407 0.003125 0.024074
0 0.531250 0.282407 0.003125 0.018519
0 0.536198 0.183333 0.002604 0.018519
0 0.442969 0.215278 0.003646 0.021296
0 0.938281 0.212500 0.007812 0.021296
0 0.497396 0.187037 0.002083 0.018519
0 0.044010 0.194907 0.007812 0.019444
0 0.422656 0.314352 0.004688 0.028704
0 0.439844 0.225000 0.003646 0.022222
0 0.139323 0.181944 0.006771 0.017593
0 0.505990 0.181481 0.001563 0.018519
0 0.952604 0.238426 0.009375 0.023148
0 0.412760 0.339352 0.004688 0.030556
1 0.228906 0.259259 0.020312 0.024074