1 0.234375 0.253704 0.019792 0.024074
8 0.748438 0.189352 0.012500 0.017593
2 0.609115 0.182870 0.045313 0.052778
7 0.379427 0.189815 0.014062 0.016667
2 0.694792 0.182870 0.050000 0.052778
1 0.650260 0.198611 0.030729 0.019444
1 0.565104 0.198611 0.028125 0.019444
0 0.289323 0.940278 0.022396 0.065741
0 0.433073 0.278704 0.003646 0.025926
0 0.449479 0.236574 0.003125 0.023148
0 0.935417 0.180093 0.007292 0.017593
0 0.433333 0.254630 0.004167 0.014815
0 0.437760 0.251852 0.003646 0.024074
0 0.530729 0.276852 0.003125 0.018519
0 0.536198 0.180093 0.002604 0.017593
0 0.443750 0.211111 0.003125 0.020370
0 0.930990 0.208333 0.007812 0.020370
0 0.497917 0.184259 0.002083 0.018519
0 0.050781 0.192130 0.007812 0.019444
0 0.424740 0.305556 0.004688 0.027778
0 0.441146 0.220833 0.003125 0.021296
0 0.144271 0.179167 0.006250 0.017593
0 0.506250 0.178704 0.002083 0.018519
0 0.943490 0.233333 0.008854 0.022222
0 0.415104 0.330093 0.005208 0.030556
1 0.234375 0.253704 0.019792 0.024074