1 0.242188 0.245833 0.018750 0.023148
8 0.746094 0.184722 0.011979 0.017593
2 0.606510 0.177778 0.044271 0.051852
7 0.385417 0.185185 0.013542 0.016667
2 0.690104 0.178241 0.048958 0.050926
1 0.646615 0.193519 0.029687 0.018519
1 0.563542 0.193519 0.028125 0.018519
0 0.311979 0.837963 0.018750 0.061111
0 0.435417 0.268056 0.004167 0.025000
0 0.451042 0.230556 0.003125 0.022222
0 0.926302 0.176389 0.006771 0.017593
0 0.435417 0.247222 0.004167 0.014815
0 0.439844 0.243056 0.003646 0.023148
0 0.529688 0.268056 0.003125 0.017593
0 0.536198 0.176389 0.002604 0.017593
0 0.445312 0.205556 0.003125 0.020370
0 0.920573 0.202778 0.007812 0.020370
0 0.498437 0.179167 0.002083 0.017593
0 0.060156 0.187037 0.007812 0.018519
0 0.427604 0.293056 0.004167 0.026852
0 0.442448 0.214815 0.002604 0.020370
0 0.151562 0.175000 0.006250 0.016667
0 0.506771 0.174537 0.002083 0.017593
0 0.930208 0.225463 0.008333 0.021296
0 0.418490 0.317593 0.004688 0.029630
1 0.242188 0.245833 0.018750 0.023148