1 0.237240 0.250926 0.019271 0.024074
8 0.747656 0.187963 0.011979 0.016667
2 0.608073 0.181019 0.045313 0.052778
7 0.381510 0.188889 0.014062 0.016667
2 0.693229 0.181481 0.050000 0.051852
1 0.649219 0.196759 0.030729 0.019444
1 0.564583 0.196759 0.028125 0.019444
0 0.297396 0.904167 0.020833 0.063889
0 0.433854 0.275000 0.004167 0.025926
0 0.450000 0.234259 0.003125 0.022222
0 0.932292 0.179167 0.007292 0.017593
0 0.433854 0.251852 0.004167 0.014815
0 0.438542 0.248611 0.003125 0.023148
0 0.530208 0.273611 0.003125 0.017593
0 0.536198 0.179167 0.002604 0.017593
0 0.444271 0.209259 0.003125 0.020370
0 0.927604 0.206481 0.007292 0.020370
0 0.497917 0.182407 0.002083 0.018519
0 0.053906 0.190741 0.007812 0.018519
0 0.425781 0.301389 0.004688 0.028704
0 0.441667 0.218981 0.003125 0.021296
0 0.146875 0.177778 0.006250 0.018519
0 0.506510 0.177315 0.001563 0.017593
0 0.939062 0.230556 0.009375 0.022222
0 0.416146 0.325926 0.005208 0.029630
1 0.237240 0.250926 0.019271 0.024074