1 0.185677 0.302315 0.025521 0.028704
8 0.762240 0.216667 0.014062 0.020370
2 0.624219 0.209722 0.052604 0.060185
7 0.343750 0.217130 0.016667 0.019444
2 0.722135 0.210185 0.058854 0.059259
1 0.671354 0.227778 0.035417 0.022222
1 0.574219 0.227778 0.032812 0.022222
0 0.417708 0.344907 0.005208 0.030556
0 0.440365 0.275000 0.003646 0.025926
0 0.987500 0.205093 0.009375 0.019444
0 0.422396 0.298611 0.005208 0.017593
0 0.425781 0.303704 0.004688 0.027778
0 0.537240 0.329167 0.003646 0.021296
0 0.536198 0.205093 0.002604 0.019444
0 0.435677 0.247685 0.003646 0.023148
0 0.994531 0.243981 0.009896 0.023148
0 0.493229 0.210185 0.002083 0.020370
0 0.406250 0.385648 0.006250 0.034259
0 0.432292 0.256019 0.004167 0.025000
0 0.102865 0.203704 0.007812 0.020370
0 0.503125 0.202778 0.002083 0.020370
0 0.394010 0.412037 0.006771 0.037037
1 0.185677 0.302315 0.025521 0.028704