1 0.203646 0.284722 0.022917 0.026852
8 0.757292 0.206944 0.013542 0.019444
2 0.618750 0.200000 0.050000 0.057407
7 0.356771 0.207407 0.015625 0.018519
2 0.712240 0.200000 0.055729 0.057407
1 0.663802 0.217130 0.033854 0.021296
1 0.570833 0.217130 0.031250 0.021296
0 0.423698 0.319907 0.004688 0.028704
0 0.443490 0.261111 0.003646 0.024074
0 0.968750 0.196296 0.008333 0.018519
0 0.426562 0.282407 0.005208 0.016667
0 0.430208 0.284259 0.004167 0.025926
0 0.534635 0.310185 0.003646 0.020370
0 0.536198 0.196296 0.002604 0.018519
0 0.438802 0.234259 0.003646 0.022222
0 0.971094 0.231019 0.008854 0.023148
0 0.494792 0.200463 0.002083 0.019444
0 0.014844 0.208333 0.008854 0.020370
0 0.413281 0.354630 0.005729 0.031481
0 0.435156 0.243056 0.003646 0.023148
0 0.117708 0.194907 0.007292 0.019444
0 0.504167 0.193981 0.002083 0.019444
0 0.994010 0.261574 0.010937 0.025000
0 0.402083 0.381019 0.006250 0.034259
1 0.203646 0.284722 0.022917 0.026852