1 0.196875 0.291204 0.023958 0.026852
8 0.759115 0.210648 0.014062 0.019444
2 0.620833 0.204167 0.051042 0.058333
7 0.351562 0.211111 0.015625 0.018519
2 0.716146 0.204167 0.057292 0.058333
1 0.666667 0.220833 0.034375 0.021296
1 0.572135 0.221296 0.031771 0.022222
0 0.421354 0.329167 0.005208 0.030556
0 0.442448 0.266204 0.003646 0.025000
0 0.975781 0.199537 0.008854 0.019444
0 0.425000 0.288889 0.005208 0.016667
0 0.428646 0.291667 0.004167 0.027778
0 0.535677 0.317130 0.003646 0.021296
0 0.536198 0.199537 0.002604 0.019444
0 0.437500 0.239352 0.003125 0.023148
0 0.979948 0.235648 0.008854 0.023148
0 0.494271 0.204167 0.002083 0.019444
0 0.007292 0.212037 0.009375 0.020370
0 0.410677 0.366204 0.005729 0.032407
0 0.434115 0.248148 0.003646 0.024074
0 0.111979 0.198611 0.007292 0.019444
0 0.504167 0.197685 0.002083 0.019444
0 0.398958 0.392593 0.006250 0.035185
1 0.196875 0.291204 0.023958 0.026852