1 0.193229 0.294907 0.023958 0.028704
8 0.760156 0.212500 0.014062 0.019444
2 0.622135 0.205556 0.051562 0.059259
7 0.349219 0.212963 0.016146 0.018519
2 0.717969 0.206019 0.057813 0.058333
1 0.667969 0.223148 0.034896 0.022222
1 0.572917 0.223148 0.032292 0.022222
0 0.420312 0.334259 0.005208 0.029630
0 0.441406 0.269444 0.003646 0.025926
0 0.979688 0.201389 0.008333 0.019444
0 0.424219 0.291667 0.004688 0.016667
0 0.427604 0.295370 0.004167 0.027778
0 0.536198 0.321296 0.003646 0.020370
0 0.536198 0.201389 0.002604 0.019444
0 0.436979 0.242130 0.003125 0.023148
0 0.984375 0.238426 0.009375 0.023148
0 0.494010 0.205556 0.002604 0.020370
0 0.003906 0.214352 0.007812 0.021296
0 0.409115 0.372222 0.005729 0.033333
0 0.433594 0.250926 0.003646 0.024074
0 0.503646 0.199537 0.002083 0.019444
0 0.397396 0.398611 0.006250 0.036111
1 0.193229 0.294907 0.023958 0.028704