1 0.200260 0.287963 0.023438 0.027778
8 0.758073 0.208796 0.014062 0.019444
2 0.619792 0.201852 0.051042 0.057407
7 0.354167 0.209259 0.015625 0.018519
2 0.714063 0.201852 0.056250 0.057407
1 0.665104 0.218981 0.034375 0.021296
1 0.571615 0.218981 0.031771 0.021296
0 0.422396 0.324074 0.005208 0.029630
0 0.442969 0.263426 0.003646 0.025000
0 0.972396 0.197685 0.008333 0.019444
0 0.425781 0.285185 0.004688 0.016667
0 0.429688 0.287500 0.004167 0.026852
0 0.535156 0.313889 0.003646 0.020370
0 0.536198 0.197685 0.002604 0.019444
0 0.438281 0.236574 0.003646 0.023148
0 0.975521 0.233333 0.009375 0.022222
0 0.494531 0.202315 0.002604 0.019444
0 0.011198 0.210185 0.008854 0.020370
0 0.411719 0.360648 0.005729 0.032407
0 0.434635 0.245833 0.003646 0.023148
0 0.115104 0.196759 0.007292 0.019444
0 0.504167 0.195833 0.002083 0.019444
0 0.996875 0.264815 0.006250 0.025926
0 0.400521 0.386574 0.006250 0.034259
1 0.200260 0.287963 0.023438 0.027778