1 0.210417 0.277778 0.021875 0.025926
8 0.755208 0.202778 0.013542 0.018519
2 0.616667 0.196296 0.048958 0.055556
7 0.361458 0.203704 0.015625 0.018519
2 0.708594 0.196759 0.054688 0.056481
1 0.660937 0.212963 0.033333 0.020370
1 0.569531 0.212963 0.030729 0.020370
0 0.425781 0.310648 0.004688 0.028704
0 0.444792 0.256019 0.003125 0.025000
0 0.961719 0.193056 0.007812 0.019444
0 0.427865 0.276389 0.004688 0.015741
0 0.432031 0.276852 0.003646 0.025926
0 0.533854 0.302778 0.003125 0.020370
0 0.536198 0.192593 0.002604 0.018519
0 0.439844 0.229630 0.003646 0.022222
0 0.962760 0.225926 0.008854 0.022222
0 0.495573 0.196759 0.002604 0.019444
0 0.022396 0.205093 0.008333 0.019444
0 0.415885 0.343519 0.005729 0.031481
0 0.436458 0.238426 0.003125 0.023148
0 0.123438 0.191667 0.007292 0.018519
0 0.504687 0.190741 0.002083 0.018519
0 0.983073 0.255556 0.010937 0.024074
0 0.404948 0.369444 0.005729 0.033333
1 0.210417 0.277778 0.021875 0.025926