1 0.137500 0.350926 0.031250 0.035185
8 0.774740 0.241204 0.016146 0.021296
2 0.638542 0.235185 0.059375 0.066667
7 0.310937 0.241667 0.018750 0.020370
2 0.747656 0.235185 0.067188 0.066667
1 0.690365 0.254630 0.040104 0.025926
1 0.582552 0.254630 0.036979 0.025926
0 0.401302 0.415741 0.006771 0.037037
0 0.431771 0.311574 0.004167 0.028704
0 0.411979 0.341204 0.006250 0.019444
0 0.413542 0.356944 0.005208 0.032407
0 0.544271 0.388426 0.006250 0.025000
0 0.536979 0.227778 0.003125 0.022222
0 0.427083 0.281944 0.004167 0.026852
0 0.489323 0.233333 0.002604 0.022222
0 0.385417 0.474537 0.008333 0.039815
0 0.424740 0.288426 0.004688 0.026852
0 0.065625 0.225926 0.009375 0.022222
0 0.500521 0.224537 0.002083 0.021296
0 0.371875 0.500000 0.009375 0.042593
1 0.137500 0.350926 0.031250 0.035185