1 0.169792 0.318981 0.027083 0.030556
8 0.766406 0.225000 0.015104 0.020370
2 0.629167 0.218519 0.055208 0.062963
7 0.332552 0.225463 0.017188 0.019444
2 0.730990 0.218981 0.061979 0.062037
1 0.677865 0.236574 0.036979 0.023148
1 0.577083 0.237037 0.034375 0.024074
0 0.412500 0.368056 0.006250 0.032407
0 0.437240 0.287500 0.003646 0.026852
0 0.999479 0.212963 0.001042 0.020370
0 0.419010 0.312963 0.005729 0.018519
0 0.421875 0.321296 0.005208 0.029630
0 0.539583 0.347222 0.004167 0.022222
0 0.536458 0.212963 0.003125 0.020370
0 0.432552 0.259259 0.003646 0.024074
0 0.491927 0.218056 0.002604 0.021296
0 0.399219 0.414352 0.006771 0.036111
0 0.429688 0.267130 0.004167 0.025000
0 0.090104 0.211111 0.008333 0.020370
0 0.502344 0.210185 0.002604 0.020370
0 0.386979 0.440278 0.007292 0.037963
1 0.169792 0.318981 0.027083 0.030556