1 0.160938 0.326852 0.028125 0.031481
8 0.768490 0.229167 0.015104 0.021296
2 0.631771 0.222685 0.056250 0.063889
7 0.326562 0.230093 0.017708 0.019444
2 0.735417 0.223148 0.063542 0.062963
1 0.680990 0.241667 0.038021 0.024074
1 0.578385 0.241667 0.034896 0.024074
0 0.409635 0.380093 0.005729 0.034259
0 0.435937 0.293981 0.004167 0.026852
0 0.417188 0.320370 0.005208 0.018519
0 0.419792 0.330556 0.005208 0.029630
0 0.540625 0.357407 0.005208 0.024074
0 0.536458 0.217130 0.003125 0.021296
0 0.431250 0.265278 0.004167 0.025000
0 0.491146 0.221759 0.002083 0.021296
0 0.395833 0.429630 0.007292 0.037037
0 0.428385 0.272685 0.004688 0.025000
0 0.083594 0.215278 0.008854 0.021296
0 0.501823 0.214352 0.002604 0.021296
0 0.383073 0.455556 0.007812 0.038889
1 0.160938 0.326852 0.028125 0.031481