1 0.152083 0.336111 0.029167 0.033333
8 0.770833 0.233796 0.015625 0.021296
2 0.634115 0.227778 0.057813 0.064815
7 0.320573 0.234259 0.018229 0.020370
2 0.739844 0.227778 0.065104 0.064815
1 0.684635 0.246296 0.039062 0.024074
1 0.580208 0.246759 0.035417 0.025000
0 0.406771 0.393519 0.006250 0.035185
0 0.434375 0.300463 0.004167 0.028704
0 0.415365 0.327778 0.005729 0.018519
0 0.417188 0.340278 0.005208 0.030556
0 0.541927 0.368981 0.004688 0.023148
0 0.536458 0.220833 0.003125 0.021296
0 0.429688 0.271759 0.004167 0.025000
0 0.490365 0.226389 0.002604 0.021296
0 0.391927 0.446296 0.007812 0.038889
0 0.426823 0.278704 0.004688 0.025926
0 0.501302 0.218056 0.002604 0.021296
0 0.378906 0.472222 0.007812 0.040741
1 0.152083 0.336111 0.029167 0.033333