1 0.157031 0.331481 0.028646 0.031481
8 0.769792 0.231481 0.015625 0.020370
2 0.633073 0.225463 0.056771 0.063889
7 0.323698 0.232407 0.018229 0.020370
2 0.737760 0.225463 0.064062 0.063889
1 0.682813 0.243981 0.038542 0.023148
1 0.579167 0.244444 0.035417 0.024074
0 0.408333 0.386574 0.006250 0.034259
0 0.434896 0.297222 0.004167 0.027778
0 0.416406 0.324074 0.005729 0.018519
0 0.418750 0.335648 0.005208 0.030556
0 0.541406 0.362963 0.004688 0.024074
0 0.536458 0.218981 0.003125 0.021296
0 0.430469 0.268056 0.003646 0.025000
0 0.490885 0.224074 0.002604 0.022222
0 0.393750 0.437500 0.007292 0.037963
0 0.427604 0.275926 0.004167 0.025926
0 0.080208 0.217130 0.008333 0.021296
0 0.501562 0.216204 0.002083 0.021296
0 0.380990 0.463426 0.007812 0.039815
1 0.157031 0.331481 0.028646 0.031481