1 0.142708 0.345833 0.030208 0.034259
8 0.773438 0.238426 0.015625 0.021296
2 0.637240 0.232407 0.058854 0.066667
7 0.314323 0.239352 0.018229 0.021296
2 0.744792 0.232870 0.066667 0.065741
1 0.688542 0.251852 0.039583 0.024074
1 0.581771 0.252315 0.036458 0.025000
0 0.403385 0.407870 0.006771 0.036111
0 0.432552 0.307870 0.004688 0.028704
0 0.413281 0.336574 0.005729 0.019444
0 0.414844 0.350926 0.005729 0.031481
0 0.543490 0.381944 0.005729 0.025000
0 0.536719 0.225463 0.003646 0.021296
0 0.427865 0.278704 0.004688 0.025926
0 0.489583 0.230556 0.002083 0.022222
0 0.387760 0.464352 0.007812 0.039815
0 0.425260 0.284722 0.004688 0.026852
0 0.069531 0.223611 0.008854 0.021296
0 0.500781 0.222685 0.002604 0.021296
0 0.374219 0.490278 0.008854 0.041667
1 0.142708 0.345833 0.030208 0.034259