1 0.097656 0.390741 0.036979 0.038889
2 0.649479 0.254630 0.065625 0.072222
7 0.285937 0.260648 0.020833 0.023148
2 0.767187 0.254630 0.073958 0.072222
1 0.705208 0.275463 0.043750 0.026852
1 0.589063 0.275926 0.039583 0.027778
0 0.386979 0.478704 0.008333 0.040741
0 0.424740 0.340278 0.004688 0.030556
0 0.403385 0.374537 0.006771 0.021296
0 0.403125 0.401852 0.006250 0.035185
0 0.148438 0.293056 0.008333 0.019444
0 0.550260 0.441667 0.005729 0.027778
0 0.537240 0.244907 0.003646 0.023148
0 0.420052 0.308796 0.004688 0.028704
0 0.485938 0.250926 0.003125 0.024074
0 0.366406 0.556481 0.009896 0.046296
0 0.418229 0.313889 0.005208 0.029630
0 0.037240 0.243056 0.009896 0.023148
0 0.498177 0.241204 0.002604 0.023148
0 0.351823 0.579167 0.010937 0.047222
1 0.097656 0.390741 0.036979 0.038889