1 0.121354 0.367130 0.033333 0.036111
8 0.778646 0.249074 0.016667 0.022222
2 0.642969 0.243056 0.061979 0.069444
7 0.300781 0.249537 0.019271 0.021296
2 0.755469 0.243519 0.070312 0.068519
1 0.696615 0.262963 0.042188 0.025926
1 0.585156 0.263426 0.038021 0.026852
0 0.395833 0.440741 0.007292 0.038889
0 0.428906 0.323148 0.004688 0.029630
0 0.408854 0.354630 0.006250 0.020370
0 0.409635 0.375000 0.005729 0.033333
0 0.546615 0.409722 0.005729 0.026852
0 0.536979 0.234722 0.003125 0.023148
0 0.424219 0.293056 0.004688 0.026852
0 0.487760 0.240278 0.002604 0.023148
0 0.377865 0.506481 0.008854 0.042593
0 0.422135 0.299074 0.004688 0.027778
0 0.054167 0.233333 0.009375 0.022222
0 0.499479 0.231481 0.002083 0.022222
0 0.363802 0.531482 0.009896 0.044444
1 0.121354 0.367130 0.033333 0.036111