1 0.022135 0.472222 0.044271 0.050000
8 0.807031 0.297222 0.020312 0.025926
2 0.674740 0.293056 0.076563 0.082407
7 0.242448 0.295833 0.024479 0.025000
2 0.809635 0.293981 0.089062 0.082407
1 0.738021 0.316667 0.052083 0.031481
1 0.604948 0.316204 0.046354 0.032407
0 0.356771 0.623148 0.012500 0.050000
0 0.414323 0.397222 0.005729 0.035185
0 0.390104 0.443056 0.008333 0.025000
0 0.384115 0.498148 0.008854 0.042593
0 0.107552 0.337037 0.009896 0.022222
0 0.566927 0.562037 0.007812 0.033333
0 0.541406 0.277778 0.003646 0.025926
0 0.410937 0.361574 0.005208 0.032407
0 0.483333 0.284722 0.003125 0.026852
0 0.322917 0.759259 0.015625 0.057407
0 0.408854 0.365741 0.006250 0.033333
0 0.497656 0.272685 0.002604 0.025000
0 0.306250 0.767593 0.016667 0.059259
1 0.022135 0.472222 0.044271 0.050000