1 0.066146 0.424074 0.041667 0.042593
8 0.794010 0.275926 0.018229 0.024074
2 0.660156 0.270833 0.070312 0.076852
7 0.267708 0.275463 0.021875 0.023148
2 0.785156 0.271759 0.080729 0.076852
1 0.719271 0.292593 0.046875 0.029630
1 0.595833 0.292593 0.042708 0.029630
0 0.375260 0.535185 0.009896 0.044444
0 0.420312 0.363889 0.005208 0.033333
0 0.397917 0.403241 0.007292 0.023148
0 0.395833 0.440278 0.007292 0.037963
0 0.131510 0.311111 0.008854 0.020370
0 0.557031 0.489352 0.006771 0.030556
0 0.538802 0.258796 0.003646 0.025000
0 0.416667 0.331019 0.005208 0.030556
0 0.485156 0.265278 0.002604 0.025000
0 0.350000 0.632870 0.012500 0.050926
0 0.414844 0.335648 0.005729 0.030556
0 0.498177 0.254630 0.002604 0.024074
0 0.334375 0.651852 0.013542 0.051852
1 0.066146 0.424074 0.041667 0.042593