1 0.046094 0.446296 0.045313 0.046296
8 0.801823 0.286574 0.019271 0.025000
2 0.668490 0.281481 0.073437 0.079630
7 0.257031 0.284722 0.023438 0.025000
2 0.798437 0.282407 0.084375 0.079630
1 0.729427 0.304167 0.049479 0.030556
1 0.601302 0.304167 0.044271 0.030556
0 0.367969 0.575463 0.010937 0.047222
0 0.418750 0.379630 0.005208 0.033333
0 0.395573 0.421759 0.007812 0.023148
0 0.391406 0.467130 0.007812 0.039815
0 0.121875 0.323148 0.009375 0.020370
0 0.562760 0.523148 0.006771 0.031481
0 0.541406 0.268056 0.003646 0.025000
0 0.415104 0.345370 0.005208 0.031481
0 0.485417 0.275000 0.003125 0.025926
0 0.338802 0.689815 0.014062 0.053704
0 0.413281 0.349537 0.005729 0.032407
0 0.499219 0.263426 0.002604 0.025000
0 0.322917 0.704167 0.014583 0.054630
1 0.046094 0.446296 0.045313 0.046296