1 0.071875 0.417593 0.040625 0.042593
2 0.657292 0.267593 0.068750 0.075926
7 0.270833 0.272685 0.021875 0.023148
2 0.780729 0.267593 0.079167 0.075926
1 0.715885 0.288889 0.046354 0.029630
1 0.593750 0.288889 0.041667 0.029630
0 0.377604 0.522685 0.009375 0.043519
0 0.420833 0.358796 0.005208 0.032407
0 0.398958 0.397222 0.007292 0.022222
0 0.396875 0.431944 0.007292 0.037963
0 0.134635 0.307407 0.008854 0.020370
0 0.555208 0.478704 0.006250 0.029630
0 0.538281 0.255556 0.003646 0.024074
0 0.416927 0.326389 0.004688 0.030556
0 0.484896 0.262500 0.003125 0.025000
0 0.353125 0.615741 0.011458 0.050000
0 0.415104 0.331019 0.005208 0.030556
0 0.497656 0.251852 0.002604 0.024074
0 0.338021 0.635648 0.012500 0.050926
1 0.071875 0.417593 0.040625 0.042593