1 0.059896 0.431019 0.042708 0.043519
8 0.796875 0.279167 0.018750 0.025000
2 0.663281 0.274537 0.071354 0.078704
7 0.264583 0.278704 0.022917 0.024074
2 0.789844 0.275000 0.081771 0.077778
1 0.722917 0.296296 0.047917 0.029630
1 0.597917 0.296296 0.042708 0.029630
0 0.373177 0.547685 0.009896 0.045370
0 0.420312 0.368981 0.005208 0.034259
0 0.397656 0.408796 0.007812 0.023148
0 0.394792 0.449074 0.007292 0.038889
0 0.128906 0.314815 0.008854 0.020370
0 0.559115 0.500463 0.006771 0.030556
0 0.540104 0.261574 0.004167 0.025000
0 0.416406 0.335648 0.004688 0.030556
0 0.485417 0.268519 0.003125 0.025926
0 0.346615 0.650926 0.013021 0.051852
0 0.414844 0.339815 0.005729 0.031481
0 0.498698 0.257407 0.002604 0.024074
0 0.330990 0.668519 0.014062 0.053704
1 0.059896 0.431019 0.042708 0.043519