8 0.805729 0.309722 0.020833 0.026852
2 0.676302 0.308333 0.080729 0.087037
7 0.213802 0.312963 0.026563 0.025926
2 0.816927 0.308333 0.093229 0.087037
1 0.742188 0.331944 0.054167 0.034259
1 0.603385 0.332870 0.048437 0.034259
0 0.333333 0.701389 0.014583 0.054630
0 0.401563 0.423148 0.006250 0.037037
0 0.376042 0.475000 0.009375 0.025926
0 0.366927 0.546759 0.009896 0.045370
0 0.077083 0.360648 0.011458 0.023148
0 0.568229 0.620370 0.008333 0.037037
0 0.534896 0.291204 0.004167 0.026852
0 0.399219 0.385648 0.006771 0.034259
0 0.474219 0.299074 0.003646 0.027778
0 0.291667 0.876389 0.019792 0.063889
0 0.396615 0.390278 0.006771 0.034259
0 0.489062 0.285648 0.003125 0.026852
0 0.274219 0.872222 0.020312 0.064815