8 0.808073 0.317593 0.021354 0.027778
2 0.679688 0.316667 0.083333 0.088889
7 0.200781 0.321759 0.027604 0.026852
2 0.823698 0.316204 0.096354 0.089815
1 0.747135 0.340741 0.055729 0.035185
1 0.604688 0.342130 0.050000 0.036111
0 0.321094 0.747685 0.016146 0.056481
0 0.396615 0.437963 0.006771 0.038889
0 0.370313 0.493056 0.009375 0.026852
0 0.359115 0.574537 0.010937 0.047222
0 0.063281 0.372222 0.011979 0.024074
0 0.570573 0.655093 0.008854 0.037963
0 0.533333 0.298148 0.004167 0.027778
0 0.394792 0.398611 0.007292 0.036111
0 0.471094 0.307407 0.003646 0.027778
0 0.273958 0.948611 0.022917 0.067593
0 0.391667 0.403704 0.007292 0.035185
0 0.486719 0.293056 0.003646 0.026852
0 0.256510 0.935185 0.022396 0.068519