1 0.004688 0.505556 0.009375 0.053704
8 0.806250 0.306944 0.020833 0.026852
2 0.675781 0.304167 0.079687 0.086111
7 0.221354 0.308333 0.026042 0.025926
2 0.814844 0.304167 0.092188 0.086111
1 0.741146 0.327778 0.053125 0.033333
1 0.603646 0.328241 0.047917 0.034259
0 0.339583 0.680093 0.013542 0.052778
0 0.404687 0.416667 0.006250 0.037037
0 0.379687 0.466667 0.009375 0.025926
0 0.371615 0.534259 0.009896 0.044444
0 0.085156 0.354167 0.010937 0.023148
0 0.567708 0.604630 0.008333 0.035185
0 0.536458 0.287500 0.004167 0.026852
0 0.402083 0.379167 0.006250 0.034259
0 0.476562 0.295833 0.003125 0.026852
0 0.300000 0.843982 0.018750 0.062037
0 0.399740 0.383796 0.006771 0.034259
0 0.491146 0.282407 0.003125 0.025926
0 0.283073 0.843518 0.019271 0.062963
1 0.004688 0.505556 0.009375 0.053704