8 0.823958 0.337500 0.022917 0.028704
2 0.696094 0.336574 0.090104 0.095370
7 0.183333 0.338426 0.029167 0.028704
2 0.850000 0.337500 0.105208 0.095370
1 0.767708 0.362963 0.060417 0.037037
1 0.616146 0.363426 0.053125 0.037963
0 0.299740 0.855556 0.019271 0.061111
0 0.394271 0.467593 0.007292 0.040741
0 0.365365 0.530093 0.010937 0.028704
0 0.348958 0.636111 0.012500 0.050000
0 0.047656 0.393056 0.013021 0.025000
0 0.583854 0.738426 0.010417 0.041667
0 0.538802 0.314815 0.004688 0.029630
0 0.394010 0.426852 0.007812 0.038889
0 0.473177 0.324074 0.003646 0.029630
0 0.389062 0.431019 0.007292 0.037963
0 0.489844 0.307870 0.003646 0.028704