8 0.835156 0.349074 0.024479 0.029630
2 0.707552 0.348611 0.094271 0.099074
7 0.177083 0.345370 0.030208 0.029630
2 0.867708 0.350463 0.111458 0.099074
1 0.781510 0.375926 0.063021 0.038889
1 0.624479 0.375000 0.055208 0.038889
0 0.288021 0.920370 0.021875 0.064815
0 0.394792 0.483796 0.007292 0.041667
0 0.364323 0.550463 0.010937 0.030556
0 0.344792 0.670833 0.013542 0.052778
0 0.042708 0.402778 0.013542 0.025926
0 0.593229 0.789352 0.011458 0.043519
0 0.544010 0.323611 0.004688 0.030556
0 0.395312 0.441667 0.008333 0.038889
0 0.476302 0.332870 0.003646 0.030556
0 0.389583 0.446296 0.007292 0.038889
0 0.493490 0.316204 0.003646 0.028704