8 0.808854 0.322222 0.021875 0.027778
2 0.681250 0.320833 0.084375 0.089815
7 0.193750 0.326852 0.028125 0.027778
2 0.827083 0.320370 0.097917 0.090741
1 0.749479 0.345370 0.056250 0.035185
1 0.605469 0.346759 0.050521 0.036111
0 0.314844 0.773611 0.017188 0.058333
0 0.394010 0.445370 0.006771 0.038889
0 0.366927 0.501852 0.009896 0.027778
0 0.354948 0.589815 0.010937 0.048148
0 0.055990 0.378704 0.011979 0.024074
0 0.572135 0.674074 0.008854 0.038889
0 0.532812 0.302315 0.004167 0.028704
0 0.392708 0.405556 0.007292 0.037037
0 0.469531 0.311574 0.003646 0.028704
0 0.264062 0.977315 0.023958 0.045370
0 0.389062 0.410648 0.007292 0.036111
0 0.485417 0.296759 0.003125 0.026852
0 0.246875 0.967593 0.023958 0.064815