8 0.845052 0.370370 0.025521 0.031481
2 0.719792 0.371296 0.101042 0.105556
7 0.148438 0.367130 0.032292 0.030556
2 0.890104 0.373148 0.120833 0.105556
1 0.798177 0.400000 0.068229 0.042593
1 0.631510 0.399074 0.058854 0.042593
0 0.384896 0.522222 0.008333 0.044444
0 0.352083 0.598611 0.012500 0.032407
0 0.324219 0.759259 0.016146 0.057407
0 0.012760 0.431944 0.015104 0.026852
0 0.607031 0.911111 0.014062 0.048148
0 0.543490 0.342593 0.004688 0.031481
0 0.387500 0.477315 0.009375 0.041667
0 0.472396 0.352315 0.004167 0.032407
0 0.380469 0.481019 0.007812 0.041667
0 0.490365 0.333796 0.003646 0.030556