8 0.839063 0.359259 0.025000 0.029630
2 0.712760 0.359259 0.097396 0.101852
7 0.162500 0.356019 0.031250 0.030556
2 0.877344 0.361111 0.115104 0.101852
1 0.788802 0.387037 0.065104 0.040741
1 0.627344 0.386574 0.056771 0.039815
0 0.269271 0.982870 0.025000 0.034259
0 0.389323 0.501852 0.007812 0.042593
0 0.357812 0.573148 0.011458 0.031481
0 0.334896 0.712500 0.014583 0.054630
0 0.027344 0.417130 0.014062 0.026852
0 0.599219 0.845370 0.013021 0.046296
0 0.542969 0.332870 0.004688 0.030556
0 0.391406 0.458796 0.008854 0.041667
0 0.473698 0.342130 0.003646 0.030556
0 0.384635 0.462500 0.007812 0.039815
0 0.491406 0.325000 0.003646 0.029630