8 0.837240 0.354167 0.024479 0.030556
2 0.709896 0.354167 0.095833 0.100926
7 0.170052 0.350926 0.030729 0.029630
2 0.872656 0.355556 0.113021 0.100000
1 0.785156 0.381019 0.064062 0.039815
1 0.625781 0.381019 0.055729 0.039815
0 0.279167 0.957870 0.022917 0.065741
0 0.392188 0.492593 0.007292 0.042593
0 0.361458 0.561574 0.011458 0.030556
0 0.339844 0.690741 0.014062 0.053704
0 0.035156 0.409722 0.014062 0.025000
0 0.596094 0.816204 0.011979 0.045370
0 0.543490 0.328241 0.004688 0.030556
0 0.393490 0.450000 0.008854 0.040741
0 0.475260 0.337500 0.003646 0.030556
0 0.387240 0.454167 0.007812 0.039815
0 0.492448 0.320370 0.003646 0.029630