8 0.861198 0.401389 0.028646 0.032407
2 0.739583 0.405556 0.112500 0.114815
7 0.108594 0.397222 0.035937 0.033333
2 0.925000 0.407407 0.135417 0.114815
1 0.824219 0.436111 0.075521 0.046296
1 0.642708 0.435185 0.064583 0.046296
0 0.371615 0.579630 0.009896 0.048148
0 0.333854 0.674074 0.014583 0.037037
0 0.289844 0.909259 0.021354 0.064815
0 0.544271 0.369444 0.005208 0.033333
0 0.376563 0.532407 0.010417 0.046296
0 0.467448 0.381019 0.004688 0.034259
0 0.367708 0.532407 0.009375 0.044444
0 0.487500 0.359722 0.004167 0.032407