8 0.868229 0.414815 0.029167 0.033333
2 0.748438 0.420370 0.117708 0.120370
7 0.091406 0.410185 0.038021 0.035185
2 0.934896 0.422685 0.130208 0.119444
1 0.835677 0.451852 0.078646 0.048148
1 0.647917 0.450926 0.067708 0.048148
0 0.366146 0.605093 0.010417 0.049074
0 0.325521 0.707870 0.015625 0.037963
0 0.272656 0.975463 0.024479 0.049074
0 0.544792 0.381019 0.005208 0.034259
0 0.372135 0.557407 0.010937 0.048148
0 0.465625 0.393056 0.005208 0.034259
0 0.362240 0.554630 0.009896 0.046296
0 0.485938 0.370370 0.004167 0.033333