1 0.003646 0.742130 0.007292 0.087963
1 0.191667 0.406944 0.040625 0.069444
7 0.433333 0.457407 0.016667 0.053704
7 0.231250 0.178241 0.013542 0.015741
7 0.273438 0.168056 0.013542 0.015741
1 0.358854 0.206019 0.015625 0.026852
7 0.355990 0.194907 0.006771 0.019444
0 0.191667 0.187037 0.005208 0.018519
0 0.114583 0.313426 0.009375 0.019444
0 0.382031 0.186111 0.003646 0.018519
0 0.215885 0.187963 0.004688 0.011111
0 0.272135 0.162500 0.004688 0.015741
0 0.296354 0.173611 0.004167 0.017593
0 0.325781 0.598148 0.009896 0.037037
0 0.387500 0.166667 0.003125 0.016667
0 0.393229 0.263426 0.005208 0.025000
0 0.133073 0.301389 0.009896 0.028704
0 0.434115 0.326389 0.004688 0.030556
0 0.306510 0.239352 0.004688 0.023148
1 0.191667 0.406944 0.040625 0.069444
1 0.003646 0.742130 0.007292 0.087963