1 0.071354 0.430093 0.044792 0.075000
7 0.343750 0.445370 0.019792 0.051852
7 0.086458 0.196296 0.016667 0.018519
7 0.142969 0.181019 0.016146 0.017593
1 0.239323 0.212963 0.019271 0.027778
7 0.235156 0.202778 0.008854 0.020370
0 0.040365 0.208333 0.007812 0.020370
0 0.263281 0.192130 0.004688 0.019444
0 0.135156 0.176389 0.005729 0.017593
0 0.242188 0.573611 0.011458 0.036111
0 0.269271 0.171759 0.004167 0.017593
0 0.281771 0.264352 0.006250 0.025000
0 0.329948 0.318519 0.006771 0.029630
0 0.917188 0.325926 0.012500 0.029630
0 0.184115 0.250926 0.006771 0.024074
1 0.071354 0.430093 0.044792 0.075000