1 0.158594 0.408796 0.041146 0.069444
7 0.406250 0.449074 0.017708 0.053704
7 0.189844 0.181944 0.014062 0.015741
7 0.236198 0.170370 0.014062 0.016667
1 0.323438 0.206019 0.016667 0.026852
7 0.319792 0.195833 0.007292 0.019444
0 0.071094 0.320833 0.009896 0.019444
0 0.346615 0.186111 0.003646 0.018519
0 0.174740 0.191667 0.004688 0.011111
0 0.258073 0.176389 0.004688 0.017593
0 0.302344 0.581019 0.009896 0.036111
0 0.352083 0.166667 0.003125 0.016667
0 0.359635 0.260648 0.005729 0.025000
0 0.090885 0.307870 0.010937 0.028704
0 0.402604 0.320370 0.005208 0.029630
0 0.270833 0.240278 0.005208 0.023148
1 0.158594 0.408796 0.041146 0.069444