1 0.179167 0.406019 0.040625 0.069444
7 0.422396 0.452778 0.016667 0.053704
7 0.214844 0.179167 0.013021 0.015741
7 0.258854 0.168981 0.013542 0.015741
1 0.344531 0.205093 0.016146 0.026852
7 0.341406 0.194907 0.006771 0.019444
0 0.175260 0.187963 0.005729 0.018519
0 0.097917 0.315741 0.009375 0.018519
0 0.367708 0.186111 0.003125 0.018519
0 0.199740 0.188889 0.004688 0.011111
0 0.281250 0.174537 0.004167 0.017593
0 0.316927 0.588426 0.009896 0.036111
0 0.373177 0.166667 0.002604 0.016667
0 0.379687 0.261574 0.005208 0.025000
0 0.116927 0.303241 0.009896 0.028704
0 0.421354 0.323148 0.005208 0.029630
0 0.292188 0.239352 0.005208 0.023148
1 0.179167 0.406019 0.040625 0.069444