1 0.195312 0.416204 0.042708 0.071296
7 0.440104 0.469907 0.016667 0.056481
7 0.241667 0.179167 0.013542 0.015741
1 0.368750 0.208333 0.015625 0.027778
7 0.365885 0.197685 0.006771 0.019444
0 0.201562 0.187500 0.005208 0.019444
0 0.122396 0.316667 0.009375 0.018519
0 0.392448 0.188426 0.003646 0.019444
0 0.306771 0.175463 0.004167 0.017593
0 0.327604 0.626389 0.010417 0.037963
0 0.397396 0.168519 0.003125 0.016667
0 0.402865 0.268519 0.004688 0.025926
0 0.141406 0.305093 0.009896 0.028704
0 0.443490 0.335648 0.004688 0.030556
0 0.315365 0.243056 0.004688 0.023148
1 0.195312 0.416204 0.042708 0.071296