1 0.180469 0.437500 0.046354 0.076852
7 0.435156 0.490278 0.017188 0.060185
7 0.277344 0.173148 0.014062 0.016667
1 0.366146 0.213889 0.015625 0.027778
7 0.363281 0.202778 0.006771 0.020370
0 0.194531 0.192130 0.005729 0.019444
0 0.110156 0.329167 0.009896 0.019444
0 0.390625 0.193056 0.003125 0.019444
0 0.303125 0.179167 0.004167 0.017593
0 0.314844 0.680093 0.010937 0.041667
0 0.394792 0.172685 0.003125 0.017593
0 0.400521 0.278241 0.005208 0.026852
0 0.130208 0.316667 0.010417 0.029630
0 0.441927 0.350926 0.004688 0.031481
0 0.310417 0.251852 0.005208 0.024074
1 0.180469 0.437500 0.046354 0.076852