1 0.223698 0.444907 0.047396 0.076852
7 0.475781 0.517593 0.016146 0.062963
1 0.420052 0.217130 0.015104 0.028704
7 0.417708 0.205556 0.006250 0.020370
0 0.254948 0.187963 0.004688 0.018519
0 0.169792 0.323611 0.009375 0.019444
0 0.445052 0.196759 0.002604 0.019444
0 0.359896 0.178241 0.003125 0.017593
0 0.339844 0.743981 0.011979 0.043519
0 0.449219 0.175463 0.002604 0.017593
0 0.452083 0.288889 0.004167 0.027778
0 0.188542 0.312037 0.009375 0.029630
0 0.491146 0.371759 0.004167 0.034259
0 0.362760 0.255093 0.004688 0.025000
1 0.223698 0.444907 0.047396 0.076852