1 0.187760 0.429167 0.045313 0.075000
7 0.438281 0.482870 0.017188 0.058333
7 0.280729 0.171759 0.013542 0.015741
1 0.368750 0.212037 0.015625 0.027778
7 0.365885 0.200926 0.006771 0.020370
0 0.199219 0.190278 0.005729 0.019444
0 0.116927 0.324074 0.009896 0.018519
0 0.392969 0.191204 0.003646 0.019444
0 0.306250 0.177315 0.004167 0.017593
0 0.320833 0.660648 0.010417 0.039815
0 0.397656 0.171296 0.002604 0.016667
0 0.403125 0.275000 0.005208 0.025926
0 0.136458 0.311574 0.010417 0.028704
0 0.444271 0.345370 0.005208 0.031481
0 0.314063 0.248148 0.005208 0.024074
1 0.187760 0.429167 0.045313 0.075000