1 0.232552 0.453704 0.049479 0.079630
7 0.487500 0.532870 0.015625 0.065741
7 0.351562 0.172685 0.012500 0.015741
1 0.435417 0.220370 0.014583 0.029630
7 0.433333 0.208333 0.006250 0.020370
0 0.270573 0.188889 0.004688 0.018519
0 0.183594 0.325926 0.008854 0.018519
0 0.461198 0.199074 0.002604 0.020370
0 0.375521 0.179630 0.003125 0.018519
0 0.342969 0.785648 0.013021 0.045370
0 0.464844 0.178241 0.002604 0.017593
0 0.467187 0.295370 0.004167 0.027778
0 0.001042 0.186111 0.002083 0.011111
0 0.202865 0.314352 0.008854 0.028704
0 0.506250 0.383796 0.004167 0.034259
0 0.377083 0.259259 0.004167 0.024074
1 0.232552 0.453704 0.049479 0.079630