1 0.199219 0.448148 0.048437 0.079630
7 0.455469 0.510648 0.017188 0.062037
1 0.394271 0.217130 0.015625 0.028704
7 0.391667 0.205556 0.006250 0.020370
0 0.225000 0.191204 0.005208 0.019444
0 0.139062 0.329167 0.009375 0.019444
0 0.419271 0.195833 0.003125 0.019444
0 0.332552 0.179630 0.003646 0.018519
0 0.324219 0.731481 0.011979 0.042593
0 0.423177 0.175463 0.002604 0.017593
0 0.427344 0.286574 0.004688 0.026852
0 0.158594 0.317130 0.009896 0.028704
0 0.467969 0.366667 0.004688 0.033333
0 0.337240 0.255556 0.004688 0.024074
1 0.199219 0.448148 0.048437 0.079630