1 0.178646 0.450463 0.048958 0.080556
7 0.438281 0.504630 0.017188 0.061111
7 0.283594 0.175000 0.014062 0.016667
1 0.372396 0.217130 0.015625 0.028704
7 0.369531 0.205556 0.006771 0.020370
0 0.199479 0.193981 0.005208 0.019444
0 0.112500 0.334259 0.010417 0.020370
0 0.397135 0.195833 0.003646 0.019444
0 0.309375 0.181019 0.004167 0.017593
0 0.311198 0.718518 0.011979 0.042593
0 0.401042 0.174537 0.003125 0.017593
0 0.406771 0.284722 0.005208 0.026852
0 0.132812 0.321296 0.010417 0.029630
0 0.447917 0.361574 0.005208 0.032407
0 0.315625 0.256019 0.005208 0.025000
1 0.178646 0.450463 0.048958 0.080556