1 0.192708 0.514352 0.060417 0.095370
7 0.477865 0.590278 0.017188 0.075000
7 0.339063 0.181481 0.013542 0.016667
1 0.426302 0.234259 0.015104 0.031481
7 0.424219 0.220370 0.006771 0.022222
0 0.251042 0.199537 0.005208 0.019444
0 0.152865 0.356481 0.010937 0.020370
0 0.453646 0.210185 0.003125 0.020370
0 0.363802 0.188889 0.003646 0.018519
0 0.301042 0.979630 0.017708 0.040741
0 0.456250 0.187500 0.003125 0.019444
0 0.460156 0.321296 0.004688 0.029630
0 0.174479 0.343519 0.010417 0.031481
0 0.502083 0.427315 0.005208 0.037963
0 0.363021 0.279630 0.005208 0.025926
1 0.192708 0.514352 0.060417 0.095370