1 0.125260 0.632870 0.085938 0.130556
7 0.469010 0.704630 0.020312 0.094444
7 0.284896 0.206019 0.014583 0.017593
7 0.330208 0.195370 0.014583 0.018519
1 0.421875 0.256944 0.016667 0.036111
7 0.420052 0.240741 0.006771 0.024074
0 0.110677 0.408333 0.013021 0.024074
0 0.451562 0.228241 0.003125 0.021296
0 0.327083 0.187037 0.004167 0.018519
0 0.355729 0.203704 0.004167 0.020370
0 0.453125 0.203704 0.003125 0.020370
0 0.458333 0.368056 0.005208 0.034259
0 0.136458 0.392593 0.013542 0.035185
0 0.504948 0.511574 0.005729 0.043519
0 0.349479 0.315278 0.006250 0.028704
1 0.125260 0.632870 0.085938 0.130556