1 0.091146 0.723611 0.107292 0.158333
7 0.478385 0.806481 0.021354 0.112963
7 0.301042 0.213889 0.014583 0.018519
7 0.347656 0.202778 0.015104 0.018519
1 0.440625 0.273148 0.016667 0.038889
7 0.438802 0.255093 0.006771 0.025000
0 0.242708 0.225000 0.006250 0.022222
0 0.107292 0.438426 0.014583 0.025000
0 0.472396 0.241204 0.003125 0.023148
0 0.343750 0.194444 0.004167 0.018519
0 0.373437 0.212500 0.004167 0.021296
0 0.473177 0.215278 0.003646 0.021296
0 0.477604 0.406481 0.005208 0.037037
0 0.136198 0.421296 0.014062 0.037037
0 0.526823 0.590278 0.006771 0.049074
0 0.361458 0.339815 0.006250 0.031481
1 0.091146 0.723611 0.107292 0.158333