1 0.117448 0.668519 0.094271 0.140741
7 0.477865 0.750000 0.020312 0.101852
7 0.299740 0.208796 0.014062 0.017593
7 0.345313 0.198611 0.014583 0.017593
1 0.436979 0.264352 0.016667 0.036111
7 0.435156 0.247222 0.006771 0.024074
0 0.117708 0.418981 0.013542 0.023148
0 0.467708 0.234259 0.003125 0.022222
0 0.267708 0.222685 0.005208 0.013889
0 0.341927 0.189815 0.004688 0.018519
0 0.370833 0.207407 0.004167 0.020370
0 0.469271 0.209259 0.003125 0.020370
0 0.473177 0.385648 0.005729 0.034259
0 0.144531 0.402315 0.013021 0.036111
0 0.520312 0.547685 0.006250 0.045370
0 0.361458 0.325926 0.006250 0.029630
1 0.117708 0.668519 0.094792 0.140741