1 0.140104 0.604167 0.079167 0.121296
7 0.469792 0.675463 0.019792 0.089815
7 0.285417 0.203241 0.014583 0.017593
7 0.329688 0.192130 0.014583 0.017593
1 0.420833 0.251852 0.016667 0.035185
7 0.419010 0.236111 0.006771 0.024074
0 0.118229 0.396759 0.012500 0.023148
0 0.450000 0.224074 0.003125 0.022222
0 0.256510 0.215741 0.004688 0.012963
0 0.355469 0.200463 0.003646 0.019444
0 0.451823 0.200000 0.003646 0.020370
0 0.456771 0.356481 0.005208 0.033333
0 0.143229 0.381019 0.012500 0.034259
0 0.502604 0.490278 0.005208 0.041667
0 0.350781 0.306944 0.005729 0.028704
1 0.140104 0.604167 0.079167 0.121296