1 0.120573 0.645833 0.089062 0.134259
7 0.470573 0.718982 0.020312 0.097222
7 0.288021 0.207870 0.014583 0.017593
7 0.333333 0.196759 0.014583 0.017593
1 0.425000 0.259722 0.016667 0.036111
7 0.423177 0.243056 0.006771 0.025000
0 0.110677 0.412963 0.013021 0.024074
0 0.455208 0.230556 0.003125 0.022222
0 0.330208 0.188426 0.004167 0.019444
0 0.358854 0.205093 0.004167 0.019444
0 0.456510 0.205556 0.003646 0.020370
0 0.461719 0.373611 0.005729 0.034259
0 0.136719 0.396759 0.013021 0.036111
0 0.508594 0.523148 0.005729 0.044444
0 0.351823 0.318519 0.005729 0.029630
1 0.120573 0.645833 0.089062 0.134259