1 0.055729 0.890741 0.111458 0.212963
7 0.346615 0.225000 0.015104 0.018519
7 0.393490 0.214815 0.015104 0.018519
1 0.488542 0.302315 0.016667 0.043519
7 0.261198 0.225926 0.015104 0.020370
7 0.488021 0.280556 0.006250 0.027778
0 0.283073 0.235185 0.005729 0.022222
0 0.525000 0.265278 0.003125 0.025000
0 0.389583 0.204630 0.004167 0.020370
0 0.421094 0.225926 0.003646 0.022222
0 0.523698 0.236574 0.003646 0.023148
0 0.525781 0.482870 0.006771 0.041667
0 0.155990 0.462500 0.015104 0.039815
0 0.579948 0.768056 0.011979 0.058333
0 0.396875 0.383796 0.006250 0.034259
1 0.055729 0.890741 0.111458 0.212963