1 0.053906 0.845833 0.107813 0.200926
7 0.485677 0.940741 0.023438 0.118519
7 0.315104 0.223148 0.015625 0.018519
7 0.363021 0.212037 0.015625 0.018519
1 0.458073 0.292130 0.017188 0.041667
7 0.223698 0.225926 0.016146 0.020370
7 0.457031 0.271759 0.006771 0.026852
0 0.252083 0.234259 0.006250 0.022222
0 0.492708 0.256481 0.003125 0.024074
0 0.358333 0.202315 0.004167 0.019444
0 0.389844 0.222222 0.003646 0.022222
0 0.491667 0.228704 0.003125 0.022222
0 0.496094 0.454167 0.005729 0.039815
0 0.130469 0.456019 0.015104 0.039815
0 0.549479 0.695833 0.009375 0.054630
0 0.370573 0.369444 0.006771 0.033333
1 0.053906 0.845833 0.107813 0.200926