1 0.064583 0.769444 0.119792 0.174074
7 0.475521 0.847685 0.022917 0.121296
7 0.296094 0.218519 0.015104 0.018519
7 0.343750 0.206944 0.015625 0.019444
1 0.438021 0.280093 0.016667 0.039815
7 0.436458 0.260648 0.007292 0.026852
0 0.235417 0.229630 0.006250 0.022222
0 0.470833 0.246296 0.003125 0.024074
0 0.339323 0.197685 0.004688 0.019444
0 0.370052 0.216204 0.003646 0.021296
0 0.470573 0.219907 0.003646 0.021296
0 0.476302 0.421296 0.005729 0.037037
0 0.527344 0.620833 0.007812 0.050926
0 0.356250 0.350926 0.006250 0.031481
1 0.064583 0.769444 0.119792 0.174074