1 0.054427 0.828704 0.108854 0.194444
7 0.480990 0.921759 0.023438 0.136111
7 0.307292 0.222222 0.015625 0.018519
7 0.355208 0.211111 0.015625 0.018519
1 0.450260 0.289352 0.017188 0.041667
7 0.214323 0.225926 0.016146 0.020370
7 0.448958 0.268981 0.007292 0.026852
0 0.244792 0.233333 0.006250 0.022222
0 0.484375 0.253704 0.003125 0.024074
0 0.350781 0.201389 0.004688 0.019444
0 0.382031 0.220833 0.003646 0.021296
0 0.483594 0.226389 0.003646 0.021296
0 0.488281 0.445370 0.005729 0.038889
0 0.541667 0.675000 0.009375 0.053704
0 0.364323 0.365278 0.006771 0.032407
1 0.054427 0.828704 0.108854 0.194444