1 0.053906 0.862037 0.107813 0.205556
7 0.490885 0.956481 0.023438 0.087037
7 0.324219 0.224074 0.015104 0.018519
7 0.371875 0.212963 0.015625 0.018519
1 0.466927 0.295370 0.017188 0.042593
7 0.235156 0.225926 0.016146 0.020370
7 0.465885 0.274074 0.006771 0.027778
0 0.261198 0.234259 0.005729 0.022222
0 0.502344 0.259259 0.002604 0.024074
0 0.367708 0.203241 0.004167 0.019444
0 0.398958 0.223611 0.003125 0.021296
0 0.501042 0.231019 0.003125 0.023148
0 0.504948 0.462963 0.005729 0.040741
0 0.137500 0.458796 0.015625 0.039815
0 0.558594 0.718056 0.010937 0.056481
0 0.378125 0.374074 0.006250 0.033333
1 0.053906 0.862037 0.107813 0.205556