7 0.365625 0.238426 0.015625 0.019444
7 0.410417 0.227778 0.015625 0.020370
1 0.514063 0.331944 0.018750 0.049074
7 0.286979 0.237037 0.015625 0.020370
7 0.514063 0.305556 0.007292 0.031481
0 0.295573 0.248148 0.005729 0.024074
0 0.110937 0.535185 0.017708 0.029630
0 0.554427 0.288426 0.003646 0.026852
0 0.320052 0.253704 0.005729 0.014815
0 0.409375 0.216204 0.004167 0.021296
0 0.443750 0.242130 0.003125 0.023148
0 0.550781 0.256944 0.004688 0.025000
0 0.556250 0.568056 0.008333 0.047222
0 0.013542 0.214815 0.008333 0.012963
0 0.147135 0.516204 0.017188 0.043519
0 0.626302 0.983796 0.018229 0.032407
0 0.410156 0.431019 0.006771 0.037963