7 0.454688 0.243519 0.014583 0.020370
7 0.494792 0.235185 0.015625 0.022222
1 0.603385 0.362963 0.022396 0.057407
7 0.383594 0.236574 0.014062 0.021296
7 0.604688 0.332870 0.009375 0.034259
0 0.383073 0.248148 0.004688 0.024074
0 0.190104 0.533333 0.015625 0.029630
0 0.650260 0.317130 0.005729 0.028704
0 0.497396 0.222685 0.003125 0.021296
0 0.532812 0.253704 0.003125 0.024074
0 0.646875 0.281944 0.006250 0.026852
0 0.642969 0.668519 0.013021 0.051852
0 0.223698 0.520370 0.015104 0.044444
0 0.142969 0.225926 0.007812 0.022222
0 0.484635 0.467593 0.005729 0.040741