7 0.431510 0.241667 0.015104 0.020370
7 0.472396 0.232870 0.015625 0.021296
1 0.579427 0.354630 0.021354 0.055556
7 0.358854 0.236574 0.014583 0.021296
7 0.580469 0.325926 0.008854 0.033333
0 0.359896 0.248148 0.005208 0.024074
0 0.168490 0.535648 0.016146 0.030556
0 0.624479 0.309722 0.005208 0.028704
0 0.474479 0.220833 0.003125 0.021296
0 0.509375 0.250463 0.003125 0.023148
0 0.621094 0.275000 0.005729 0.025926
0 0.619792 0.642593 0.011458 0.051852
0 0.109115 0.199537 0.006771 0.012037
0 0.203125 0.520370 0.015625 0.044444
0 0.111458 0.230556 0.008333 0.022222
0 0.464583 0.458796 0.006250 0.039815