1 0.036719 0.951389 0.073437 0.097222
7 0.412500 0.223611 0.015625 0.019444
1 0.513021 0.322685 0.017708 0.047222
7 0.287240 0.232407 0.015104 0.020370
7 0.512760 0.298148 0.006771 0.029630
0 0.299740 0.243056 0.005729 0.023148
0 0.123698 0.514352 0.016146 0.028704
0 0.552344 0.281944 0.003646 0.026852
0 0.323177 0.248611 0.005729 0.013889
0 0.410417 0.212037 0.004167 0.020370
0 0.443750 0.236574 0.003125 0.023148
0 0.549479 0.250926 0.004167 0.024074
0 0.552865 0.542130 0.007812 0.045370
0 0.020833 0.211111 0.008333 0.012963
0 0.158073 0.496296 0.016146 0.042593
0 0.616146 0.925926 0.016667 0.066667
0 0.023438 0.241204 0.010417 0.023148
0 0.412500 0.415741 0.006250 0.037037
1 0.036719 0.951389 0.073437 0.097222