1 0.050000 0.920370 0.100000 0.159259
7 0.367708 0.229167 0.014583 0.019444
7 0.413542 0.218981 0.015625 0.019444
1 0.510938 0.314352 0.017708 0.045370
7 0.286198 0.228241 0.015104 0.019444
7 0.510677 0.290741 0.006771 0.029630
0 0.302344 0.238426 0.005729 0.023148
0 0.549219 0.275000 0.003646 0.025926
0 0.325521 0.243519 0.005208 0.014815
0 0.410677 0.208333 0.003646 0.020370
0 0.442708 0.231481 0.003125 0.022222
0 0.546875 0.245370 0.004167 0.024074
0 0.548698 0.517593 0.007812 0.044444
0 0.167708 0.477778 0.015625 0.040741
0 0.606510 0.858333 0.015104 0.062963
0 0.028646 0.237037 0.010417 0.022222
0 0.414062 0.400926 0.006250 0.035185
1 0.050000 0.920370 0.100000 0.159259