7 0.406510 0.241204 0.015104 0.019444
7 0.448438 0.231944 0.015625 0.021296
1 0.554948 0.347685 0.020312 0.052778
7 0.332292 0.237500 0.014583 0.021296
7 0.555208 0.318981 0.008333 0.032407
0 0.144271 0.539815 0.016667 0.029630
0 0.598177 0.302315 0.004688 0.028704
0 0.449740 0.219907 0.003646 0.021296
0 0.484375 0.247685 0.003125 0.023148
0 0.594531 0.268981 0.004688 0.025000
0 0.596354 0.619444 0.010417 0.050000
0 0.073177 0.205556 0.007812 0.012963
0 0.179688 0.523148 0.016667 0.044444
0 0.075781 0.236574 0.008854 0.023148
0 0.443490 0.451852 0.006771 0.038889