1 0.028646 0.968982 0.057292 0.062037
7 0.365365 0.235648 0.015104 0.019444
7 0.410677 0.225463 0.016146 0.019444
1 0.512760 0.326852 0.018229 0.048148
7 0.286458 0.234722 0.015625 0.021296
7 0.512500 0.301389 0.007292 0.030556
0 0.296615 0.245833 0.005729 0.023148
0 0.116406 0.525000 0.017188 0.029630
0 0.552344 0.285185 0.003646 0.025926
0 0.320573 0.250926 0.005729 0.014815
0 0.409115 0.214352 0.003646 0.021296
0 0.442969 0.239352 0.003646 0.023148
0 0.549219 0.253704 0.004688 0.024074
0 0.553646 0.554630 0.008333 0.046296
0 0.151562 0.506481 0.016667 0.042593
0 0.620573 0.962500 0.017188 0.067593
0 0.410677 0.423148 0.006771 0.037037
1 0.028646 0.968982 0.057292 0.062037