7 0.576823 0.264815 0.016146 0.024074
7 0.609115 0.257870 0.018229 0.025000
1 0.740625 0.436574 0.031250 0.075000
7 0.505729 0.249537 0.013542 0.023148
7 0.742969 0.396296 0.014062 0.042593
0 0.493490 0.260648 0.003646 0.025000
0 0.279167 0.557870 0.014583 0.032407
0 0.802604 0.383796 0.010417 0.034259
0 0.618490 0.244444 0.004688 0.024074
0 0.659375 0.284722 0.005208 0.026852
0 0.798437 0.340741 0.009375 0.031481
0 0.791406 0.918981 0.025521 0.067593
0 0.313281 0.552315 0.013021 0.047222
0 0.278906 0.213889 0.005729 0.020370
0 0.588542 0.553704 0.009375 0.048148