7 0.502083 0.250926 0.014583 0.022222
7 0.539062 0.243056 0.016667 0.023148
1 0.654948 0.388889 0.025521 0.062963
7 0.432292 0.240741 0.013542 0.022222
7 0.656771 0.355093 0.011458 0.037963
0 0.426562 0.252778 0.004167 0.024074
0 0.225260 0.543519 0.015104 0.031481
0 0.707292 0.340278 0.007292 0.030556
0 0.544531 0.230556 0.003646 0.022222
0 0.581250 0.264352 0.004167 0.025000
0 0.703385 0.302315 0.006771 0.028704
0 0.697917 0.754167 0.016667 0.058333
0 0.259115 0.533333 0.014062 0.046296
0 0.525260 0.499537 0.006771 0.043519