7 0.642969 0.281481 0.018229 0.025926
7 0.671354 0.273611 0.020833 0.026852
1 0.822396 0.489815 0.038542 0.088889
7 0.567448 0.260648 0.015104 0.025000
7 0.825260 0.442593 0.018229 0.048148
0 0.550000 0.271296 0.004167 0.025926
0 0.024479 0.352315 0.011458 0.023148
0 0.322135 0.575463 0.014062 0.034259
0 0.896615 0.433333 0.014062 0.038889
0 0.684375 0.260648 0.006250 0.025000
0 0.730208 0.307870 0.007292 0.028704
0 0.890625 0.383333 0.012500 0.035185
0 0.356510 0.575000 0.011979 0.050000
0 0.645573 0.612037 0.011979 0.051852