7 0.599740 0.269907 0.017188 0.025000
7 0.630990 0.262963 0.019271 0.025926
1 0.767969 0.452778 0.033854 0.079630
7 0.527344 0.252778 0.014062 0.024074
7 0.770573 0.411111 0.015104 0.044444
0 0.513281 0.263889 0.003646 0.025926
0 0.295052 0.562963 0.014062 0.033333
0 0.833854 0.399537 0.011458 0.036111
0 0.641146 0.249074 0.005208 0.024074
0 0.683594 0.292130 0.005729 0.026852
0 0.829167 0.354167 0.010417 0.032407
0 0.822917 0.971759 0.029167 0.056481
0 0.328906 0.559259 0.013021 0.048148
0 0.301042 0.212963 0.005208 0.020370
0 0.608333 0.571759 0.010417 0.049074