7 0.532552 0.256944 0.015104 0.023148
7 0.567187 0.249074 0.017708 0.024074
1 0.689844 0.408333 0.027604 0.068519
7 0.462500 0.244907 0.013542 0.023148
7 0.691667 0.372222 0.012500 0.038889
0 0.453646 0.256481 0.004167 0.024074
0 0.246094 0.552778 0.015104 0.031481
0 0.745573 0.357870 0.008854 0.032407
0 0.574479 0.236574 0.004167 0.023148
0 0.613281 0.273148 0.004688 0.025926
0 0.741406 0.317593 0.007812 0.029630
0 0.736458 0.822685 0.019792 0.062037
0 0.230208 0.186574 0.005208 0.012037
0 0.280469 0.544444 0.014062 0.046296
0 0.231771 0.218056 0.006250 0.021296
0 0.550781 0.523611 0.007812 0.045370