1 0.192969 0.112500 0.018229 0.012037
4 0.164323 0.186574 0.040104 0.095370
7 0.965365 0.404630 0.036979 0.042593
7 0.973437 0.384722 0.039583 0.043519
2 0.153385 0.095370 0.017188 0.031481
7 0.841146 0.343519 0.026042 0.037037
0 0.796875 0.343981 0.010417 0.032407
0 0.280729 0.306944 0.006250 0.021296
0 0.482812 0.670833 0.012500 0.039815
0 0.828646 0.368519 0.010417 0.022222
0 0.133594 0.146296 0.004688 0.014815
0 0.520312 0.695370 0.010417 0.057407
0 0.926823 0.983333 0.035937 0.033333
1 0.192969 0.112500 0.018229 0.012037
4 0.164323 0.186574 0.040104 0.095370