1 0.058073 0.125463 0.023438 0.013889
4 0.031250 0.206944 0.057292 0.102778
7 0.812240 0.339352 0.026563 0.034259
7 0.829167 0.326852 0.029167 0.035185
2 0.009635 0.109259 0.019271 0.035185
7 0.716667 0.300463 0.019792 0.030556
0 0.684375 0.306481 0.007292 0.029630
0 0.180469 0.321759 0.007812 0.021296
0 0.414323 0.630093 0.013021 0.037963
0 0.854688 0.314815 0.010417 0.029630
0 0.920573 0.385185 0.013021 0.035185
0 0.450000 0.642593 0.010417 0.053704
0 0.793229 0.803241 0.022917 0.063889
1 0.058073 0.125463 0.023438 0.013889
4 0.031250 0.206944 0.057292 0.102778