1 0.253385 0.109259 0.017188 0.011111
1 0.130729 0.281019 0.046875 0.032407
4 0.220052 0.184722 0.033854 0.095370
2 0.217708 0.092130 0.015625 0.030556
7 0.950521 0.400926 0.034375 0.042593
0 0.322135 0.049074 0.001563 0.007407
0 0.321615 0.048611 0.001563 0.006481
0 0.324219 0.317130 0.005729 0.021296
0 0.523958 0.778704 0.014583 0.046296
0 0.322135 0.053241 0.001563 0.006481
0 0.322135 0.053241 0.001563 0.006481
0 0.322135 0.053241 0.001563 0.006481
0 0.322135 0.053241 0.001563 0.006481
0 0.322135 0.053241 0.001563 0.006481
0 0.181510 0.088889 0.002604 0.009259
0 0.925521 0.425463 0.013542 0.025000
0 0.322135 0.053241 0.001563 0.006481
0 0.322135 0.053241 0.001563 0.006481
0 0.195833 0.142593 0.004167 0.014815
0 0.322135 0.051852 0.001563 0.007407
0 0.617708 0.194907 0.004167 0.012037
0 0.568490 0.823148 0.014062 0.064815
0 0.620833 0.239352 0.005208 0.023148
0 0.193229 0.150463 0.004167 0.015741
1 0.253385 0.109259 0.017188 0.011111
1 0.130208 0.281481 0.046875 0.031481
4 0.220052 0.184722 0.033854 0.095370