1 0.268229 0.108796 0.016667 0.012037
1 0.144531 0.280093 0.046354 0.032407
4 0.233854 0.183796 0.032292 0.095370
6 0.202604 0.103704 0.002083 0.007407
2 0.233333 0.091667 0.014583 0.029630
0 0.910937 0.406481 0.014583 0.037037
0 0.336719 0.048611 0.001563 0.006481
0 0.336198 0.048611 0.001563 0.006481
0 0.335156 0.318981 0.005729 0.021296
0 0.534115 0.806019 0.015104 0.047222
0 0.211198 0.141204 0.003646 0.013889
0 0.580469 0.855556 0.015104 0.066667
0 0.635677 0.243056 0.005729 0.023148
0 0.208333 0.149537 0.004167 0.015741
1 0.268229 0.108796 0.016667 0.012037
1 0.144010 0.280556 0.046354 0.031481
4 0.233854 0.183796 0.032292 0.095370