1 0.316146 0.106481 0.015625 0.011111
1 0.192188 0.273148 0.043750 0.029630
4 0.280208 0.180556 0.028125 0.094444
6 0.254427 0.100000 0.001563 0.007407
2 0.283594 0.088889 0.013021 0.029630
0 0.989844 0.448611 0.018229 0.039815
0 0.383594 0.046759 0.001563 0.006481
0 0.383594 0.047685 0.001563 0.006481
0 0.373437 0.320833 0.005208 0.021296
0 0.383854 0.054167 0.001042 0.006481
0 0.383854 0.054167 0.001042 0.006481
0 0.565625 0.870833 0.016667 0.050926
0 0.383854 0.052315 0.001042 0.006481
0 0.383854 0.054167 0.001042 0.006481
0 0.383854 0.052315 0.001042 0.006481
0 0.383854 0.054167 0.001042 0.006481
0 0.383854 0.054167 0.001042 0.006481
0 0.383854 0.052315 0.001042 0.006481
0 0.383854 0.052315 0.001042 0.006481
0 0.383854 0.052315 0.001042 0.006481
0 0.383854 0.052315 0.001042 0.006481
0 0.383854 0.052315 0.001042 0.006481
0 0.260677 0.137500 0.003646 0.013889
0 0.383594 0.050463 0.001563 0.006481
0 0.679167 0.205556 0.005208 0.012963
0 0.615885 0.937500 0.018229 0.069444
0 0.683854 0.254630 0.006250 0.024074
0 0.258073 0.145833 0.003646 0.015741
1 0.316146 0.106481 0.015625 0.011111
1 0.191927 0.273148 0.043229 0.029630
4 0.280208 0.180556 0.028125 0.094444