1 0.249479 0.108796 0.016667 0.012037
1 0.131771 0.276852 0.045833 0.031481
4 0.218229 0.181944 0.034375 0.093519
2 0.213802 0.092130 0.015104 0.030556
7 0.926823 0.384259 0.031771 0.040741
0 0.869531 0.379167 0.013021 0.034259
0 0.323177 0.309722 0.005729 0.021296
0 0.518229 0.732870 0.013542 0.043519
0 0.906510 0.409722 0.013021 0.025000
0 0.192708 0.141204 0.004167 0.013889
0 0.611458 0.191204 0.004167 0.012037
0 0.559635 0.769444 0.013021 0.061111
0 0.190625 0.149074 0.004167 0.014815
1 0.249479 0.108796 0.016667 0.012037
1 0.131510 0.276852 0.046354 0.031481
4 0.218229 0.181944 0.034375 0.093519