1 0.427865 0.105093 0.014062 0.010185
1 0.295833 0.270370 0.039583 0.025926
4 0.112500 0.115741 0.061458 0.055556
4 0.385156 0.180556 0.022396 0.096296
6 0.371615 0.096296 0.001563 0.007407
1 0.111979 0.139815 0.016667 0.014815
2 0.398958 0.086574 0.010417 0.028704
8 0.496094 0.056019 0.002604 0.006481
0 0.497656 0.045833 0.000521 0.006481
0 0.497396 0.047685 0.001042 0.006481
0 0.497396 0.055556 0.001042 0.003704
0 0.466406 0.346296 0.004688 0.022222
0 0.497396 0.054167 0.001042 0.006481
0 0.497396 0.054167 0.001042 0.006481
0 0.497396 0.051389 0.001042 0.006481
0 0.497396 0.055556 0.001042 0.003704
0 0.497396 0.054167 0.001042 0.006481
0 0.497396 0.051389 0.001042 0.006481
0 0.497396 0.054167 0.001042 0.006481
0 0.497396 0.054167 0.001042 0.006481
0 0.497396 0.054167 0.001042 0.004630
0 0.497396 0.051389 0.001042 0.006481
0 0.497396 0.052315 0.001042 0.006481
0 0.497396 0.053704 0.001042 0.003704
0 0.497396 0.051389 0.001042 0.006481
0 0.497396 0.055556 0.001042 0.003704
0 0.368490 0.081481 0.001563 0.009259
0 0.076042 0.163426 0.006250 0.015741
0 0.497396 0.051852 0.001042 0.007407
0 0.017708 0.084259 0.004167 0.009259
0 0.497396 0.052315 0.001042 0.006481
0 0.073437 0.071759 0.003125 0.008333
0 0.497396 0.050463 0.001042 0.006481
0 0.935156 0.377315 0.015104 0.034259
0 0.017969 0.081944 0.003646 0.008333
0 0.107292 0.135185 0.005208 0.012963
0 0.370052 0.143056 0.002604 0.013889
0 0.104948 0.135648 0.004688 0.013889
0 0.079948 0.167593 0.006771 0.016667
1 0.427865 0.105093 0.014062 0.010185
1 0.295573 0.270833 0.040104 0.026852
4 0.112500 0.115741 0.061458 0.055556
4 0.385156 0.180556 0.022396 0.096296