1 0.403646 0.104630 0.014583 0.011111
1 0.274740 0.268981 0.040104 0.026852
4 0.079948 0.118519 0.064062 0.057407
4 0.363021 0.179630 0.022917 0.094444
6 0.346615 0.096296 0.001563 0.007407
1 0.079687 0.143056 0.017708 0.015741
2 0.374219 0.086574 0.010937 0.028704
8 0.471094 0.055556 0.002604 0.005556
0 0.472396 0.045833 0.001042 0.006481
0 0.472396 0.046759 0.001042 0.006481
0 0.472396 0.055556 0.001042 0.003704
0 0.446094 0.337037 0.004688 0.022222
0 0.472396 0.054167 0.001042 0.006481
0 0.472396 0.054167 0.001042 0.006481
0 0.472396 0.051389 0.001042 0.006481
0 0.472396 0.055556 0.001042 0.003704
0 0.472396 0.054167 0.001042 0.006481
0 0.472396 0.051389 0.001042 0.006481
0 0.472396 0.054167 0.001042 0.006481
0 0.472396 0.054167 0.001042 0.006481
0 0.472396 0.053241 0.001042 0.004630
0 0.472396 0.051389 0.001042 0.006481
0 0.472396 0.052315 0.001042 0.006481
0 0.472396 0.052778 0.001042 0.003704
0 0.472396 0.051389 0.001042 0.006481
0 0.472396 0.055556 0.001042 0.003704
0 0.472396 0.051389 0.001042 0.006481
0 0.472396 0.051852 0.001042 0.007407
0 0.029687 0.074537 0.003125 0.008333
0 0.349219 0.134722 0.002604 0.013889
0 0.472396 0.050463 0.001042 0.006481
0 0.783594 0.229630 0.006771 0.012963
0 0.793490 0.290741 0.008854 0.027778
0 0.051823 0.078704 0.002604 0.005556
0 0.075260 0.138426 0.005729 0.013889
0 0.346094 0.142593 0.002604 0.014815
0 0.072917 0.138426 0.005208 0.013889
1 0.403646 0.104630 0.014583 0.011111
1 0.274219 0.268981 0.040104 0.026852
4 0.079948 0.118519 0.064062 0.057407
4 0.363021 0.179630 0.022917 0.094444