1 0.308594 0.273611 0.040104 0.026852
4 0.131771 0.114352 0.060417 0.054630
4 0.398958 0.182870 0.021875 0.097222
6 0.387760 0.096296 0.001563 0.007407
1 0.131250 0.138889 0.016667 0.014815
2 0.415104 0.086574 0.010417 0.028704
8 0.512760 0.056481 0.002604 0.005556
0 0.514583 0.046759 0.001042 0.006481
0 0.514063 0.047685 0.001042 0.006481
0 0.514063 0.056019 0.001042 0.004630
0 0.480208 0.356019 0.004167 0.023148
0 0.514063 0.055093 0.001042 0.006481
0 0.514063 0.055093 0.001042 0.006481
0 0.514063 0.052315 0.001042 0.006481
0 0.514063 0.056481 0.001042 0.003704
0 0.514063 0.055093 0.001042 0.006481
0 0.514063 0.052315 0.001042 0.006481
0 0.514063 0.055093 0.001042 0.006481
0 0.514063 0.055093 0.001042 0.006481
0 0.514063 0.054167 0.001042 0.004630
0 0.514063 0.052315 0.001042 0.006481
0 0.514063 0.052315 0.001042 0.006481
0 0.514063 0.053704 0.001042 0.003704
0 0.514063 0.052315 0.001042 0.006481
0 0.514063 0.056019 0.001042 0.004630
0 0.384635 0.081481 0.001563 0.009259
0 0.095052 0.162037 0.005729 0.016667
0 0.514063 0.052315 0.001042 0.006481
0 0.042188 0.082407 0.004167 0.009259
0 0.004948 0.106944 0.004688 0.012037
0 0.514063 0.052315 0.001042 0.006481
0 0.090625 0.070833 0.003125 0.008333
0 0.095833 0.070833 0.003125 0.008333
0 0.514063 0.050463 0.001042 0.006481
0 0.972396 0.398148 0.016667 0.035185
0 0.845052 0.249074 0.007812 0.014815
0 0.042448 0.080093 0.003646 0.008333
0 0.861198 0.321296 0.010937 0.029630
0 0.109896 0.075000 0.002083 0.005556
0 0.126823 0.133796 0.004688 0.013889
0 0.385156 0.144444 0.002604 0.014815
0 0.124219 0.133796 0.004688 0.013889
1 0.308073 0.274074 0.040104 0.025926
4 0.131771 0.114352 0.060417 0.054630
4 0.398958 0.182870 0.021875 0.097222