1 0.389583 0.104630 0.014583 0.011111
1 0.261979 0.268519 0.040625 0.027778
4 0.060417 0.120370 0.065625 0.057407
4 0.350260 0.178704 0.023438 0.094444
6 0.332031 0.096759 0.001563 0.006481
1 0.060677 0.144907 0.018229 0.015741
2 0.359896 0.086574 0.011458 0.028704
0 0.457812 0.045833 0.001042 0.006481
0 0.457812 0.046759 0.001042 0.006481
0 0.458073 0.055556 0.001563 0.003704
0 0.434115 0.333333 0.004688 0.022222
0 0.457812 0.054167 0.001042 0.006481
0 0.457812 0.054167 0.001042 0.006481
0 0.457812 0.051389 0.001042 0.006481
0 0.458073 0.055556 0.001563 0.003704
0 0.457812 0.054167 0.001042 0.006481
0 0.457812 0.051389 0.001042 0.006481
0 0.457812 0.054167 0.001042 0.006481
0 0.457812 0.054167 0.001042 0.006481
0 0.457812 0.053241 0.001042 0.004630
0 0.457812 0.051389 0.001042 0.006481
0 0.457812 0.051389 0.001042 0.006481
0 0.458073 0.052778 0.001563 0.003704
0 0.457812 0.051389 0.001042 0.006481
0 0.458073 0.055556 0.001563 0.003704
0 0.328906 0.081944 0.001563 0.008333
0 0.023438 0.169444 0.007292 0.016667
0 0.457812 0.051389 0.001042 0.006481
0 0.457812 0.051389 0.001042 0.006481
0 0.335677 0.134722 0.002604 0.013889
0 0.013802 0.075463 0.003646 0.008333
0 0.457812 0.050463 0.001042 0.006481
0 0.764844 0.224537 0.006771 0.013889
0 0.772917 0.282870 0.008333 0.026852
0 0.029948 0.080093 0.002604 0.006481
0 0.055990 0.140278 0.005729 0.013889
0 0.332292 0.142593 0.003125 0.014815
0 0.053906 0.140278 0.005729 0.013889
0 0.027865 0.173611 0.007812 0.017593
1 0.389583 0.104630 0.014583 0.011111
1 0.261979 0.268981 0.040625 0.026852
4 0.060417 0.120370 0.065625 0.057407
4 0.350260 0.178704 0.023438 0.094444