1 0.416667 0.104630 0.014583 0.011111
1 0.286198 0.269907 0.040104 0.026852
4 0.097656 0.117130 0.063021 0.056481
4 0.374740 0.180093 0.022396 0.095370
6 0.360156 0.096296 0.001563 0.007407
1 0.097135 0.141667 0.017188 0.014815
2 0.387500 0.086574 0.010417 0.028704
8 0.484635 0.056019 0.002604 0.006481
0 0.485938 0.045833 0.001042 0.006481
0 0.485417 0.046759 0.001042 0.006481
0 0.485677 0.055556 0.001563 0.003704
0 0.457031 0.341667 0.004688 0.022222
0 0.485677 0.054167 0.000521 0.006481
0 0.485677 0.054167 0.000521 0.006481
0 0.485417 0.051389 0.001042 0.006481
0 0.485677 0.055556 0.001563 0.003704
0 0.485677 0.054167 0.000521 0.006481
0 0.485417 0.051389 0.001042 0.006481
0 0.485677 0.054167 0.000521 0.006481
0 0.485677 0.054167 0.000521 0.006481
0 0.485677 0.053241 0.000521 0.004630
0 0.485417 0.051389 0.001042 0.006481
0 0.485417 0.052315 0.001042 0.006481
0 0.485677 0.053241 0.001563 0.004630
0 0.485417 0.051389 0.001042 0.006481
0 0.485677 0.055556 0.001563 0.003704
0 0.356771 0.081481 0.002083 0.009259
0 0.485417 0.051389 0.001042 0.006481
0 0.485417 0.052315 0.001042 0.006481
0 0.485417 0.050463 0.001042 0.006481
0 0.801823 0.234722 0.006771 0.013889
0 0.813021 0.299074 0.009375 0.027778
0 0.071615 0.077315 0.002604 0.006481
0 0.358854 0.142593 0.003125 0.014815
1 0.416667 0.104630 0.014583 0.011111
1 0.285677 0.269907 0.040104 0.026852
4 0.097656 0.117130 0.063021 0.056481
4 0.374740 0.180093 0.022396 0.095370