1 0.315625 0.278241 0.040625 0.026852
4 0.144010 0.114352 0.059896 0.054630
4 0.408333 0.185648 0.021875 0.099074
2 0.426042 0.087500 0.010417 0.028704
1 0.004688 0.105093 0.009375 0.013889
8 0.524219 0.056944 0.002604 0.006481
0 0.526042 0.046759 0.001042 0.006481
0 0.526042 0.047685 0.001042 0.006481
0 0.525781 0.056481 0.001563 0.003704
0 0.489583 0.367593 0.004167 0.024074
0 0.525521 0.055093 0.001042 0.006481
0 0.525521 0.055093 0.001042 0.006481
0 0.525521 0.052315 0.001042 0.006481
0 0.525781 0.056481 0.001563 0.003704
0 0.525521 0.055093 0.001042 0.006481
0 0.525521 0.052315 0.001042 0.006481
0 0.525521 0.055093 0.001042 0.006481
0 0.525521 0.055093 0.001042 0.006481
0 0.525521 0.054167 0.001042 0.004630
0 0.525521 0.052315 0.001042 0.006481
0 0.525521 0.053241 0.001042 0.006481
0 0.525781 0.054167 0.001563 0.004630
0 0.525521 0.052315 0.001042 0.006481
0 0.525781 0.056481 0.001563 0.003704
0 0.395052 0.081481 0.001563 0.009259
0 0.105990 0.162037 0.005729 0.016667
0 0.525521 0.052315 0.001042 0.006481
0 0.057552 0.081944 0.003646 0.008333
0 0.002344 0.112963 0.004688 0.007407
0 0.020312 0.106019 0.005208 0.012037
0 0.525521 0.053241 0.001042 0.006481
0 0.105469 0.070370 0.002604 0.007407
0 0.110417 0.069907 0.003125 0.008333
0 0.525781 0.051389 0.000521 0.006481
0 0.866667 0.257407 0.008333 0.014815
0 0.058333 0.079167 0.003125 0.008333
0 0.887760 0.335648 0.011979 0.030556
0 0.123958 0.074537 0.002083 0.006481
0 0.395052 0.145370 0.002604 0.014815
1 0.315365 0.278704 0.041146 0.025926
4 0.144010 0.114352 0.059896 0.054630
4 0.408333 0.185648 0.021875 0.099074