1 0.319271 0.287037 0.041667 0.027778
4 0.151823 0.115278 0.060938 0.054630
4 0.415625 0.190278 0.022917 0.102778
2 0.435156 0.088426 0.009896 0.028704
7 0.003906 0.095370 0.007812 0.009259
1 0.010677 0.105093 0.019271 0.013889
8 0.534896 0.057407 0.003125 0.005556
0 0.536979 0.046296 0.001042 0.007407
0 0.536458 0.048611 0.001042 0.006481
0 0.536198 0.057407 0.001563 0.003704
0 0.497917 0.386111 0.004167 0.024074
0 0.536458 0.056019 0.001042 0.006481
0 0.536458 0.056019 0.001042 0.006481
0 0.536458 0.053241 0.001042 0.006481
0 0.536198 0.057407 0.001563 0.003704
0 0.536458 0.056019 0.001042 0.006481
0 0.536458 0.053241 0.001042 0.006481
0 0.536458 0.056019 0.001042 0.006481
0 0.536458 0.056019 0.001042 0.006481
0 0.536458 0.055093 0.001042 0.004630
0 0.536458 0.053241 0.001042 0.006481
0 0.536458 0.053241 0.001042 0.006481
0 0.536198 0.054630 0.001563 0.003704
0 0.536458 0.053241 0.001042 0.006481
0 0.536198 0.057407 0.001563 0.003704
0 0.404427 0.082407 0.001563 0.009259
0 0.536458 0.053241 0.001042 0.006481
0 0.069271 0.081481 0.003125 0.009259
0 0.012240 0.112963 0.004688 0.007407
0 0.030990 0.105556 0.004688 0.011111
0 0.536458 0.053241 0.001042 0.006481
0 0.116927 0.069907 0.002604 0.008333
0 0.536458 0.051852 0.001042 0.007407
0 0.891406 0.268981 0.008854 0.015741
0 0.070052 0.079167 0.003646 0.008333
0 0.920313 0.356944 0.013542 0.032407
0 0.403125 0.148148 0.002083 0.014815
0 0.117188 0.166667 0.006250 0.016667
1 0.319010 0.287500 0.042188 0.026852
4 0.151823 0.115278 0.060938 0.054630
4 0.415625 0.190278 0.022917 0.102778