1 0.465104 0.110185 0.014583 0.011111
1 0.312240 0.301389 0.044271 0.028704
4 0.146354 0.118056 0.063542 0.056481
4 0.414062 0.197685 0.023958 0.108333
2 0.435937 0.090278 0.010417 0.030556
7 0.002604 0.097222 0.005208 0.009259
1 0.007031 0.106944 0.014062 0.013889
8 0.536979 0.058333 0.003125 0.005556
0 0.539062 0.046759 0.001042 0.006481
0 0.538542 0.049537 0.001042 0.006481
0 0.538281 0.057870 0.001563 0.004630
0 0.499740 0.413889 0.004688 0.025926
0 0.538542 0.056481 0.001042 0.007407
0 0.538542 0.056481 0.001042 0.007407
0 0.538542 0.054167 0.001042 0.006481
0 0.538281 0.057870 0.001563 0.004630
0 0.538542 0.056481 0.001042 0.007407
0 0.538542 0.054167 0.001042 0.006481
0 0.538542 0.056481 0.001042 0.007407
0 0.538542 0.056481 0.001042 0.007407
0 0.538542 0.056019 0.001042 0.004630
0 0.538542 0.054167 0.001042 0.006481
0 0.538542 0.054167 0.001042 0.006481
0 0.538281 0.055556 0.001563 0.003704
0 0.538542 0.054167 0.001042 0.006481
0 0.538281 0.057870 0.001563 0.004630
0 0.403906 0.084259 0.001563 0.009259
0 0.104167 0.167593 0.006250 0.016667
0 0.538542 0.054167 0.001042 0.006481
0 0.005208 0.114815 0.005208 0.007407
0 0.025521 0.107407 0.005208 0.011111
0 0.538542 0.054167 0.001042 0.006481
0 0.406771 0.143056 0.002083 0.013889
0 0.538542 0.052315 0.001042 0.006481
0 0.909896 0.281481 0.009375 0.016667
0 0.951563 0.382870 0.015625 0.034259
0 0.131510 0.075463 0.002604 0.006481
0 0.402344 0.152778 0.002604 0.014815
0 0.108854 0.171759 0.006250 0.017593
1 0.465104 0.110185 0.014583 0.011111
1 0.311719 0.301852 0.044271 0.029630
4 0.146354 0.118056 0.063542 0.056481
4 0.414062 0.197685 0.023958 0.108333