1 0.471354 0.111574 0.014583 0.010185
1 0.313802 0.308333 0.045313 0.029630
4 0.151042 0.118519 0.063542 0.057407
4 0.418750 0.201389 0.025000 0.110185
1 0.547135 0.059722 0.004688 0.006481
1 0.561458 0.075463 0.006250 0.008333
2 0.441927 0.091204 0.009896 0.030556
7 0.008854 0.096759 0.009375 0.010185
1 0.010937 0.106944 0.019792 0.013889
0 0.545313 0.049537 0.001042 0.006481
0 0.505208 0.429167 0.005208 0.026852
0 0.545313 0.056944 0.001042 0.006481
0 0.545313 0.056944 0.001042 0.006481
0 0.545313 0.054167 0.001042 0.006481
0 0.545313 0.056944 0.001042 0.006481
0 0.545313 0.054167 0.001042 0.006481
0 0.545313 0.056944 0.001042 0.006481
0 0.545313 0.056944 0.001042 0.006481
0 0.545313 0.056019 0.001042 0.004630
0 0.545313 0.054167 0.001042 0.006481
0 0.545313 0.054630 0.001042 0.007407
0 0.545052 0.056019 0.001563 0.004630
0 0.545313 0.054167 0.001042 0.006481
0 0.409635 0.084259 0.001563 0.009259
0 0.545313 0.054167 0.001042 0.006481
0 0.011198 0.114815 0.004688 0.007407
0 0.032031 0.107407 0.004688 0.011111
0 0.545313 0.054630 0.001042 0.007407
0 0.121875 0.070833 0.003125 0.008333
0 0.411979 0.144444 0.002083 0.014815
0 0.125260 0.070833 0.002604 0.008333
0 0.545313 0.053241 0.001042 0.006481
0 0.927865 0.289815 0.009896 0.016667
0 0.977344 0.400463 0.017188 0.036111
0 0.138281 0.075000 0.002604 0.005556
0 0.407552 0.155093 0.002604 0.015741
1 0.471354 0.111574 0.014583 0.010185
1 0.313542 0.308333 0.044792 0.029630
4 0.151042 0.118519 0.063542 0.057407
4 0.418750 0.201389 0.025000 0.110185