1 0.464583 0.109259 0.014583 0.011111
1 0.315885 0.294444 0.043229 0.027778
4 0.149219 0.116667 0.061979 0.055556
4 0.414844 0.193981 0.023438 0.104630
2 0.435417 0.089352 0.010417 0.028704
7 0.003125 0.096296 0.006250 0.009259
1 0.008594 0.106019 0.017188 0.013889
0 0.538021 0.046759 0.001042 0.006481
0 0.537500 0.048611 0.001042 0.006481
0 0.537240 0.057407 0.001563 0.003704
0 0.498698 0.399537 0.004688 0.025000
0 0.536979 0.056019 0.001042 0.006481
0 0.536979 0.056019 0.001042 0.006481
0 0.536979 0.053241 0.001042 0.006481
0 0.537240 0.057407 0.001563 0.003704
0 0.536979 0.056019 0.001042 0.006481
0 0.536979 0.053241 0.001042 0.006481
0 0.536979 0.056019 0.001042 0.006481
0 0.536979 0.056019 0.001042 0.006481
0 0.536979 0.055556 0.001042 0.005556
0 0.536979 0.053241 0.001042 0.006481
0 0.536979 0.054167 0.001042 0.006481
0 0.537240 0.055093 0.001563 0.004630
0 0.536979 0.053241 0.001042 0.006481
0 0.537240 0.057407 0.001563 0.003704
0 0.403906 0.083333 0.001563 0.009259
0 0.108333 0.165741 0.006250 0.016667
0 0.536979 0.053241 0.001042 0.006481
0 0.067448 0.082407 0.003646 0.009259
0 0.008594 0.113889 0.004688 0.007407
0 0.028385 0.106481 0.004688 0.011111
0 0.536979 0.054167 0.001042 0.006481
0 0.537240 0.052315 0.001563 0.006481
0 0.900260 0.274537 0.009896 0.015741
0 0.068490 0.079630 0.003646 0.009259
0 0.935156 0.369444 0.014062 0.033333
0 0.402604 0.150463 0.002083 0.015741
0 0.113021 0.169444 0.006250 0.016667
1 0.464583 0.109259 0.014583 0.011111
1 0.315365 0.294444 0.043229 0.027778
4 0.149219 0.116667 0.061979 0.055556
4 0.414844 0.193981 0.023438 0.104630