1 0.316667 0.311111 0.045833 0.029630
4 0.156250 0.118519 0.063542 0.057407
4 0.423177 0.203241 0.025521 0.112037
1 0.552604 0.060648 0.005208 0.006481
1 0.566927 0.075463 0.005729 0.008333
2 0.446875 0.091204 0.010417 0.030556
7 0.016667 0.096296 0.009375 0.009259
1 0.017708 0.106944 0.019792 0.013889
0 0.550521 0.050000 0.001042 0.007407
0 0.509635 0.437037 0.004688 0.027778
0 0.550521 0.056944 0.001042 0.006481
0 0.550521 0.056944 0.001042 0.006481
0 0.550521 0.054630 0.001042 0.007407
0 0.550521 0.056944 0.001042 0.006481
0 0.550521 0.054630 0.001042 0.007407
0 0.550521 0.056944 0.001042 0.006481
0 0.550521 0.057407 0.001042 0.007407
0 0.550521 0.054630 0.001042 0.007407
0 0.550521 0.055093 0.001042 0.006481
0 0.550521 0.056019 0.001042 0.004630
0 0.550521 0.054630 0.001042 0.007407
0 0.414583 0.084722 0.001042 0.010185
0 0.113021 0.168519 0.006250 0.016667
0 0.550521 0.054630 0.001042 0.007407
0 0.017969 0.114815 0.004688 0.007407
0 0.038802 0.106944 0.004688 0.012037
0 0.550521 0.055093 0.001042 0.006481
0 0.128125 0.070833 0.003125 0.008333
0 0.416667 0.145370 0.002083 0.014815
0 0.131510 0.070370 0.002604 0.007407
0 0.550521 0.053241 0.001042 0.006481
0 0.940104 0.295370 0.010417 0.016667
0 0.992708 0.411111 0.014583 0.037037
0 0.411979 0.156019 0.002083 0.015741
1 0.316406 0.311111 0.045313 0.029630
4 0.156250 0.118519 0.063542 0.057407
4 0.423177 0.203241 0.025521 0.112037