1 0.464323 0.110185 0.014062 0.011111
1 0.313542 0.297685 0.043750 0.028704
4 0.146875 0.117130 0.062500 0.056481
4 0.414062 0.195833 0.023958 0.106481
2 0.435156 0.089815 0.009896 0.029630
7 0.002344 0.096296 0.004688 0.009259
1 0.007292 0.106944 0.014583 0.013889
0 0.538021 0.046759 0.001042 0.006481
0 0.537500 0.049074 0.001042 0.007407
0 0.537240 0.057870 0.001563 0.004630
0 0.498698 0.406481 0.004688 0.025926
0 0.536979 0.056019 0.001042 0.006481
0 0.536979 0.056019 0.001042 0.006481
0 0.537240 0.053704 0.001563 0.007407
0 0.537240 0.057870 0.001563 0.004630
0 0.536979 0.056019 0.001042 0.006481
0 0.537240 0.053704 0.001563 0.007407
0 0.536979 0.056019 0.001042 0.006481
0 0.536979 0.056481 0.001042 0.007407
0 0.536979 0.056019 0.001042 0.004630
0 0.537240 0.053704 0.001563 0.007407
0 0.537240 0.054167 0.001563 0.006481
0 0.537240 0.055556 0.001563 0.003704
0 0.537240 0.053704 0.001563 0.007407
0 0.537240 0.057870 0.001563 0.004630
0 0.403385 0.083333 0.001563 0.009259
0 0.105729 0.166667 0.006250 0.016667
0 0.537240 0.053704 0.001563 0.007407
0 0.065885 0.082407 0.003646 0.009259
0 0.005990 0.114815 0.004688 0.007407
0 0.026042 0.107407 0.005208 0.011111
0 0.537240 0.054167 0.001563 0.006481
0 0.406250 0.142130 0.002083 0.013889
0 0.537500 0.052315 0.001042 0.006481
0 0.904167 0.277778 0.009375 0.016667
0 0.066927 0.079630 0.003646 0.009259
0 0.942448 0.375926 0.015104 0.033333
0 0.401823 0.151852 0.002604 0.014815
0 0.110156 0.170370 0.006771 0.016667
1 0.464323 0.110185 0.014062 0.011111
1 0.313021 0.298148 0.043750 0.027778
4 0.146875 0.117130 0.062500 0.056481
4 0.414062 0.195833 0.023958 0.106481