1 0.319010 0.330093 0.048437 0.030556
4 0.165365 0.120370 0.065104 0.057407
4 0.433073 0.212963 0.027604 0.118519
1 0.589323 0.082407 0.006771 0.009259
1 0.582812 0.077778 0.006250 0.009259
2 0.459635 0.093519 0.009896 0.031481
7 0.033333 0.096296 0.009375 0.009259
0 0.522656 0.481944 0.005729 0.030556
0 0.426302 0.086111 0.001563 0.009259
0 0.093750 0.082407 0.003125 0.009259
0 0.427604 0.150463 0.002083 0.015741
0 0.987500 0.319444 0.012500 0.018519
0 0.095833 0.079167 0.003125 0.008333
0 0.422656 0.161111 0.002604 0.016667
1 0.318490 0.330556 0.048437 0.031481
4 0.165365 0.120370 0.065104 0.057407
4 0.433073 0.212963 0.027604 0.118519