1 0.320573 0.325926 0.047396 0.031481
4 0.166667 0.119444 0.064583 0.057407
4 0.433333 0.210648 0.027083 0.117593
1 0.166406 0.143519 0.017188 0.014815
1 0.582031 0.077315 0.005729 0.008333
2 0.459635 0.093056 0.009896 0.030556
1 0.031510 0.106019 0.019271 0.013889
0 0.521875 0.472685 0.005208 0.028704
0 0.426302 0.086111 0.001563 0.009259
0 0.094531 0.081944 0.003646 0.008333
0 0.427604 0.149074 0.002083 0.014815
0 0.002344 0.121296 0.004688 0.012963
0 0.981510 0.315741 0.011979 0.018519
0 0.096354 0.079167 0.003125 0.008333
0 0.422917 0.160185 0.002083 0.016667
1 0.320312 0.326389 0.047917 0.030556
4 0.166667 0.119444 0.064583 0.057407
4 0.433333 0.210648 0.027083 0.117593