1 0.488802 0.116667 0.015104 0.011111
1 0.313542 0.339352 0.050000 0.032407
4 0.161458 0.121759 0.066667 0.058333
4 0.431250 0.217593 0.028125 0.122222
8 0.002865 0.097685 0.005729 0.008333
1 0.589844 0.083333 0.006771 0.009259
1 0.583333 0.078241 0.006250 0.008333
2 0.459115 0.094444 0.009896 0.031481
7 0.030208 0.097222 0.009375 0.009259
1 0.025521 0.107870 0.019792 0.013889
0 0.523177 0.502315 0.005729 0.030556
0 0.425260 0.087037 0.001563 0.009259
0 0.090365 0.082870 0.003646 0.008333
0 0.047135 0.108333 0.004688 0.011111
0 0.426302 0.152315 0.002604 0.015741
0 0.996094 0.327315 0.007812 0.019444
1 0.488802 0.116667 0.015104 0.011111
1 0.313281 0.339352 0.049479 0.032407
4 0.161458 0.121759 0.066667 0.058333
4 0.431250 0.217593 0.028125 0.122222