1 0.527865 0.124537 0.016146 0.012037
1 0.320573 0.393981 0.057813 0.036111
4 0.191406 0.125463 0.069271 0.060185
4 0.461198 0.244907 0.033854 0.143519
2 0.005208 0.118981 0.010417 0.039815
8 0.234635 0.119444 0.006771 0.011111
1 0.611198 0.065278 0.005729 0.006481
8 0.050260 0.096296 0.007812 0.009259
1 0.636979 0.089815 0.007292 0.009259
2 0.496615 0.099537 0.009896 0.032407
7 0.079167 0.096296 0.008333 0.009259
1 0.065625 0.107870 0.018750 0.013889
7 0.470052 0.096296 0.006771 0.009259
0 0.563281 0.663889 0.007812 0.038889
0 0.026563 0.119907 0.005208 0.012037
0 0.061198 0.117130 0.004688 0.006481
0 0.087500 0.107870 0.004167 0.012037
0 0.088542 0.220370 0.007292 0.014815
0 0.459635 0.164815 0.002604 0.016667
0 0.030729 0.124074 0.005208 0.012963
0 0.193750 0.075926 0.002083 0.005556
0 0.663281 0.095833 0.002604 0.006481
1 0.527865 0.124537 0.016146 0.012037
1 0.320312 0.393981 0.057292 0.036111
4 0.191406 0.125463 0.069271 0.060185
4 0.461198 0.244907 0.033854 0.143519