1 0.526302 0.123611 0.016146 0.012037
1 0.322656 0.387037 0.056771 0.035185
4 0.191667 0.124537 0.068750 0.060185
4 0.460417 0.241667 0.033333 0.140741
2 0.005469 0.118056 0.010937 0.039815
8 0.049479 0.096296 0.008333 0.009259
1 0.634635 0.089815 0.007812 0.009259
1 0.627344 0.084259 0.006771 0.009259
2 0.495313 0.099537 0.010417 0.032407
7 0.078385 0.096296 0.008854 0.009259
1 0.065625 0.106944 0.018750 0.013889
7 0.467969 0.095370 0.006771 0.009259
8 0.228646 0.121296 0.005208 0.012963
0 0.608333 0.053704 0.001042 0.007407
0 0.607552 0.053704 0.001563 0.007407
0 0.560677 0.643519 0.007812 0.038889
0 0.202604 0.060185 0.002083 0.007407
0 0.026563 0.119444 0.005208 0.012963
0 0.061458 0.116667 0.004167 0.007407
0 0.087500 0.107407 0.004167 0.011111
0 0.090885 0.217593 0.006771 0.014815
0 0.458594 0.163889 0.002604 0.016667
0 0.031510 0.123611 0.005729 0.012037
0 0.660937 0.094907 0.002083 0.006481
0 0.452865 0.176389 0.002604 0.017593
1 0.526302 0.123611 0.016146 0.012037
1 0.322135 0.387037 0.056771 0.035185
4 0.191667 0.124537 0.068750 0.060185
4 0.460417 0.241667 0.033333 0.140741