1 0.512760 0.121296 0.016146 0.011111
1 0.318229 0.370833 0.054167 0.034259
4 0.179948 0.123611 0.068229 0.060185
4 0.449479 0.233796 0.032292 0.134259
8 0.222396 0.118519 0.006250 0.011111
1 0.618750 0.087500 0.007292 0.008333
1 0.611458 0.081944 0.006250 0.008333
2 0.482031 0.097685 0.009896 0.032407
7 0.060938 0.096296 0.009375 0.009259
1 0.050521 0.107870 0.019792 0.013889
7 0.453385 0.094444 0.006771 0.009259
0 0.593229 0.051389 0.001042 0.006481
0 0.592448 0.052778 0.001563 0.007407
0 0.546615 0.591667 0.006771 0.035185
0 0.205729 0.062037 0.002083 0.007407
0 0.117188 0.082407 0.003125 0.009259
0 0.047135 0.116667 0.004688 0.007407
0 0.072396 0.107870 0.004167 0.012037
0 0.446615 0.160185 0.002604 0.016667
0 0.437240 0.089352 0.001563 0.010185
0 0.441146 0.172685 0.002083 0.017593
0 0.134115 0.182870 0.006771 0.017593
1 0.513021 0.121296 0.015625 0.011111
1 0.317969 0.371296 0.054688 0.035185
4 0.179948 0.123611 0.068229 0.060185
4 0.449479 0.233796 0.032292 0.134259