1 0.531510 0.130556 0.017188 0.012963
1 0.297135 0.451852 0.067188 0.042593
4 0.179167 0.131944 0.075000 0.063889
4 0.459635 0.270370 0.039062 0.162963
8 0.226302 0.124537 0.006771 0.012037
8 0.041667 0.100000 0.008333 0.009259
1 0.644792 0.094444 0.007292 0.009259
1 0.636979 0.088426 0.007292 0.010185
2 0.498958 0.104167 0.010417 0.034259
7 0.073437 0.100000 0.009375 0.009259
7 0.476562 0.100000 0.007292 0.009259
8 0.220052 0.127315 0.005729 0.013889
0 0.614323 0.053704 0.001563 0.007407
0 0.614583 0.055556 0.001042 0.007407
0 0.583333 0.850463 0.012500 0.047222
0 0.200521 0.062037 0.002083 0.007407
0 0.012240 0.125000 0.005729 0.012963
0 0.460417 0.093981 0.001042 0.010185
0 0.688281 0.106481 0.002604 0.011111
0 0.046094 0.122222 0.004688 0.007407
0 0.076563 0.111574 0.004167 0.012037
0 0.178385 0.072222 0.002604 0.007407
0 0.459375 0.176389 0.002083 0.017593
0 0.177344 0.072685 0.002604 0.008333
0 0.614323 0.059259 0.001563 0.007407
0 0.013021 0.130093 0.006250 0.013889
0 0.452865 0.191667 0.002604 0.018519
1 0.531510 0.130556 0.017188 0.012963
1 0.296615 0.451852 0.067188 0.042593
4 0.179167 0.131944 0.075000 0.063889
4 0.459635 0.270370 0.039062 0.162963