1 0.532552 0.135185 0.017188 0.012963
1 0.275000 0.502315 0.076042 0.049074
1 0.278646 0.277315 0.036458 0.026852
4 0.167708 0.136574 0.080208 0.067593
4 0.456510 0.290741 0.042188 0.181481
8 0.218229 0.128704 0.007292 0.012963
1 0.618490 0.068519 0.005729 0.007407
1 0.648177 0.097685 0.006771 0.010185
7 0.204688 0.135648 0.008333 0.013889
1 0.640885 0.091204 0.007812 0.010185
2 0.498958 0.107407 0.010417 0.035185
1 0.040365 0.115278 0.021354 0.015741
7 0.479167 0.102778 0.007292 0.009259
8 0.211458 0.131481 0.006250 0.014815
0 0.616146 0.055556 0.001042 0.007407
0 0.616406 0.056944 0.001563 0.008333
0 0.615885 0.064815 0.001563 0.007407
0 0.615885 0.064815 0.001563 0.007407
0 0.616406 0.062037 0.001563 0.007407
0 0.615885 0.064815 0.001563 0.007407
0 0.616406 0.062037 0.001563 0.007407
0 0.615885 0.064815 0.001563 0.007407
0 0.615885 0.064815 0.001563 0.007407
0 0.615885 0.064352 0.001563 0.004630
0 0.616406 0.062037 0.001563 0.007407
0 0.616146 0.062500 0.001042 0.008333
0 0.615885 0.064352 0.001563 0.004630
0 0.616406 0.062037 0.001563 0.007407
0 0.458854 0.096759 0.001042 0.010185
0 0.692969 0.109722 0.002604 0.012037
0 0.616406 0.062037 0.001563 0.007407
0 0.616146 0.062500 0.001042 0.008333
0 0.172656 0.073611 0.002604 0.008333
0 0.457552 0.184259 0.002604 0.018519
0 0.171094 0.074537 0.002604 0.008333
0 0.616406 0.060648 0.001563 0.008333
0 0.181250 0.080093 0.002083 0.006481
0 0.676302 0.102315 0.002604 0.006481
0 0.149479 0.183333 0.006250 0.018519
0 0.450781 0.201389 0.002604 0.019444
0 0.150000 0.161574 0.005208 0.015741
1 0.532552 0.135185 0.017188 0.012963
1 0.274479 0.502778 0.076042 0.048148
1 0.278646 0.277315 0.036458 0.026852
4 0.167708 0.136574 0.080208 0.067593
4 0.456510 0.290741 0.042188 0.181481