1 0.531250 0.128704 0.016667 0.012963
1 0.304167 0.436111 0.064583 0.040741
4 0.183073 0.130093 0.073437 0.063889
4 0.460938 0.263426 0.037500 0.158333
8 0.229427 0.123148 0.006771 0.011111
1 0.643490 0.093519 0.006771 0.009259
1 0.635938 0.087037 0.007292 0.009259
2 0.498958 0.103241 0.010417 0.034259
7 0.075781 0.099074 0.008854 0.009259
1 0.057031 0.110648 0.020312 0.013889
7 0.475521 0.099074 0.007292 0.009259
8 0.223177 0.125463 0.005729 0.013889
0 0.614323 0.052778 0.001563 0.007407
0 0.613802 0.055556 0.001563 0.007407
0 0.577083 0.795370 0.010417 0.044444
0 0.202083 0.061111 0.002083 0.007407
0 0.220313 0.062963 0.002083 0.007407
0 0.016927 0.123148 0.005729 0.012963
0 0.461198 0.093056 0.001563 0.010185
0 0.686719 0.105556 0.002604 0.011111
0 0.050781 0.120833 0.004688 0.008333
0 0.080469 0.110648 0.004688 0.012037
0 0.460156 0.173148 0.002604 0.016667
0 0.190104 0.077778 0.002083 0.005556
0 0.670573 0.098611 0.002604 0.006481
0 0.453906 0.187963 0.002604 0.018519
1 0.531250 0.128704 0.016667 0.012963
1 0.303646 0.436111 0.064583 0.040741
4 0.183073 0.130093 0.073437 0.063889
4 0.460938 0.263426 0.037500 0.158333