1 0.532812 0.136111 0.017708 0.012963
1 0.270573 0.512963 0.077604 0.050000
1 0.276042 0.280556 0.036458 0.027778
4 0.165625 0.137963 0.081250 0.068519
4 0.455990 0.294907 0.043229 0.184259
6 0.465885 0.118519 0.001563 0.009259
1 0.622917 0.071296 0.006250 0.007407
1 0.618750 0.068981 0.006250 0.006481
1 0.648698 0.098611 0.006771 0.010185
7 0.202865 0.136574 0.008854 0.013889
1 0.641406 0.091667 0.007812 0.009259
2 0.499219 0.108333 0.010937 0.035185
7 0.479688 0.103241 0.007292 0.010185
0 0.702083 0.113426 0.003125 0.012037
0 0.616406 0.056481 0.001563 0.007407
0 0.616927 0.057407 0.001563 0.007407
0 0.616406 0.065741 0.001563 0.007407
0 0.616406 0.065741 0.001563 0.007407
0 0.616406 0.062037 0.001563 0.007407
0 0.616406 0.065741 0.001563 0.007407
0 0.616406 0.062037 0.001563 0.007407
0 0.616406 0.065741 0.001563 0.007407
0 0.616406 0.065741 0.001563 0.007407
0 0.616406 0.064815 0.001563 0.005556
0 0.616406 0.062037 0.001563 0.007407
0 0.616406 0.062963 0.001563 0.007407
0 0.616406 0.064352 0.001563 0.004630
0 0.616406 0.062037 0.001563 0.007407
0 0.458594 0.097685 0.001563 0.010185
0 0.616406 0.062500 0.001563 0.008333
0 0.063802 0.115278 0.004688 0.012037
0 0.616406 0.062963 0.001563 0.007407
0 0.171875 0.073611 0.003125 0.008333
0 0.457031 0.186111 0.002604 0.018519
0 0.170052 0.074537 0.002604 0.008333
0 0.616406 0.061111 0.001563 0.007407
0 0.122396 0.083333 0.003125 0.009259
0 0.179948 0.081019 0.002604 0.006481
0 0.146615 0.185185 0.006771 0.018519
0 0.450260 0.203241 0.002604 0.019444
1 0.532812 0.136111 0.017708 0.012963
1 0.269792 0.512963 0.078125 0.050000
1 0.276042 0.280556 0.036458 0.027778
4 0.165625 0.137963 0.081250 0.068519
4 0.455990 0.294907 0.043229 0.184259