1 0.530729 0.128241 0.016667 0.012037
1 0.307031 0.428241 0.063021 0.039815
1 0.297396 0.251852 0.032292 0.024074
4 0.184375 0.129630 0.072917 0.062963
4 0.460677 0.260185 0.036979 0.155556
8 0.230469 0.122685 0.006771 0.012037
1 0.634896 0.087037 0.007292 0.009259
2 0.498958 0.102778 0.010417 0.033333
7 0.474740 0.098148 0.006771 0.009259
8 0.224219 0.125000 0.005729 0.012963
0 0.613281 0.052778 0.001563 0.007407
0 0.574219 0.770833 0.009896 0.045370
0 0.375521 0.092593 0.002083 0.009259
0 0.220313 0.062500 0.002083 0.006481
0 0.018490 0.123148 0.005729 0.012963
0 0.461198 0.093056 0.001563 0.010185
0 0.180469 0.071759 0.002604 0.008333
0 0.460156 0.171759 0.002604 0.017593
0 0.180469 0.071759 0.002604 0.008333
0 0.020573 0.127778 0.005729 0.012963
0 0.669271 0.098148 0.002083 0.005556
0 0.453906 0.186574 0.002604 0.017593
1 0.530729 0.128241 0.016667 0.012037
1 0.306771 0.429167 0.063542 0.039815
1 0.297396 0.251852 0.032292 0.024074
4 0.184375 0.129630 0.072917 0.062963
4 0.460677 0.260185 0.036979 0.155556