1 0.532031 0.133333 0.017188 0.012963
1 0.283594 0.482407 0.072396 0.046296
1 0.283333 0.270833 0.035417 0.026852
4 0.171875 0.135185 0.078125 0.066667
4 0.457552 0.282870 0.041146 0.175000
8 0.221354 0.127315 0.007292 0.012037
1 0.617708 0.068056 0.006250 0.006481
8 0.036198 0.101852 0.008854 0.009259
1 0.646615 0.096759 0.006771 0.010185
7 0.207813 0.133796 0.008333 0.013889
1 0.639323 0.090278 0.007812 0.010185
2 0.498958 0.106019 0.010417 0.034259
1 0.045052 0.113889 0.020312 0.014815
7 0.478125 0.101852 0.007292 0.009259
8 0.214583 0.130093 0.006250 0.013889
0 0.615365 0.054630 0.001563 0.007407
0 0.615885 0.056481 0.001563 0.007407
0 0.615365 0.066204 0.001563 0.004630
0 0.595833 0.967593 0.015625 0.053704
0 0.615365 0.064815 0.001563 0.007407
0 0.615365 0.064815 0.001563 0.007407
0 0.615365 0.062037 0.001563 0.007407
0 0.615365 0.066204 0.001563 0.004630
0 0.615365 0.064815 0.001563 0.007407
0 0.615365 0.062037 0.001563 0.007407
0 0.615365 0.064815 0.001563 0.007407
0 0.615365 0.064815 0.001563 0.007407
0 0.615365 0.063889 0.001563 0.005556
0 0.615365 0.062037 0.001563 0.007407
0 0.615365 0.062037 0.001563 0.007407
0 0.615365 0.063426 0.001563 0.004630
0 0.615365 0.062037 0.001563 0.007407
0 0.197917 0.062500 0.002083 0.006481
0 0.615365 0.066204 0.001563 0.004630
0 0.003385 0.126852 0.005729 0.012963
0 0.459375 0.095833 0.001042 0.010185
0 0.615365 0.062037 0.001563 0.007407
0 0.615365 0.062037 0.001563 0.007407
0 0.174740 0.073611 0.002604 0.008333
0 0.458073 0.181019 0.002604 0.017593
0 0.173698 0.073611 0.002604 0.008333
0 0.615365 0.060185 0.001563 0.007407
0 0.002865 0.132870 0.005729 0.013889
0 0.183594 0.079630 0.002604 0.005556
0 0.674740 0.101389 0.002604 0.006481
0 0.160938 0.158796 0.005208 0.015741
0 0.451562 0.197685 0.003125 0.019444
1 0.532031 0.133333 0.017188 0.012963
1 0.283073 0.483333 0.072396 0.046296
1 0.283333 0.270833 0.035417 0.026852
4 0.171875 0.135185 0.078125 0.066667
4 0.457552 0.282870 0.041146 0.175000