1 0.534375 0.143056 0.018750 0.013889
1 0.225521 0.614815 0.095833 0.062963
1 0.253646 0.309722 0.041667 0.030556
1 0.445052 0.117593 0.008854 0.011111
4 0.147396 0.145833 0.089583 0.073148
4 0.450260 0.332407 0.050521 0.218519
6 0.464844 0.124074 0.001563 0.009259
8 0.694010 0.119444 0.004688 0.012963
8 0.017969 0.107407 0.008854 0.009259
2 0.498958 0.112963 0.011458 0.037037
7 0.054427 0.107870 0.009896 0.010185
7 0.484375 0.107870 0.007292 0.010185
8 0.196354 0.138889 0.007292 0.014815
0 0.709896 0.118056 0.003125 0.012037
0 0.618490 0.056481 0.001563 0.007407
0 0.619792 0.058796 0.002083 0.008333
0 0.619531 0.064352 0.001563 0.008333
0 0.619531 0.064352 0.001563 0.008333
0 0.619531 0.064352 0.001563 0.008333
0 0.619531 0.064815 0.001563 0.007407
0 0.619531 0.064352 0.001563 0.008333
0 0.455990 0.101389 0.001563 0.010185
0 0.701042 0.115278 0.003125 0.012037
0 0.619531 0.064352 0.001563 0.008333
0 0.105990 0.089815 0.003646 0.009259
0 0.619531 0.064815 0.001563 0.007407
0 0.163802 0.076389 0.002604 0.008333
0 0.453906 0.199537 0.002604 0.019444
0 0.160417 0.077315 0.003125 0.008333
0 0.619531 0.062963 0.001563 0.007407
0 0.684115 0.107870 0.002604 0.006481
0 0.446354 0.219907 0.003125 0.021296
1 0.534375 0.143056 0.018750 0.013889
1 0.224740 0.615741 0.096354 0.062963
1 0.445052 0.117593 0.008854 0.011111
1 0.253646 0.309722 0.041667 0.030556
4 0.147396 0.145833 0.089583 0.073148
4 0.450260 0.332407 0.050521 0.218519