1 0.533594 0.139352 0.018229 0.013889
1 0.250260 0.559259 0.085938 0.055556
1 0.265365 0.294907 0.039062 0.028704
4 0.156771 0.141667 0.085417 0.070370
4 0.453125 0.312500 0.046875 0.200926
8 0.210417 0.132870 0.007292 0.012037
1 0.162760 0.166204 0.020312 0.017593
1 0.651302 0.100463 0.006771 0.010185
2 0.499219 0.110648 0.010937 0.036111
1 0.028906 0.118519 0.022396 0.014815
7 0.482292 0.105093 0.007292 0.010185
8 0.203385 0.135648 0.006771 0.013889
0 0.457292 0.099537 0.001042 0.010185
0 0.545833 0.064815 0.001042 0.007407
0 0.111719 0.087963 0.003646 0.009259
0 0.019271 0.130093 0.005208 0.008333
0 0.455469 0.192593 0.002604 0.018519
0 0.117448 0.084722 0.003646 0.010185
0 0.680469 0.105093 0.002604 0.006481
0 0.134635 0.191667 0.006771 0.018519
0 0.448438 0.211574 0.003125 0.021296
1 0.533594 0.139352 0.018229 0.013889
1 0.249219 0.559722 0.085938 0.056481
1 0.265365 0.294907 0.039062 0.028704
4 0.156771 0.141667 0.085417 0.070370
4 0.453125 0.312500 0.046875 0.200926