1 0.534115 0.142130 0.018229 0.013889
1 0.232552 0.599537 0.093229 0.060185
1 0.256771 0.305556 0.040625 0.029630
4 0.149740 0.145370 0.088021 0.072222
4 0.451042 0.326852 0.050000 0.212963
8 0.693229 0.119444 0.004167 0.012963
8 0.019531 0.106944 0.008854 0.010185
7 0.190625 0.142593 0.009375 0.014815
2 0.498958 0.112500 0.011458 0.036111
7 0.483854 0.106944 0.007292 0.010185
0 0.456510 0.100926 0.001563 0.011111
0 0.700000 0.114352 0.003125 0.012037
0 0.107552 0.089352 0.003646 0.010185
0 0.164844 0.075926 0.002604 0.009259
0 0.454427 0.197685 0.002604 0.019444
0 0.161719 0.077315 0.002604 0.008333
0 0.113542 0.086111 0.003125 0.009259
0 0.171354 0.082870 0.002083 0.006481
0 0.683073 0.106944 0.002604 0.006481
0 0.136979 0.171296 0.006250 0.016667
0 0.446875 0.218056 0.003125 0.021296
1 0.534115 0.142130 0.018229 0.013889
1 0.231510 0.600000 0.093229 0.061111
1 0.256771 0.305556 0.040625 0.029630
4 0.149740 0.145370 0.088021 0.072222
4 0.451042 0.326852 0.050000 0.212963