1 0.533333 0.137500 0.017708 0.013889
1 0.260417 0.535648 0.081250 0.052778
1 0.270573 0.287037 0.038021 0.027778
4 0.161198 0.140278 0.082813 0.069444
4 0.454688 0.303704 0.044792 0.192593
6 0.465885 0.119907 0.001563 0.008333
8 0.213542 0.131019 0.007292 0.012037
1 0.619531 0.069444 0.005729 0.007407
1 0.650000 0.099537 0.006250 0.010185
2 0.499219 0.109259 0.010937 0.035185
7 0.480729 0.104167 0.007292 0.010185
0 0.457812 0.098611 0.001042 0.010185
0 0.545833 0.064815 0.001042 0.007407
0 0.114583 0.087500 0.003125 0.010185
0 0.169792 0.074537 0.003125 0.008333
0 0.456510 0.189352 0.002604 0.019444
0 0.167708 0.075463 0.003125 0.008333
0 0.119792 0.084259 0.003125 0.009259
0 0.140365 0.187963 0.006771 0.018519
0 0.449219 0.207407 0.002604 0.020370
1 0.533333 0.137500 0.017708 0.013889
1 0.259896 0.535648 0.081250 0.052778
1 0.270573 0.287037 0.038021 0.027778
4 0.161198 0.140278 0.082813 0.069444
4 0.454688 0.303704 0.044792 0.192593