1 0.532812 0.136574 0.017708 0.013889
1 0.265365 0.523611 0.079687 0.050926
4 0.163542 0.138889 0.082292 0.068519
4 0.455208 0.299074 0.043750 0.188889
1 0.623438 0.071759 0.006250 0.008333
1 0.619271 0.069444 0.006250 0.007407
1 0.649479 0.098611 0.006250 0.010185
2 0.499219 0.108796 0.010937 0.036111
7 0.480208 0.103704 0.007292 0.009259
0 0.458333 0.097685 0.001042 0.010185
0 0.545833 0.064815 0.001042 0.007407
0 0.115885 0.087037 0.003646 0.009259
0 0.456510 0.187963 0.002604 0.018519
0 0.169010 0.075463 0.002604 0.008333
0 0.121094 0.083333 0.003646 0.009259
0 0.178906 0.081019 0.002604 0.006481
0 0.143490 0.187037 0.006771 0.018519
0 0.449740 0.205556 0.002604 0.020370
1 0.532812 0.136574 0.017708 0.013889
1 0.264844 0.524074 0.079687 0.051852
4 0.163542 0.138889 0.082292 0.068519
4 0.455208 0.299074 0.043750 0.188889