1 0.534896 0.144907 0.018750 0.013889
1 0.211458 0.647685 0.102083 0.067593
1 0.247135 0.318519 0.043229 0.031481
4 0.142188 0.148611 0.091667 0.075000
4 0.448438 0.343056 0.053125 0.228704
8 0.200260 0.137963 0.007812 0.012963
1 0.622917 0.071296 0.006250 0.007407
8 0.696094 0.121296 0.004688 0.012963
1 0.655208 0.104630 0.007292 0.011111
1 0.648958 0.097222 0.008333 0.011111
2 0.498958 0.114815 0.011458 0.037037
7 0.051823 0.108796 0.009896 0.010185
1 0.013802 0.122685 0.023438 0.015741
7 0.485938 0.108796 0.007292 0.010185
8 0.192708 0.140741 0.007292 0.014815
0 0.711979 0.119444 0.003125 0.012963
0 0.619010 0.057407 0.001563 0.007407
0 0.620573 0.059259 0.001563 0.007407
0 0.620052 0.064815 0.001563 0.007407
0 0.620052 0.064815 0.001563 0.007407
0 0.620052 0.064815 0.001563 0.007407
0 0.620052 0.065278 0.001563 0.008333
0 0.620052 0.064815 0.001563 0.007407
0 0.455469 0.102778 0.001563 0.011111
0 0.703125 0.116204 0.003125 0.012037
0 0.620052 0.064815 0.001563 0.007407
0 0.042708 0.121759 0.005208 0.012037
0 0.620052 0.065278 0.001563 0.008333
0 0.161719 0.076852 0.002604 0.009259
0 0.453125 0.203704 0.003125 0.020370
0 0.157813 0.078241 0.003125 0.008333
0 0.620573 0.062963 0.001563 0.007407
0 0.167448 0.084722 0.002604 0.006481
0 0.685677 0.108796 0.002604 0.006481
0 0.445312 0.225000 0.003125 0.022222
1 0.534896 0.144907 0.018750 0.013889
1 0.210417 0.648148 0.102083 0.066667
1 0.247135 0.318519 0.043229 0.031481
4 0.142188 0.148611 0.091667 0.075000
4 0.448438 0.343056 0.053125 0.228704