1 0.536198 0.150463 0.019271 0.013889
1 0.164844 0.752778 0.122396 0.081481
1 0.228125 0.343056 0.046875 0.034259
4 0.128385 0.154630 0.098438 0.077778
4 0.443229 0.375926 0.060417 0.261111
6 0.463281 0.129630 0.001563 0.009259
1 0.628646 0.075463 0.006250 0.008333
1 0.625000 0.073148 0.006250 0.007407
8 0.701823 0.125000 0.004688 0.012963
1 0.658073 0.107870 0.008854 0.012037
2 0.498958 0.118519 0.011458 0.038889
7 0.043490 0.111574 0.009896 0.010185
7 0.489062 0.111574 0.007292 0.010185
0 0.717448 0.123148 0.003646 0.012963
0 0.623177 0.057870 0.001563 0.008333
0 0.622656 0.060648 0.001563 0.008333
0 0.622135 0.066204 0.001563 0.008333
0 0.622135 0.066204 0.001563 0.008333
0 0.622135 0.066204 0.001563 0.008333
0 0.622135 0.066667 0.001563 0.007407
0 0.622135 0.066204 0.001563 0.008333
0 0.708333 0.119907 0.003125 0.012037
0 0.622135 0.066204 0.001563 0.008333
0 0.095052 0.092593 0.003646 0.009259
0 0.030208 0.125463 0.005208 0.013889
0 0.622135 0.066667 0.001563 0.007407
0 0.450521 0.214352 0.003125 0.021296
0 0.151042 0.080093 0.003125 0.008333
0 0.622396 0.064352 0.002083 0.008333
0 0.101823 0.088889 0.003646 0.009259
0 0.690885 0.112037 0.002604 0.007407
0 0.441927 0.238426 0.003646 0.023148
0 0.048958 0.240278 0.009375 0.023148
1 0.536198 0.150463 0.019271 0.013889
1 0.163802 0.753704 0.122396 0.081481
1 0.228125 0.343056 0.046875 0.034259
4 0.128385 0.154630 0.098438 0.077778
4 0.443229 0.375926 0.060417 0.261111