1 0.534896 0.145833 0.018750 0.013889
1 0.203385 0.665278 0.105729 0.069444
1 0.243750 0.323148 0.043750 0.031481
1 0.444271 0.119907 0.009375 0.010185
4 0.139844 0.149537 0.093229 0.075000
4 0.447396 0.349074 0.054167 0.235185
6 0.464063 0.125926 0.002083 0.009259
1 0.627083 0.074537 0.006250 0.008333
8 0.198437 0.138889 0.008333 0.012963
8 0.697135 0.122222 0.004688 0.012963
1 0.655729 0.105556 0.007292 0.011111
7 0.182812 0.146759 0.009375 0.015741
2 0.498958 0.115278 0.011458 0.037963
7 0.050260 0.108796 0.009896 0.010185
1 0.011458 0.123611 0.022917 0.015741
7 0.486458 0.109722 0.007292 0.010185
8 0.190885 0.141667 0.006771 0.014815
0 0.713021 0.119907 0.003125 0.012037
0 0.620573 0.068056 0.001563 0.008333
0 0.620573 0.068056 0.001563 0.008333
0 0.620573 0.064815 0.001563 0.007407
0 0.620573 0.068056 0.001563 0.008333
0 0.620573 0.064815 0.001563 0.007407
0 0.620573 0.068056 0.001563 0.008333
0 0.620573 0.068056 0.001563 0.008333
0 0.620573 0.067593 0.001563 0.005556
0 0.620573 0.064815 0.001563 0.007407
0 0.620573 0.065278 0.001563 0.008333
0 0.620573 0.067130 0.001563 0.004630
0 0.620573 0.064815 0.001563 0.007407
0 0.454948 0.102778 0.001563 0.011111
0 0.704167 0.117130 0.003125 0.012037
0 0.620573 0.065278 0.001563 0.008333
0 0.040365 0.122222 0.005729 0.012963
0 0.620573 0.065278 0.001563 0.008333
0 0.160417 0.077315 0.003125 0.008333
0 0.452604 0.205556 0.003125 0.020370
0 0.156771 0.078241 0.003125 0.008333
0 0.620573 0.063426 0.001563 0.008333
0 0.108073 0.087037 0.003646 0.009259
0 0.165885 0.084722 0.002604 0.006481
0 0.686719 0.109722 0.002604 0.006481
0 0.444792 0.227315 0.003125 0.021296
1 0.534896 0.145833 0.018750 0.013889
1 0.202604 0.665741 0.105208 0.070370
1 0.444271 0.119907 0.009375 0.010185
1 0.243750 0.323148 0.043750 0.031481
4 0.139844 0.149537 0.093229 0.075000
4 0.447396 0.349074 0.054167 0.235185