1 0.535417 0.148148 0.018750 0.014815
1 0.184896 0.707407 0.113542 0.075926
1 0.236198 0.332870 0.045313 0.032407
1 0.443750 0.121296 0.009375 0.011111
4 0.134115 0.152315 0.095312 0.076852
4 0.445312 0.362500 0.057292 0.247222
6 0.463802 0.127778 0.001563 0.009259
1 0.623958 0.072222 0.006250 0.007407
8 0.699479 0.123611 0.004167 0.013889
1 0.657031 0.106481 0.007812 0.011111
7 0.178385 0.149074 0.009896 0.014815
1 0.651563 0.099074 0.008333 0.011111
2 0.498958 0.117130 0.011458 0.037963
1 0.008854 0.125000 0.017708 0.016667
7 0.487760 0.110648 0.007812 0.010185
8 0.186458 0.143981 0.007292 0.015741
0 0.715104 0.121296 0.003125 0.012963
0 0.706250 0.118519 0.003125 0.012963
0 0.098177 0.091667 0.003646 0.009259
0 0.451562 0.210185 0.003125 0.020370
0 0.153906 0.079167 0.002604 0.008333
0 0.104948 0.087963 0.003646 0.009259
0 0.688802 0.111111 0.002604 0.007407
0 0.102865 0.209259 0.007812 0.020370
0 0.443229 0.233333 0.003125 0.022222
0 0.057813 0.235185 0.009375 0.022222
1 0.535677 0.148148 0.019271 0.014815
1 0.183854 0.707870 0.113542 0.075000
1 0.443750 0.121296 0.009375 0.011111
1 0.236198 0.332870 0.045313 0.032407
4 0.134115 0.152315 0.095312 0.076852
4 0.445312 0.362500 0.057292 0.247222