1 0.535417 0.147222 0.018750 0.014815
1 0.194792 0.685185 0.109375 0.072222
1 0.240104 0.327315 0.044792 0.032407
1 0.443750 0.120370 0.009375 0.011111
4 0.137240 0.150926 0.094271 0.075926
4 0.446615 0.355556 0.055729 0.240741
6 0.463802 0.126852 0.001563 0.009259
1 0.627604 0.074537 0.006250 0.008333
8 0.196615 0.139815 0.007812 0.012963
8 0.698177 0.122685 0.004688 0.013889
8 0.010417 0.109722 0.009375 0.010185
7 0.180729 0.147685 0.009375 0.015741
2 0.498958 0.116204 0.011458 0.037963
1 0.010156 0.124074 0.020312 0.016667
7 0.486979 0.109722 0.007292 0.010185
8 0.188802 0.142593 0.006771 0.014815
0 0.714063 0.120833 0.003125 0.012037
0 0.620833 0.069907 0.002083 0.004630
0 0.620833 0.068519 0.002083 0.007407
0 0.620833 0.068519 0.002083 0.007407
0 0.621094 0.065278 0.001563 0.008333
0 0.620833 0.069907 0.002083 0.004630
0 0.620833 0.068519 0.002083 0.007407
0 0.621094 0.065278 0.001563 0.008333
0 0.620833 0.068519 0.002083 0.007407
0 0.620833 0.068519 0.002083 0.007407
0 0.620833 0.067593 0.001042 0.005556
0 0.621094 0.065278 0.001563 0.008333
0 0.621094 0.065741 0.001563 0.007407
0 0.620833 0.067130 0.002083 0.004630
0 0.621094 0.065278 0.001563 0.008333
0 0.620833 0.069907 0.002083 0.004630
0 0.454688 0.103704 0.001042 0.011111
0 0.705208 0.117593 0.003125 0.012963
0 0.621094 0.065278 0.001563 0.008333
0 0.099740 0.091204 0.003646 0.010185
0 0.038021 0.123148 0.005208 0.012963
0 0.621094 0.065741 0.001563 0.007407
0 0.159375 0.077315 0.003125 0.008333
0 0.452083 0.207870 0.003125 0.019444
0 0.155208 0.078704 0.003125 0.009259
0 0.621094 0.063889 0.001563 0.007407
0 0.106510 0.087500 0.003646 0.010185
0 0.164844 0.085648 0.002604 0.006481
0 0.687760 0.110185 0.002604 0.007407
0 0.116667 0.178241 0.006250 0.017593
0 0.444010 0.230093 0.003646 0.021296
0 0.062500 0.232407 0.009375 0.022222
1 0.535417 0.147222 0.018750 0.014815
1 0.193750 0.685648 0.109375 0.073148
1 0.443750 0.120370 0.009375 0.011111
1 0.240104 0.327315 0.044792 0.032407
4 0.137240 0.150926 0.094271 0.075926
4 0.446615 0.355556 0.055729 0.240741