1 0.536719 0.153704 0.019271 0.014815
1 0.131771 0.827315 0.137500 0.093519
1 0.441927 0.125000 0.009896 0.011111
4 0.120312 0.158333 0.102083 0.081481
4 0.440104 0.397222 0.064583 0.283333
6 0.462760 0.131944 0.001563 0.010185
1 0.629687 0.076389 0.006250 0.008333
8 0.704948 0.127315 0.004688 0.013889
8 0.001823 0.113426 0.003646 0.010185
7 0.167708 0.154167 0.010417 0.015741
2 0.498698 0.120370 0.011979 0.038889
7 0.039062 0.113426 0.010417 0.010185
1 0.002083 0.128704 0.004167 0.016667
8 0.612760 0.180093 0.008854 0.015741
7 0.490885 0.113426 0.007812 0.010185
8 0.176823 0.148611 0.007812 0.015741
0 0.623177 0.069907 0.001563 0.008333
0 0.623177 0.069907 0.001563 0.008333
0 0.623698 0.067130 0.001563 0.008333
0 0.623177 0.069907 0.001563 0.008333
0 0.623698 0.067130 0.001563 0.008333
0 0.623177 0.069907 0.001563 0.008333
0 0.623177 0.069907 0.001563 0.008333
0 0.623177 0.069444 0.001563 0.005556
0 0.623698 0.067130 0.001563 0.008333
0 0.623438 0.067130 0.002083 0.008333
0 0.623438 0.068981 0.002083 0.004630
0 0.623698 0.067130 0.001563 0.008333
0 0.356250 0.106481 0.002083 0.011111
0 0.452344 0.106944 0.001563 0.012037
0 0.623698 0.067130 0.001563 0.008333
0 0.090365 0.093981 0.003646 0.010185
0 0.023177 0.127778 0.005729 0.012963
0 0.623438 0.067130 0.002083 0.008333
0 0.152604 0.079630 0.003125 0.009259
0 0.449479 0.220833 0.003125 0.021296
0 0.147135 0.081019 0.002604 0.008333
0 0.623698 0.065278 0.001563 0.008333
0 0.975521 0.292130 0.012500 0.026852
0 0.097656 0.089815 0.003646 0.009259
0 0.083073 0.220833 0.008854 0.021296
0 0.440365 0.246759 0.003646 0.023148
0 0.083594 0.189815 0.006771 0.018519
1 0.536719 0.153704 0.019271 0.014815
1 0.130990 0.828241 0.138021 0.093519
1 0.441927 0.125000 0.009896 0.011111
4 0.120312 0.158333 0.102083 0.081481
4 0.440104 0.397222 0.064583 0.283333