1 0.536979 0.154630 0.019792 0.014815
1 0.118750 0.856944 0.143750 0.097222
1 0.441667 0.125926 0.009375 0.011111
4 0.117448 0.159722 0.103646 0.082407
4 0.438542 0.405556 0.066667 0.290741
8 0.706250 0.128241 0.005208 0.013889
7 0.165625 0.155556 0.010417 0.016667
2 0.498958 0.121296 0.012500 0.038889
7 0.037500 0.114352 0.010417 0.010185
8 0.613021 0.181944 0.009375 0.015741
7 0.491667 0.114352 0.007292 0.010185
8 0.174740 0.150000 0.007812 0.016667
0 0.623698 0.070370 0.001563 0.007407
0 0.623698 0.070370 0.001563 0.007407
0 0.623698 0.067130 0.001563 0.008333
0 0.623698 0.070370 0.001563 0.007407
0 0.623698 0.067130 0.001563 0.008333
0 0.623698 0.070370 0.001563 0.007407
0 0.623698 0.070370 0.001563 0.007407
0 0.623698 0.069444 0.001563 0.005556
0 0.623698 0.067130 0.001563 0.008333
0 0.623698 0.067593 0.001563 0.007407
0 0.623698 0.068981 0.001563 0.004630
0 0.623698 0.067130 0.001563 0.008333
0 0.355469 0.106944 0.002604 0.012037
0 0.712760 0.122685 0.003646 0.012037
0 0.623698 0.067130 0.001563 0.008333
0 0.088542 0.093981 0.004167 0.010185
0 0.020573 0.128241 0.005729 0.013889
0 0.623698 0.067593 0.001563 0.007407
0 0.448958 0.223611 0.003125 0.021296
0 0.145833 0.081481 0.003125 0.009259
0 0.624219 0.065278 0.001563 0.008333
0 0.982031 0.296296 0.013021 0.027778
0 0.096094 0.090278 0.003646 0.010185
0 0.154687 0.088426 0.003125 0.006481
0 0.078906 0.222685 0.008854 0.021296
0 0.439323 0.249537 0.003646 0.023148
0 0.080208 0.191667 0.006250 0.018519
1 0.536979 0.154630 0.019792 0.014815
1 0.117708 0.857870 0.143750 0.097222
1 0.441667 0.125926 0.009375 0.011111
4 0.117448 0.159722 0.103646 0.082407
4 0.438542 0.405556 0.066667 0.290741