1 0.536458 0.152778 0.019792 0.014815
1 0.144010 0.800000 0.131771 0.088889
1 0.442187 0.124074 0.009375 0.011111
4 0.123177 0.156944 0.100521 0.080556
4 0.440885 0.389352 0.063021 0.275000
6 0.462760 0.131019 0.001563 0.010185
1 0.629427 0.075926 0.006771 0.007407
8 0.002604 0.112963 0.005208 0.011111
7 0.170052 0.153241 0.009896 0.015741
2 0.498958 0.119444 0.011458 0.038889
7 0.040625 0.112963 0.010417 0.011111
1 0.003385 0.128241 0.006771 0.017593
8 0.612240 0.178704 0.008854 0.014815
7 0.490365 0.112963 0.007812 0.011111
8 0.178646 0.147685 0.007292 0.015741
0 0.719531 0.124074 0.003646 0.012963
0 0.624219 0.057870 0.001563 0.008333
0 0.623438 0.061111 0.002083 0.007407
0 0.623177 0.066667 0.001563 0.007407
0 0.623177 0.066667 0.001563 0.007407
0 0.623177 0.066667 0.001563 0.007407
0 0.623177 0.067130 0.001563 0.008333
0 0.623177 0.066667 0.001563 0.007407
0 0.357031 0.105556 0.002604 0.011111
0 0.623177 0.066667 0.001563 0.007407
0 0.091927 0.093056 0.003646 0.010185
0 0.025781 0.126852 0.005729 0.012963
0 0.623177 0.067130 0.001563 0.008333
0 0.153646 0.079167 0.003125 0.008333
0 0.450000 0.218981 0.003125 0.021296
0 0.623177 0.064815 0.001563 0.007407
0 0.969010 0.288426 0.011979 0.026852
0 0.157552 0.087500 0.002604 0.006481
0 0.440885 0.243981 0.003646 0.023148
1 0.536458 0.152778 0.019792 0.014815
1 0.142969 0.800463 0.131771 0.089815
1 0.442187 0.124074 0.009375 0.011111
4 0.123177 0.156944 0.100521 0.080556
4 0.440885 0.389352 0.063021 0.275000