1 0.539062 0.163889 0.020833 0.016667
1 0.174740 0.413426 0.058854 0.041667
1 0.439323 0.131944 0.009896 0.012037
4 0.093750 0.170370 0.115625 0.088889
4 0.426823 0.477778 0.083854 0.370370
6 0.460938 0.139352 0.002083 0.010185
1 0.633594 0.078704 0.006771 0.009259
1 0.629948 0.076389 0.006771 0.008333
8 0.715625 0.134259 0.005208 0.014815
1 0.735937 0.147685 0.017708 0.019444
7 0.147917 0.164815 0.011458 0.016667
1 0.663021 0.107407 0.009375 0.011111
2 0.498958 0.127315 0.012500 0.041667
7 0.025260 0.119444 0.010937 0.011111
0 0.731250 0.131481 0.003125 0.012963
0 0.172656 0.069907 0.002604 0.008333
0 0.348958 0.111574 0.002083 0.012037
0 0.721875 0.128241 0.003125 0.013889
0 0.075781 0.097685 0.003646 0.010185
0 0.001823 0.134259 0.003646 0.012963
0 0.193750 0.345833 0.010417 0.030556
0 0.444531 0.243056 0.003646 0.023148
0 0.043490 0.346296 0.014062 0.031481
0 0.084635 0.093056 0.003646 0.010185
0 0.143229 0.091667 0.003125 0.007407
0 0.703646 0.120370 0.003125 0.007407
0 0.043490 0.243056 0.009896 0.023148
0 0.433854 0.275000 0.004167 0.025926
0 0.052604 0.202778 0.008333 0.020370
1 0.539062 0.163889 0.020833 0.016667
1 0.439323 0.131944 0.009896 0.012037
1 0.174740 0.413426 0.058854 0.041667
4 0.093750 0.170370 0.115625 0.088889
4 0.426823 0.477778 0.083854 0.370370