1 0.537760 0.157870 0.020312 0.015741
1 0.079167 0.948611 0.158333 0.102778
1 0.199219 0.381481 0.053646 0.038889
1 0.440885 0.128241 0.009896 0.012037
4 0.108594 0.163426 0.107813 0.084259
4 0.434635 0.430093 0.072396 0.317593
6 0.461719 0.135185 0.001563 0.009259
7 0.159115 0.158796 0.010937 0.015741
2 0.498958 0.123611 0.012500 0.039815
7 0.494010 0.116204 0.007812 0.010185
8 0.168229 0.153241 0.008333 0.015741
0 0.159635 0.181019 0.005729 0.010185
0 0.725260 0.127778 0.003646 0.012963
0 0.352865 0.108333 0.002604 0.011111
0 0.193490 0.069444 0.002604 0.007407
0 0.450781 0.109259 0.001563 0.011111
0 0.716146 0.125000 0.003125 0.012963
0 0.009115 0.251852 0.010937 0.024074
0 0.013281 0.130556 0.005729 0.012963
0 0.447135 0.230556 0.003646 0.022222
0 0.997396 0.308796 0.005208 0.028704
0 0.091927 0.091204 0.003646 0.010185
0 0.697917 0.116667 0.003125 0.007407
0 0.437240 0.258333 0.003646 0.024074
0 0.070312 0.195833 0.007292 0.019444
0 0.017969 0.257870 0.010937 0.025000
1 0.537760 0.157870 0.020312 0.015741
1 0.078385 0.949074 0.156771 0.101852
1 0.440885 0.128241 0.009896 0.012037
1 0.199219 0.381481 0.053646 0.038889
4 0.108594 0.163426 0.107813 0.084259
4 0.434635 0.430093 0.072396 0.317593