1 0.541406 0.166204 0.021354 0.015741
1 0.165625 0.427315 0.061458 0.043519
1 0.440104 0.133796 0.010417 0.012037
4 0.089583 0.173148 0.118750 0.090741
4 0.424479 0.500926 0.089583 0.396296
1 0.636198 0.079167 0.006771 0.008333
8 0.720052 0.136111 0.005729 0.014815
1 0.740625 0.150463 0.017708 0.019444
7 0.145313 0.166667 0.011458 0.016667
1 0.666667 0.108796 0.009375 0.012037
2 0.500781 0.129167 0.013021 0.041667
7 0.024740 0.120370 0.010937 0.011111
0 0.735677 0.132870 0.003646 0.013889
0 0.633594 0.061574 0.001563 0.008333
0 0.172917 0.070370 0.003125 0.007407
0 0.348958 0.112500 0.002083 0.012037
0 0.450000 0.113426 0.002083 0.012037
0 0.726302 0.130093 0.003646 0.013889
0 0.075000 0.098148 0.004167 0.011111
0 0.000781 0.135648 0.001563 0.013889
0 0.142708 0.082407 0.003125 0.009259
0 0.185937 0.355556 0.011458 0.031481
0 0.444792 0.248611 0.003125 0.023148
0 0.449740 0.112500 0.001563 0.012037
0 0.031510 0.356019 0.015104 0.032407
0 0.084115 0.093981 0.003646 0.010185
0 0.142708 0.092130 0.003125 0.006481
0 0.433333 0.281944 0.004167 0.026852
1 0.541406 0.166204 0.021354 0.015741
1 0.440104 0.133796 0.010417 0.012037
1 0.165625 0.427315 0.061458 0.043519
4 0.089583 0.173148 0.118750 0.090741
4 0.424479 0.500926 0.089583 0.396296