1 0.538281 0.161574 0.020312 0.015741
1 0.184635 0.400000 0.056771 0.040741
1 0.439583 0.130093 0.010417 0.012037
4 0.099479 0.167593 0.112500 0.087037
4 0.429948 0.457870 0.078646 0.347222
1 0.632552 0.078241 0.006771 0.008333
1 0.628906 0.075926 0.006771 0.007407
8 0.713021 0.132870 0.005208 0.013889
1 0.732813 0.145833 0.016667 0.019444
7 0.152083 0.162037 0.011458 0.016667
1 0.660937 0.106481 0.009375 0.011111
2 0.498958 0.125926 0.012500 0.040741
7 0.027865 0.118056 0.010937 0.010185
7 0.495833 0.118056 0.008333 0.010185
0 0.728385 0.130093 0.003646 0.013889
0 0.173698 0.069444 0.002604 0.007407
0 0.350260 0.110185 0.002604 0.011111
0 0.189844 0.069907 0.002604 0.008333
0 0.449740 0.111111 0.001563 0.011111
0 0.719271 0.126852 0.003125 0.012963
0 0.078646 0.096759 0.004167 0.010185
0 0.005469 0.132870 0.005729 0.013889
0 0.202344 0.336574 0.009896 0.030556
0 0.445312 0.237963 0.003125 0.022222
0 0.087240 0.093056 0.003646 0.010185
0 0.701042 0.118519 0.003125 0.007407
0 0.052344 0.237963 0.009896 0.022222
0 0.434896 0.268056 0.004167 0.025000
0 0.059115 0.199537 0.007812 0.019444
1 0.538281 0.161574 0.020312 0.015741
1 0.439583 0.130093 0.010417 0.012037
1 0.184635 0.400000 0.056771 0.040741
4 0.099479 0.167593 0.112500 0.087037
4 0.429948 0.457870 0.078646 0.347222