1 0.538021 0.158796 0.020833 0.015741
1 0.072917 0.965741 0.145833 0.068519
1 0.194531 0.387037 0.054688 0.038889
1 0.440365 0.128704 0.009896 0.011111
4 0.105729 0.164815 0.109375 0.085185
4 0.433333 0.438889 0.073958 0.325926
7 0.157031 0.160185 0.010937 0.016667
2 0.498958 0.124537 0.012500 0.039815
7 0.031510 0.116667 0.010937 0.011111
7 0.494531 0.116667 0.007812 0.011111
8 0.166146 0.154167 0.008333 0.015741
0 0.157031 0.182407 0.005729 0.011111
0 0.726302 0.128704 0.003646 0.012963
0 0.352083 0.109259 0.002083 0.011111
0 0.192448 0.069444 0.002604 0.007407
0 0.717188 0.125000 0.003125 0.012963
0 0.004948 0.253704 0.009896 0.024074
0 0.082292 0.095833 0.004167 0.010185
0 0.446615 0.232870 0.003646 0.023148
0 0.090365 0.092130 0.003646 0.010185
0 0.698958 0.117593 0.003125 0.007407
0 0.436719 0.261574 0.003646 0.025000
0 0.067188 0.197685 0.007292 0.019444
0 0.013021 0.260648 0.011458 0.025000
1 0.538021 0.158796 0.020833 0.015741
1 0.072396 0.966204 0.144792 0.067593
1 0.440365 0.128704 0.009896 0.011111
1 0.194531 0.387037 0.054688 0.038889
4 0.105729 0.164815 0.109375 0.085185
4 0.433333 0.438889 0.073958 0.325926