1 0.540104 0.165278 0.020833 0.015741
1 0.170312 0.420370 0.060417 0.042593
1 0.439844 0.132870 0.009896 0.012037
4 0.091667 0.171759 0.117708 0.089815
4 0.425521 0.489352 0.086458 0.382407
1 0.634896 0.079167 0.006250 0.008333
1 0.631510 0.076852 0.006771 0.007407
8 0.717708 0.135185 0.005208 0.014815
7 0.146615 0.165741 0.011979 0.016667
1 0.664844 0.108333 0.009896 0.011111
2 0.500000 0.128241 0.012500 0.041667
7 0.024740 0.119444 0.010937 0.011111
0 0.733594 0.131944 0.003646 0.013889
0 0.172656 0.070370 0.002604 0.007407
0 0.348958 0.112037 0.002083 0.011111
0 0.449479 0.112500 0.002083 0.012037
0 0.723958 0.129167 0.003125 0.013889
0 0.075521 0.097685 0.004167 0.010185
0 0.001302 0.134722 0.002604 0.013889
0 0.189844 0.350926 0.010937 0.031481
0 0.444531 0.245833 0.003646 0.023148
0 0.448958 0.112500 0.002083 0.012037
0 0.084375 0.093981 0.004167 0.010185
0 0.142969 0.091667 0.002604 0.007407
0 0.039844 0.245370 0.009896 0.024074
0 0.433854 0.278241 0.004167 0.026852
1 0.540104 0.165278 0.020833 0.015741
1 0.439844 0.132870 0.009896 0.012037
1 0.170312 0.420370 0.060417 0.042593
4 0.091667 0.171759 0.117708 0.089815
4 0.425521 0.489352 0.086458 0.382407