1 0.543750 0.173148 0.021875 0.016667
1 0.134896 0.468981 0.068750 0.049074
1 0.439323 0.137963 0.010937 0.012963
4 0.073437 0.181019 0.128125 0.095370
4 0.413542 0.569907 0.108333 0.478704
1 0.749479 0.155556 0.018750 0.020370
1 0.103385 0.199074 0.026563 0.022222
2 0.501562 0.133796 0.013542 0.043519
7 0.017188 0.123611 0.011458 0.012037
7 0.505729 0.124537 0.008333 0.012037
0 0.742969 0.137500 0.003646 0.013889
0 0.169271 0.071759 0.003125 0.008333
0 0.345052 0.115741 0.002604 0.012963
0 0.067448 0.100463 0.004688 0.010185
0 0.160417 0.384259 0.012500 0.033333
0 0.442448 0.263426 0.003646 0.025000
0 0.128385 0.087037 0.003646 0.009259
0 0.714583 0.125926 0.003125 0.007407
0 0.010677 0.262500 0.010937 0.025000
0 0.429948 0.301852 0.004688 0.027778
1 0.543750 0.173148 0.021875 0.016667
1 0.439323 0.137963 0.010937 0.012963
1 0.134896 0.468981 0.068750 0.049074
4 0.073437 0.181019 0.128125 0.095370
4 0.413542 0.569907 0.108333 0.478704