1 0.544792 0.178241 0.022917 0.017593
1 0.104427 0.508333 0.076563 0.053704
1 0.437760 0.141667 0.010937 0.012963
4 0.063281 0.187500 0.126563 0.100926
4 0.401042 0.640741 0.128125 0.570370
8 0.733073 0.144907 0.005729 0.015741
1 0.755729 0.159722 0.019792 0.021296
1 0.093490 0.204167 0.027604 0.023148
2 0.501562 0.137037 0.013542 0.044444
7 0.009635 0.126852 0.011979 0.011111
7 0.508854 0.127315 0.008333 0.012037
0 0.748438 0.140741 0.004167 0.014815
0 0.341406 0.118519 0.002604 0.012963
0 0.178385 0.073611 0.002604 0.008333
0 0.738542 0.137500 0.004167 0.013889
0 0.059896 0.102315 0.004167 0.010185
0 0.135677 0.410648 0.014062 0.036111
0 0.439583 0.276852 0.004167 0.025926
0 0.037240 0.417593 0.017188 0.037037
0 0.719271 0.129167 0.003125 0.008333
0 0.425781 0.319444 0.004688 0.029630
1 0.544792 0.178241 0.022917 0.017593
1 0.437760 0.141667 0.010937 0.012963
1 0.104427 0.508333 0.076563 0.053704
4 0.063281 0.187500 0.126563 0.100926
4 0.401042 0.640741 0.128125 0.570370