1 0.545313 0.180093 0.022917 0.017593
1 0.096615 0.518519 0.078646 0.055556
1 0.437240 0.142593 0.010937 0.012963
4 0.061979 0.189352 0.123958 0.100926
4 0.397396 0.661111 0.134375 0.596296
8 0.734635 0.145833 0.005729 0.015741
1 0.757292 0.160648 0.019792 0.021296
1 0.091146 0.205556 0.028125 0.022222
2 0.501562 0.138426 0.013542 0.045370
7 0.008073 0.127315 0.011979 0.012037
7 0.509896 0.128241 0.008333 0.012037
0 0.750000 0.141667 0.004167 0.014815
0 0.164323 0.073611 0.002604 0.008333
0 0.340365 0.118981 0.002604 0.012037
0 0.177344 0.073611 0.002604 0.008333
0 0.739844 0.138426 0.003646 0.013889
0 0.058333 0.102778 0.004167 0.011111
0 0.130990 0.086111 0.003646 0.009259
0 0.129688 0.417593 0.014583 0.037037
0 0.438542 0.280556 0.004167 0.025926
0 0.030208 0.424074 0.017708 0.037037
0 0.720573 0.130093 0.003646 0.008333
0 0.424740 0.324074 0.004688 0.029630
1 0.545313 0.180093 0.022917 0.017593
1 0.437240 0.142593 0.010937 0.012963
1 0.096615 0.518519 0.078646 0.055556
4 0.061979 0.189352 0.123958 0.100926
4 0.397396 0.661111 0.134375 0.596296