1 0.544531 0.175463 0.022396 0.017593
1 0.120052 0.487963 0.072396 0.051852
1 0.438542 0.139815 0.010417 0.012963
4 0.066146 0.184259 0.132292 0.098148
4 0.407552 0.603704 0.117188 0.522222
1 0.752604 0.157870 0.018750 0.021296
1 0.098438 0.201852 0.027083 0.022222
1 0.674479 0.113889 0.010417 0.012963
2 0.501562 0.135648 0.013542 0.043519
7 0.013542 0.125000 0.011458 0.011111
7 0.507292 0.125926 0.008333 0.011111
0 0.745833 0.138889 0.004167 0.014815
0 0.167448 0.072685 0.002604 0.008333
0 0.343490 0.117130 0.002604 0.012037
0 0.063802 0.101389 0.004688 0.010185
0 0.148438 0.397222 0.013542 0.035185
0 0.440885 0.269907 0.003646 0.025000
0 0.716927 0.127315 0.003646 0.008333
0 0.427865 0.310648 0.004688 0.028704
1 0.544531 0.175463 0.022396 0.017593
1 0.438542 0.139815 0.010417 0.012963
1 0.120052 0.487963 0.072396 0.051852
4 0.066146 0.184259 0.132292 0.098148
4 0.407552 0.603704 0.117188 0.522222