1 0.544010 0.174537 0.022396 0.017593
1 0.127604 0.477778 0.070833 0.050000
1 0.439063 0.138889 0.010417 0.012963
4 0.069792 0.182407 0.130208 0.096296
4 0.410417 0.586111 0.112500 0.500000
6 0.461458 0.147222 0.002083 0.011111
1 0.751042 0.156481 0.018750 0.020370
1 0.101042 0.200000 0.027083 0.022222
7 0.130729 0.174537 0.012500 0.017593
2 0.501562 0.134722 0.013542 0.043519
7 0.015625 0.124537 0.011458 0.012037
7 0.506250 0.125000 0.008333 0.011111
0 0.744531 0.137963 0.003646 0.014815
0 0.344531 0.116204 0.002604 0.012037
0 0.182031 0.072685 0.002604 0.008333
0 0.065625 0.100926 0.004167 0.011111
0 0.154427 0.390741 0.013021 0.035185
0 0.441667 0.267130 0.004167 0.025000
0 0.075781 0.096759 0.003646 0.010185
0 0.715625 0.126852 0.003125 0.007407
0 0.005469 0.266204 0.010937 0.025000
0 0.428906 0.305556 0.004688 0.027778
1 0.544010 0.174537 0.022396 0.017593
1 0.439063 0.138889 0.010417 0.012963
1 0.127604 0.477778 0.070833 0.050000
4 0.069792 0.182407 0.130208 0.096296
4 0.410417 0.586111 0.112500 0.500000