1 0.544531 0.177315 0.022396 0.017593
1 0.112240 0.497685 0.074479 0.052778
1 0.438281 0.140741 0.010937 0.012963
4 0.064583 0.185648 0.129167 0.099074
4 0.404167 0.622222 0.122917 0.546296
6 0.460938 0.149074 0.002083 0.011111
1 0.754167 0.158796 0.019792 0.021296
1 0.096094 0.202778 0.027604 0.022222
2 0.501562 0.136111 0.013542 0.044444
7 0.011719 0.125926 0.011979 0.011111
7 0.508073 0.126852 0.008854 0.011111
0 0.166406 0.072685 0.002604 0.008333
0 0.342448 0.118056 0.002604 0.012037
0 0.737240 0.136574 0.003646 0.013889
0 0.061979 0.101852 0.004167 0.011111
0 0.133594 0.085185 0.003646 0.009259
0 0.142188 0.404167 0.013542 0.036111
0 0.440104 0.273611 0.004167 0.025000
0 0.718229 0.128241 0.003125 0.008333
0 0.426823 0.314815 0.004688 0.029630
1 0.544531 0.177315 0.022396 0.017593
1 0.438281 0.140741 0.010937 0.012963
1 0.112240 0.497685 0.074479 0.052778
4 0.064583 0.185648 0.129167 0.099074
4 0.404167 0.622222 0.122917 0.546296