1 0.549479 0.197222 0.025000 0.020370
1 0.017188 0.674537 0.034375 0.076852
1 0.433333 0.153241 0.011458 0.013889
4 0.045313 0.211111 0.090625 0.116667
4 0.323438 0.730556 0.265625 0.538889
8 0.751823 0.157407 0.006771 0.016667
1 0.690625 0.125926 0.011458 0.012963
2 0.502083 0.149537 0.014583 0.049074
7 0.520052 0.137037 0.008854 0.012963
2 0.616146 0.074074 0.020833 0.024074
0 0.153385 0.076389 0.002604 0.008333
0 0.329427 0.126852 0.002604 0.012963
0 0.163542 0.077315 0.003125 0.008333
0 0.755990 0.148611 0.004688 0.015741
0 0.116406 0.090278 0.003646 0.010185
0 0.040625 0.514815 0.020833 0.042593
0 0.429427 0.325000 0.004688 0.029630
0 0.447396 0.126852 0.002083 0.012963
0 0.103385 0.093981 0.003646 0.010185
0 0.108854 0.102315 0.003125 0.008333
0 0.735677 0.139352 0.003646 0.008333
0 0.410677 0.385648 0.006771 0.034259
1 0.549479 0.197222 0.025000 0.020370
1 0.433333 0.153241 0.011458 0.013889
1 0.017188 0.674537 0.034375 0.076852
4 0.045313 0.211111 0.090625 0.116667
4 0.323438 0.730556 0.265625 0.538889