1 0.549740 0.195833 0.024479 0.019444
1 0.023438 0.655556 0.046875 0.074074
1 0.434375 0.152315 0.011458 0.013889
4 0.047656 0.208333 0.095312 0.114815
4 0.335417 0.724537 0.244792 0.550926
6 0.458594 0.162037 0.002604 0.011111
8 0.750781 0.156481 0.006771 0.016667
1 0.065625 0.219907 0.031250 0.025000
1 0.690104 0.125000 0.011458 0.012963
2 0.502604 0.148148 0.014583 0.048148
8 0.646875 0.238426 0.012500 0.021296
7 0.621875 0.238889 0.016667 0.020370
7 0.519531 0.136111 0.008854 0.012963
0 0.765625 0.150926 0.004167 0.014815
0 0.331250 0.125926 0.003125 0.012963
0 0.040365 0.107870 0.004688 0.012037
0 0.118490 0.089815 0.003646 0.009259
0 0.051562 0.503704 0.019792 0.042593
0 0.430990 0.320370 0.004688 0.029630
0 0.448438 0.125926 0.002083 0.012963
0 0.735156 0.138426 0.003646 0.008333
0 0.412760 0.379167 0.005729 0.034259
1 0.549740 0.195833 0.024479 0.019444
1 0.434375 0.152315 0.011458 0.013889
1 0.023438 0.655556 0.046875 0.074074
4 0.047656 0.208333 0.095312 0.114815
4 0.335417 0.724537 0.244792 0.550926