1 0.547917 0.187500 0.023958 0.019444
1 0.050781 0.579167 0.091146 0.063889
1 0.436198 0.147222 0.010937 0.012963
4 0.055208 0.198611 0.110417 0.108333
4 0.373958 0.700926 0.175000 0.598148
8 0.742969 0.150926 0.006771 0.016667
1 0.766146 0.166667 0.020833 0.022222
1 0.079167 0.212500 0.029167 0.023148
1 0.684115 0.120370 0.010937 0.012963
2 0.502344 0.143519 0.014062 0.046296
7 0.002865 0.131019 0.005729 0.012037
8 0.640104 0.226852 0.011458 0.020370
7 0.616146 0.227315 0.015625 0.019444
7 0.514844 0.131944 0.008854 0.012037
0 0.757812 0.146296 0.004167 0.014815
0 0.160417 0.074537 0.003125 0.008333
0 0.336198 0.122222 0.002604 0.012963
0 0.094271 0.456944 0.016667 0.039815
0 0.435417 0.299074 0.004167 0.027778
0 0.448958 0.122685 0.002083 0.012037
0 0.113802 0.090741 0.003646 0.009259
0 0.419531 0.350000 0.005729 0.031481
1 0.547917 0.187500 0.023958 0.019444
1 0.436198 0.147222 0.010937 0.012963
1 0.050781 0.579167 0.091146 0.063889
4 0.055208 0.198611 0.110417 0.108333
4 0.373958 0.700926 0.175000 0.598148