1 0.547917 0.188889 0.023958 0.018519
1 0.043750 0.593056 0.087500 0.065741
1 0.435937 0.148148 0.011458 0.012963
4 0.053646 0.200000 0.107292 0.109259
4 0.367969 0.705093 0.185937 0.589815
6 0.459635 0.157407 0.002604 0.011111
1 0.767708 0.167593 0.020833 0.022222
1 0.685156 0.121296 0.010937 0.012963
2 0.502344 0.144444 0.014062 0.046296
7 0.001823 0.131944 0.003646 0.012037
8 0.641406 0.229167 0.011979 0.019444
7 0.617188 0.229630 0.015625 0.018519
7 0.515885 0.132870 0.008854 0.012037
0 0.335156 0.123148 0.002604 0.012963
0 0.123958 0.087963 0.003125 0.009259
0 0.086458 0.465278 0.017708 0.039815
0 0.434635 0.303241 0.004688 0.028704
0 0.448958 0.123148 0.002083 0.012963
0 0.417969 0.355093 0.005729 0.032407
1 0.547917 0.188889 0.023958 0.018519
1 0.435937 0.148148 0.011458 0.012963
1 0.043750 0.593056 0.087500 0.065741
4 0.053646 0.200000 0.107292 0.109259
4 0.367969 0.705093 0.185937 0.589815