1 0.547135 0.184259 0.023438 0.018519
1 0.071354 0.553241 0.085417 0.060185
1 0.437240 0.145370 0.010937 0.012963
4 0.058333 0.194444 0.116667 0.105556
4 0.385156 0.692593 0.155729 0.614815
8 0.740104 0.148611 0.006250 0.015741
1 0.762760 0.163889 0.020312 0.022222
1 0.084635 0.209722 0.028646 0.023148
1 0.681771 0.118519 0.010417 0.012963
2 0.502344 0.141204 0.014062 0.045370
7 0.004948 0.129167 0.009896 0.012037
7 0.614323 0.223148 0.015104 0.018519
7 0.513281 0.130556 0.008854 0.011111
0 0.754948 0.144444 0.003646 0.014815
0 0.162500 0.074074 0.003125 0.009259
0 0.338281 0.121296 0.002604 0.012963
0 0.174740 0.074537 0.002604 0.008333
0 0.744792 0.141204 0.004167 0.013889
0 0.128125 0.087037 0.003125 0.009259
0 0.109896 0.440278 0.015625 0.037963
0 0.436979 0.291204 0.004167 0.026852
0 0.009115 0.447222 0.018229 0.038889
0 0.421875 0.338426 0.005208 0.030556
1 0.547135 0.184259 0.023438 0.018519
1 0.437240 0.145370 0.010937 0.012963
1 0.071354 0.553241 0.085417 0.060185
4 0.058333 0.194444 0.116667 0.105556
4 0.385156 0.692593 0.155729 0.614815