1 0.548698 0.192130 0.024479 0.019444
1 0.034375 0.622222 0.068750 0.070370
1 0.434896 0.150463 0.011458 0.013889
4 0.050781 0.204167 0.101562 0.112037
4 0.354167 0.714352 0.210417 0.571296
6 0.308594 0.082870 0.005729 0.006481
1 0.071354 0.216667 0.030208 0.024074
1 0.687500 0.123148 0.011458 0.012963
2 0.502604 0.146296 0.014583 0.048148
8 0.644010 0.233333 0.011979 0.020370
7 0.517708 0.134722 0.009375 0.012037
0 0.157552 0.075463 0.002604 0.008333
0 0.333333 0.125000 0.003125 0.012963
0 0.121354 0.088889 0.003125 0.009259
0 0.070312 0.483333 0.018750 0.040741
0 0.433073 0.311574 0.004688 0.028704
0 0.732031 0.136574 0.003646 0.008333
0 0.415625 0.366667 0.006250 0.033333
1 0.548698 0.192130 0.024479 0.019444
1 0.434896 0.150463 0.011458 0.013889
1 0.034375 0.622222 0.068750 0.070370
4 0.050781 0.204167 0.101562 0.112037
4 0.354167 0.714352 0.210417 0.571296