1 0.549219 0.199074 0.025521 0.020370
1 0.010156 0.694907 0.020312 0.080556
4 0.042969 0.213426 0.085938 0.119444
4 0.309375 0.736111 0.290625 0.527778
8 0.752344 0.158333 0.006771 0.016667
1 0.776302 0.174074 0.022396 0.024074
1 0.691146 0.126389 0.011458 0.013889
2 0.501042 0.150463 0.014583 0.049074
7 0.520052 0.137963 0.008854 0.012963
2 0.615885 0.074074 0.020312 0.024074
0 0.766927 0.152315 0.004688 0.015741
0 0.151042 0.077315 0.003125 0.008333
0 0.327344 0.127778 0.002604 0.012963
0 0.756510 0.149537 0.004688 0.015741
0 0.029167 0.526852 0.021875 0.044444
0 0.427604 0.330093 0.005208 0.030556
0 0.446354 0.127778 0.002083 0.012963
0 0.105729 0.102778 0.003125 0.007407
0 0.736198 0.140278 0.003646 0.008333
0 0.408333 0.393056 0.006250 0.034259
1 0.549219 0.199074 0.025521 0.020370
1 0.010156 0.694907 0.020312 0.080556
4 0.042969 0.213426 0.085938 0.119444
4 0.309375 0.736111 0.290625 0.527778