1 0.550521 0.210185 0.027083 0.020370
1 0.427865 0.161111 0.011979 0.014815
4 0.031250 0.228241 0.062500 0.130556
4 0.223177 0.778704 0.446354 0.442593
8 0.427865 0.656944 0.011979 0.078704
1 0.785677 0.181019 0.023438 0.025000
1 0.697917 0.132407 0.012500 0.014815
2 0.499740 0.157870 0.015104 0.050926
7 0.629427 0.260185 0.018229 0.022222
7 0.524740 0.143519 0.009896 0.012963
0 0.775260 0.158796 0.004688 0.015741
0 0.142708 0.079167 0.003125 0.008333
0 0.318750 0.132870 0.003125 0.013889
0 0.124479 0.079167 0.003125 0.008333
0 0.151042 0.079630 0.003125 0.009259
0 0.018750 0.112500 0.005208 0.012037
0 0.102865 0.093056 0.003646 0.010185
0 0.419531 0.362500 0.005729 0.032407
0 0.087760 0.097222 0.003646 0.011111
0 0.033594 0.107407 0.004688 0.011111
0 0.092448 0.106481 0.003646 0.007407
0 0.396354 0.440278 0.007292 0.037963
1 0.550521 0.210185 0.027083 0.020370
1 0.427865 0.161111 0.011979 0.014815
4 0.031250 0.228241 0.062500 0.130556
4 0.223177 0.778704 0.446354 0.442593