1 0.548958 0.202778 0.026042 0.020370
1 0.429948 0.156944 0.011979 0.013889
4 0.038802 0.218519 0.077604 0.122222
4 0.274740 0.749074 0.353646 0.501852
8 0.754427 0.160185 0.006771 0.016667
1 0.778385 0.175926 0.022396 0.024074
1 0.692448 0.128241 0.011979 0.013889
2 0.500000 0.152778 0.014583 0.050000
7 0.520833 0.139815 0.009375 0.012963
2 0.615885 0.075000 0.020312 0.024074
0 0.769010 0.154167 0.004688 0.015741
0 0.147396 0.077778 0.003125 0.009259
0 0.323958 0.129630 0.003125 0.012963
0 0.156771 0.078241 0.003125 0.008333
0 0.758333 0.151389 0.004167 0.015741
0 0.109115 0.091204 0.003646 0.010185
0 0.008854 0.551389 0.017708 0.045370
0 0.424479 0.340278 0.005208 0.030556
0 0.445052 0.129630 0.001563 0.012963
0 0.095052 0.094907 0.003646 0.010185
0 0.041406 0.104630 0.004688 0.011111
0 0.100260 0.104167 0.003646 0.008333
0 0.738021 0.142130 0.004167 0.008333
0 0.403906 0.407870 0.006771 0.036111
1 0.548958 0.202778 0.026042 0.020370
1 0.429948 0.156944 0.011979 0.013889
4 0.038802 0.218519 0.077604 0.122222
4 0.274740 0.749074 0.353646 0.501852