1 0.549479 0.206481 0.026042 0.020370
4 0.224479 0.762500 0.448958 0.475000
8 0.757812 0.162500 0.007292 0.017593
1 0.782031 0.178704 0.023438 0.024074
2 0.499740 0.155093 0.015104 0.050926
7 0.626562 0.254167 0.017708 0.021296
7 0.522917 0.141667 0.009375 0.012963
2 0.617188 0.075926 0.020833 0.024074
0 0.772135 0.156019 0.004688 0.015741
0 0.145052 0.078241 0.002604 0.008333
0 0.321354 0.131019 0.003125 0.013889
0 0.154167 0.079167 0.003125 0.008333
0 0.761458 0.153241 0.004167 0.015741
0 0.105990 0.092130 0.003646 0.010185
0 0.421875 0.350926 0.005208 0.031481
0 0.444531 0.131019 0.001563 0.013889
0 0.091406 0.096296 0.003646 0.011111
0 0.037240 0.106019 0.004688 0.012037
0 0.096094 0.105556 0.003646 0.007407
0 0.400521 0.423148 0.007292 0.037037
1 0.549479 0.206481 0.026042 0.020370
4 0.224479 0.762500 0.448958 0.475000