1 0.554688 0.231019 0.029167 0.023148
1 0.422135 0.174074 0.013021 0.016667
6 0.289323 0.091204 0.005729 0.006481
8 0.402344 0.888426 0.018229 0.112037
1 0.784375 0.308333 0.040625 0.029630
8 0.779688 0.178241 0.008333 0.019444
1 0.805208 0.194907 0.026042 0.026852
2 0.498958 0.170833 0.016667 0.056481
7 0.643750 0.291667 0.020833 0.024074
7 0.527604 0.153241 0.010417 0.013889
0 0.792708 0.169444 0.005208 0.016667
0 0.647656 0.075463 0.002604 0.010185
0 0.305729 0.141667 0.003125 0.014815
0 0.110417 0.082407 0.003125 0.009259
0 0.111198 0.205556 0.007812 0.020370
0 0.781771 0.166667 0.005208 0.016667
0 0.086198 0.097685 0.003646 0.010185
0 0.404167 0.430093 0.007292 0.037963
0 0.067708 0.102778 0.004167 0.011111
0 0.011979 0.112500 0.005208 0.012037
0 0.070573 0.112500 0.003646 0.008333
0 0.760156 0.157407 0.004688 0.009259
0 0.371354 0.545833 0.010417 0.045370
1 0.554688 0.231019 0.029167 0.023148
1 0.422135 0.174074 0.013021 0.016667