1 0.554167 0.228704 0.029167 0.022222
1 0.422656 0.172685 0.013021 0.015741
4 0.012500 0.253704 0.025000 0.150000
6 0.290104 0.090741 0.006250 0.007407
8 0.405729 0.859259 0.017708 0.107407
1 0.780990 0.304630 0.040104 0.029630
8 0.777865 0.176852 0.007812 0.018519
1 0.803125 0.193519 0.026042 0.025926
2 0.498958 0.169444 0.016667 0.055556
8 0.671875 0.287500 0.015625 0.025000
7 0.642187 0.287963 0.019792 0.024074
7 0.527083 0.152315 0.010417 0.013889
0 0.790625 0.168519 0.005208 0.016667
0 0.646875 0.075000 0.002083 0.009259
0 0.307031 0.140741 0.003646 0.014815
0 0.111979 0.082407 0.003125 0.009259
0 0.114063 0.204167 0.007292 0.019444
0 0.779948 0.165741 0.004688 0.016667
0 0.087760 0.096759 0.003646 0.010185
0 0.405729 0.422222 0.007292 0.037037
0 0.069531 0.101852 0.004688 0.011111
0 0.014062 0.112037 0.005208 0.011111
0 0.072656 0.112037 0.003646 0.007407
0 0.758333 0.156019 0.004167 0.010185
0 0.374219 0.533333 0.009896 0.044444
1 0.554167 0.228704 0.029167 0.022222
1 0.422656 0.172685 0.013021 0.015741
4 0.012500 0.253704 0.025000 0.150000