1 0.552604 0.219907 0.028125 0.021296
1 0.425260 0.167593 0.013021 0.014815
4 0.021615 0.241667 0.043229 0.140741
4 0.219271 0.825000 0.438542 0.350000
6 0.294010 0.088889 0.005729 0.007407
8 0.417188 0.754630 0.014583 0.092593
1 0.768229 0.289815 0.037500 0.027778
8 0.770573 0.171296 0.007812 0.018519
1 0.795313 0.187963 0.025000 0.025926
2 0.499740 0.163889 0.016146 0.053704
8 0.664583 0.274074 0.014583 0.024074
7 0.636198 0.274537 0.019271 0.023148
7 0.526302 0.148148 0.009896 0.012963
0 0.784115 0.163889 0.004688 0.016667
0 0.136979 0.080556 0.003125 0.009259
0 0.313021 0.137037 0.003125 0.014815
0 0.118229 0.080556 0.003125 0.009259
0 0.773177 0.161111 0.004688 0.016667
0 0.996354 0.381019 0.007292 0.034259
0 0.007552 0.115278 0.005729 0.012037
0 0.095052 0.094907 0.003646 0.010185
0 0.412500 0.393056 0.006250 0.034259
0 0.078385 0.100000 0.003646 0.011111
0 0.023438 0.109722 0.005208 0.012037
0 0.082031 0.109722 0.003646 0.008333
0 0.752083 0.151852 0.004167 0.009259
0 0.385417 0.487037 0.008333 0.040741
0 0.996094 0.392593 0.007812 0.022222
1 0.552604 0.219907 0.028125 0.021296
1 0.425260 0.167593 0.013021 0.014815
4 0.021615 0.241667 0.043229 0.140741
4 0.219271 0.825000 0.438542 0.350000