1 0.553646 0.226852 0.029167 0.022222
4 0.014583 0.250926 0.029167 0.148148
6 0.290885 0.090278 0.005729 0.006481
8 0.408333 0.832407 0.016667 0.103704
1 0.777604 0.301389 0.039583 0.028704
8 0.776042 0.175463 0.008333 0.019444
1 0.800781 0.192130 0.025521 0.026852
2 0.499219 0.168056 0.016146 0.054630
8 0.670052 0.284259 0.015104 0.024074
7 0.640625 0.284722 0.019792 0.023148
7 0.526563 0.151389 0.010417 0.013889
0 0.789062 0.167593 0.005208 0.016667
0 0.646875 0.078704 0.002083 0.009259
0 0.646354 0.075000 0.002083 0.009259
0 0.645833 0.081481 0.002083 0.009259
0 0.645833 0.081481 0.002083 0.009259
0 0.645833 0.081481 0.002083 0.009259
0 0.645833 0.081481 0.002083 0.009259
0 0.645833 0.081481 0.002083 0.009259
0 0.308073 0.139815 0.003646 0.014815
0 0.113021 0.081944 0.003125 0.008333
0 0.116927 0.202315 0.007812 0.019444
0 0.778125 0.164352 0.005208 0.015741
0 0.645833 0.081481 0.002083 0.009259
0 0.645833 0.081481 0.002083 0.009259
0 0.089062 0.096759 0.004167 0.010185
0 0.407292 0.415278 0.007292 0.036111
0 0.071354 0.101389 0.004167 0.010185
0 0.646354 0.079630 0.002083 0.009259
0 0.016146 0.111574 0.005208 0.012037
0 0.074740 0.111574 0.003646 0.008333
0 0.756771 0.154630 0.004167 0.009259
0 0.376823 0.521759 0.009896 0.043519
1 0.553646 0.226852 0.029167 0.022222
4 0.014583 0.250926 0.029167 0.148148