1 0.554948 0.233333 0.029687 0.024074
1 0.421354 0.175463 0.013542 0.015741
6 0.288542 0.091667 0.006250 0.007407
8 0.398958 0.921296 0.019792 0.116667
1 0.787760 0.312500 0.041146 0.030556
8 0.781771 0.179630 0.008333 0.018519
1 0.807292 0.196296 0.026042 0.027778
2 0.499219 0.172685 0.017188 0.056481
7 0.645312 0.295370 0.020833 0.024074
7 0.528125 0.154167 0.010417 0.013889
0 0.794792 0.170833 0.005208 0.017593
0 0.304427 0.142593 0.003646 0.014815
0 0.109375 0.082870 0.003125 0.008333
0 0.108073 0.207407 0.007812 0.020370
0 0.783854 0.167593 0.005208 0.016667
0 0.084375 0.097685 0.004167 0.010185
0 0.402083 0.438426 0.007292 0.037963
0 0.441146 0.142593 0.002083 0.014815
0 0.065625 0.102778 0.004167 0.011111
0 0.009896 0.113426 0.005208 0.012037
0 0.068490 0.113426 0.003646 0.008333
0 0.761979 0.158333 0.004167 0.009259
0 0.368229 0.559259 0.010417 0.046296
1 0.554948 0.233333 0.029687 0.024074
1 0.421354 0.175463 0.013542 0.015741