1 0.556771 0.240741 0.030208 0.024074
1 0.626302 0.116667 0.009896 0.012963
6 0.285937 0.092593 0.006250 0.007407
8 0.386458 0.982870 0.023958 0.034259
1 0.798698 0.325000 0.043229 0.031481
8 0.788281 0.183796 0.008854 0.019444
1 0.813802 0.200926 0.027604 0.027778
2 0.499219 0.176852 0.017188 0.057407
8 0.682292 0.305556 0.016667 0.025926
7 0.650781 0.306481 0.021354 0.025926
7 0.529427 0.157870 0.010937 0.013889
0 0.800521 0.174537 0.005208 0.017593
0 0.651302 0.079630 0.002604 0.009259
0 0.650000 0.076852 0.002083 0.009259
0 0.300260 0.145370 0.003646 0.014815
0 0.098177 0.212963 0.007812 0.020370
0 0.426042 0.147222 0.002083 0.014815
0 0.789583 0.171759 0.005208 0.017593
0 0.079427 0.099074 0.003646 0.011111
0 0.396354 0.465278 0.008333 0.039815
0 0.440625 0.145370 0.002083 0.014815
0 0.059635 0.104630 0.004688 0.011111
0 0.649479 0.081481 0.002083 0.009259
0 0.003385 0.115278 0.005729 0.012037
0 0.061979 0.115278 0.004167 0.008333
0 0.357812 0.603704 0.011458 0.048148
1 0.556771 0.240741 0.030208 0.024074
1 0.626302 0.116667 0.009896 0.012963