1 0.562240 0.265278 0.033854 0.026852
6 0.443750 0.207870 0.003125 0.015741
1 0.838802 0.369907 0.050521 0.036111
1 0.836198 0.216204 0.030729 0.030556
1 0.670833 0.163426 0.019792 0.015741
2 0.498958 0.191667 0.018750 0.062963
8 0.704948 0.344907 0.019271 0.028704
8 0.653385 0.093981 0.004688 0.008333
7 0.669531 0.345833 0.024479 0.028704
7 0.534115 0.168519 0.010937 0.014815
2 0.630729 0.084722 0.022917 0.026852
0 0.662240 0.078241 0.002604 0.010185
0 0.286719 0.154630 0.003646 0.014815
0 0.065625 0.231481 0.009375 0.022222
0 0.419531 0.156944 0.002604 0.015741
0 0.809115 0.184259 0.005729 0.018519
0 0.373958 0.568056 0.010417 0.047222
0 0.039844 0.110185 0.004688 0.011111
0 0.040365 0.121296 0.004688 0.009259
0 0.314063 0.791667 0.017708 0.059259
1 0.562240 0.265278 0.033854 0.026852