1 0.557813 0.245833 0.031250 0.025000
6 0.284375 0.093519 0.006250 0.007407
1 0.806771 0.333796 0.044792 0.032407
8 0.792708 0.187037 0.009375 0.020370
1 0.818229 0.204167 0.028125 0.028704
2 0.499219 0.179630 0.017188 0.059259
7 0.654427 0.313889 0.022396 0.025926
7 0.530469 0.160185 0.010937 0.014815
0 0.804688 0.177315 0.005208 0.017593
0 0.297135 0.147222 0.003646 0.014815
0 0.091667 0.216667 0.008333 0.020370
0 0.793750 0.174537 0.005208 0.017593
0 0.076042 0.100000 0.004167 0.011111
0 0.392188 0.484259 0.008333 0.040741
0 0.055469 0.105556 0.004688 0.011111
0 0.000781 0.116204 0.001563 0.012037
0 0.057292 0.116204 0.004167 0.008333
0 0.350000 0.636574 0.012500 0.050926
1 0.557813 0.245833 0.031250 0.025000