1 0.560156 0.256481 0.032812 0.025926
6 0.445312 0.202315 0.003125 0.015741
1 0.823958 0.353704 0.047917 0.035185
1 0.828125 0.211111 0.029167 0.029630
2 0.499219 0.186111 0.018229 0.061111
7 0.662760 0.331481 0.023438 0.027778
7 0.532552 0.164815 0.010937 0.014815
2 0.628906 0.083333 0.022396 0.025926
0 0.813281 0.182870 0.005729 0.017593
0 0.291406 0.151389 0.003646 0.015741
0 0.077344 0.224537 0.008854 0.021296
0 0.069271 0.101852 0.004167 0.011111
0 0.382292 0.528704 0.009375 0.044444
0 0.046615 0.108333 0.004688 0.011111
0 0.047917 0.119444 0.004167 0.009259
0 0.779427 0.169907 0.004688 0.010185
0 0.331510 0.716667 0.015104 0.055556
1 0.560156 0.256481 0.032812 0.025926