1 0.559115 0.250926 0.031771 0.025926
1 0.815104 0.343519 0.045833 0.033333
8 0.797396 0.189815 0.009375 0.020370
1 0.823177 0.207407 0.028646 0.029630
2 0.498958 0.182870 0.017708 0.060185
7 0.531510 0.162500 0.010937 0.013889
0 0.809115 0.180093 0.005729 0.017593
0 0.294531 0.149074 0.003646 0.014815
0 0.084375 0.220833 0.008333 0.021296
0 0.797917 0.177315 0.005208 0.017593
0 0.072917 0.100926 0.004167 0.011111
0 0.387240 0.505556 0.008854 0.042593
0 0.051302 0.106944 0.004688 0.012037
0 0.052604 0.118056 0.004167 0.008333
0 0.341146 0.674537 0.013542 0.052778
1 0.559115 0.250926 0.031771 0.025926