1 0.557292 0.243056 0.031250 0.025000
1 0.627083 0.117130 0.009375 0.012037
6 0.285156 0.093519 0.005729 0.007407
1 0.802604 0.329630 0.043750 0.031481
8 0.790365 0.185648 0.008854 0.019444
1 0.816146 0.202315 0.028125 0.028704
2 0.499219 0.178241 0.017188 0.058333
8 0.684375 0.309259 0.016667 0.025926
7 0.652604 0.310185 0.021875 0.025926
7 0.529948 0.158796 0.010937 0.013889
0 0.802604 0.175926 0.005208 0.016667
0 0.650000 0.079630 0.002083 0.009259
0 0.650521 0.077315 0.002083 0.010185
0 0.650000 0.083796 0.002083 0.010185
0 0.650000 0.083796 0.002083 0.010185
0 0.650000 0.083796 0.002083 0.010185
0 0.650000 0.084259 0.002083 0.009259
0 0.650000 0.083796 0.002083 0.010185
0 0.298698 0.146296 0.003646 0.014815
0 0.095052 0.214815 0.007812 0.020370
0 0.791667 0.172685 0.005208 0.017593
0 0.650000 0.083796 0.002083 0.010185
0 0.650000 0.084259 0.002083 0.009259
0 0.077604 0.099537 0.004167 0.010185
0 0.394271 0.474074 0.008333 0.040741
0 0.440104 0.146296 0.002083 0.014815
0 0.057552 0.105556 0.004688 0.011111
0 0.650000 0.081944 0.002083 0.010185
0 0.002083 0.115278 0.004167 0.012037
0 0.059375 0.116204 0.004167 0.008333
0 0.354167 0.619444 0.012500 0.050000
1 0.557292 0.243056 0.031250 0.025000
1 0.627083 0.117130 0.009375 0.012037