1 0.565885 0.281019 0.035937 0.028704
1 0.636198 0.126389 0.010937 0.013889
1 0.410156 0.202315 0.015104 0.019444
6 0.441406 0.217593 0.003646 0.016667
1 0.865885 0.400463 0.055729 0.039815
1 0.667708 0.101852 0.009375 0.011111
1 0.662760 0.099074 0.008854 0.011111
8 0.822917 0.207407 0.010417 0.022222
1 0.849740 0.225463 0.032812 0.032407
2 0.498958 0.200463 0.019792 0.065741
8 0.656510 0.096296 0.004688 0.009259
7 0.537240 0.175463 0.011979 0.015741
2 0.634115 0.086574 0.023438 0.026852
0 0.662500 0.081019 0.002083 0.010185
0 0.658854 0.081944 0.002083 0.010185
0 0.657552 0.094907 0.002604 0.006481
0 0.657812 0.093056 0.002083 0.010185
0 0.657812 0.093056 0.002083 0.010185
0 0.658073 0.089352 0.002604 0.010185
0 0.657552 0.095370 0.002604 0.005556
0 0.657812 0.093056 0.002083 0.010185
0 0.658073 0.089352 0.002604 0.010185
0 0.657812 0.093056 0.002083 0.010185
0 0.657812 0.093056 0.002083 0.010185
0 0.657812 0.092130 0.002083 0.006481
0 0.658073 0.089352 0.002604 0.010185
0 0.658073 0.089352 0.002604 0.010185
0 0.658073 0.091667 0.002604 0.005556
0 0.658073 0.089352 0.002604 0.010185
0 0.278646 0.160648 0.004167 0.015741
0 0.657552 0.094907 0.002604 0.006481
0 0.045052 0.243056 0.009896 0.023148
0 0.415365 0.162500 0.002604 0.015741
0 0.820833 0.191667 0.006250 0.018519
0 0.658073 0.089352 0.002604 0.010185
0 0.658073 0.089352 0.002604 0.010185
0 0.680208 0.132407 0.003125 0.012963
0 0.356250 0.648148 0.012500 0.051852
0 0.028125 0.113426 0.005208 0.012037
0 0.658333 0.087500 0.002083 0.010185
0 0.027344 0.125000 0.004688 0.009259
0 0.275000 0.958333 0.023958 0.066667
1 0.565885 0.281019 0.035937 0.028704
1 0.636198 0.126389 0.010937 0.013889
1 0.410156 0.202315 0.015104 0.019444