1 0.566667 0.284722 0.036458 0.028704
1 0.636719 0.127315 0.010937 0.013889
6 0.440885 0.219444 0.003646 0.016667
1 0.871875 0.407407 0.057292 0.040741
1 0.668490 0.102778 0.008854 0.011111
1 0.663542 0.099537 0.009375 0.010185
8 0.825781 0.209259 0.010937 0.022222
1 0.852604 0.227315 0.033333 0.032407
1 0.671875 0.170833 0.020833 0.015741
2 0.498958 0.202315 0.019792 0.067593
8 0.657292 0.096759 0.005208 0.010185
7 0.684635 0.378704 0.027604 0.031481
7 0.537760 0.176389 0.011979 0.015741
2 0.634896 0.087500 0.022917 0.026852
0 0.834635 0.195833 0.006771 0.019444
0 0.663281 0.081019 0.002604 0.010185
0 0.659375 0.082870 0.002083 0.010185
0 0.658333 0.095833 0.002083 0.006481
0 0.658594 0.093981 0.002604 0.010185
0 0.658594 0.093981 0.002604 0.010185
0 0.658854 0.089352 0.002083 0.010185
0 0.658333 0.095833 0.002083 0.006481
0 0.658594 0.093981 0.002604 0.010185
0 0.658854 0.089352 0.002083 0.010185
0 0.658594 0.093981 0.002604 0.010185
0 0.658594 0.093981 0.002604 0.010185
0 0.658333 0.092593 0.002083 0.007407
0 0.658854 0.089352 0.002083 0.010185
0 0.658854 0.090278 0.002083 0.010185
0 0.658594 0.092130 0.002604 0.006481
0 0.658854 0.089352 0.002083 0.010185
0 0.276563 0.161574 0.004167 0.015741
0 0.658333 0.095833 0.002083 0.006481
0 0.040625 0.244907 0.010417 0.023148
0 0.414844 0.163889 0.002604 0.016667
0 0.658854 0.089352 0.002083 0.010185
0 0.658854 0.090278 0.002083 0.010185
0 0.352083 0.666204 0.013542 0.052778
0 0.658854 0.087500 0.002083 0.010185
0 0.265625 0.982407 0.025000 0.035185
1 0.566667 0.284722 0.036458 0.028704
1 0.636719 0.127315 0.010937 0.013889