1 0.567448 0.287963 0.036979 0.029630
1 0.637760 0.128241 0.010937 0.013889
6 0.440365 0.221759 0.003646 0.015741
1 0.877604 0.414352 0.058333 0.041667
1 0.669271 0.102778 0.009375 0.011111
1 0.664062 0.100000 0.009375 0.011111
8 0.828385 0.211111 0.010937 0.022222
1 0.855469 0.229167 0.033854 0.032407
1 0.671875 0.171759 0.020833 0.015741
2 0.498958 0.204167 0.019792 0.067593
8 0.657812 0.097222 0.005208 0.009259
7 0.687500 0.384259 0.028125 0.031481
7 0.538281 0.178241 0.011979 0.015741
2 0.635677 0.087500 0.023438 0.026852
0 0.661198 0.080556 0.002604 0.011111
0 0.660156 0.082870 0.002604 0.010185
0 0.659115 0.095833 0.002604 0.006481
0 0.659115 0.093981 0.002604 0.010185
0 0.659115 0.093981 0.002604 0.010185
0 0.659375 0.090278 0.002083 0.010185
0 0.659115 0.096296 0.002604 0.005556
0 0.659115 0.093981 0.002604 0.010185
0 0.659375 0.090278 0.002083 0.010185
0 0.659115 0.093981 0.002604 0.010185
0 0.659115 0.093981 0.002604 0.010185
0 0.659375 0.093056 0.002083 0.006481
0 0.659375 0.090278 0.002083 0.010185
0 0.659375 0.090278 0.002083 0.010185
0 0.659115 0.092130 0.002604 0.006481
0 0.659375 0.090278 0.002083 0.010185
0 0.275000 0.162963 0.004167 0.016667
0 0.659115 0.095833 0.002604 0.006481
0 0.036198 0.247685 0.009896 0.023148
0 0.413802 0.164815 0.002604 0.016667
0 0.825781 0.194907 0.006771 0.019444
0 0.659375 0.090278 0.002083 0.010185
0 0.659375 0.090278 0.002083 0.010185
0 0.347917 0.685185 0.013542 0.053704
0 0.659635 0.087500 0.002604 0.010185
1 0.567448 0.287963 0.036979 0.029630
1 0.637760 0.128241 0.010937 0.013889