1 0.569792 0.299074 0.038542 0.031481
1 0.639844 0.130093 0.010937 0.013889
1 0.406510 0.211574 0.016146 0.019444
6 0.438802 0.228241 0.003646 0.017593
1 0.897135 0.436111 0.063021 0.044444
1 0.671354 0.104630 0.009375 0.011111
1 0.666406 0.101389 0.009896 0.010185
1 0.864323 0.235185 0.034896 0.033333
1 0.672656 0.175926 0.021354 0.016667
2 0.498958 0.210648 0.020833 0.069444
8 0.659896 0.098611 0.005208 0.010185
7 0.540885 0.182407 0.011979 0.016667
2 0.637240 0.088889 0.023438 0.027778
0 0.663281 0.080556 0.002604 0.011111
0 0.661979 0.084259 0.002083 0.011111
0 0.661198 0.097685 0.002604 0.006481
0 0.661198 0.095370 0.002604 0.011111
0 0.661198 0.095370 0.002604 0.011111
0 0.661458 0.091204 0.002083 0.010185
0 0.660937 0.097685 0.002083 0.006481
0 0.661198 0.095370 0.002604 0.011111
0 0.661458 0.091204 0.002083 0.010185
0 0.661198 0.095370 0.002604 0.011111
0 0.661198 0.095370 0.002604 0.011111
0 0.661458 0.094444 0.002083 0.007407
0 0.661458 0.091204 0.002083 0.010185
0 0.661458 0.092130 0.002083 0.010185
0 0.661198 0.093981 0.002604 0.006481
0 0.661458 0.091204 0.002083 0.010185
0 0.269792 0.166667 0.004167 0.016667
0 0.661198 0.097685 0.002604 0.006481
0 0.022656 0.255556 0.010937 0.024074
0 0.411198 0.168519 0.002604 0.016667
0 0.833594 0.199537 0.006771 0.019444
0 0.661458 0.091204 0.002083 0.010185
0 0.661458 0.092130 0.002083 0.010185
0 0.333333 0.750926 0.015625 0.057407
0 0.435417 0.165741 0.002083 0.016667
0 0.661719 0.089352 0.002604 0.010185
1 0.569792 0.299074 0.038542 0.031481
1 0.639844 0.130093 0.010937 0.013889
1 0.406510 0.211574 0.016146 0.019444