1 0.569010 0.295370 0.038021 0.029630
1 0.639063 0.129630 0.011458 0.014815
1 0.407292 0.209722 0.015625 0.019444
6 0.439323 0.225926 0.003646 0.016667
1 0.890365 0.428704 0.060938 0.042593
1 0.670833 0.104630 0.009375 0.011111
1 0.665625 0.100926 0.009375 0.011111
1 0.861458 0.233333 0.034375 0.033333
1 0.672396 0.174537 0.020833 0.015741
2 0.498958 0.208333 0.019792 0.068519
8 0.659375 0.098148 0.005208 0.009259
7 0.693490 0.396759 0.028646 0.032407
7 0.539844 0.181019 0.011979 0.015741
2 0.636719 0.088426 0.023438 0.026852
0 0.662760 0.080556 0.002604 0.011111
0 0.661458 0.083796 0.002083 0.010185
0 0.660156 0.096759 0.002604 0.006481
0 0.660417 0.094907 0.002083 0.010185
0 0.660417 0.094907 0.002083 0.010185
0 0.660677 0.091204 0.002604 0.010185
0 0.660156 0.096759 0.002604 0.006481
0 0.660417 0.094907 0.002083 0.010185
0 0.660677 0.091204 0.002604 0.010185
0 0.660417 0.094907 0.002083 0.010185
0 0.660417 0.094907 0.002083 0.010185
0 0.660417 0.093981 0.002083 0.006481
0 0.660677 0.091204 0.002604 0.010185
0 0.660677 0.091204 0.002604 0.010185
0 0.660677 0.093056 0.002604 0.006481
0 0.660677 0.091204 0.002604 0.010185
0 0.271354 0.164815 0.004167 0.016667
0 0.660156 0.096759 0.002604 0.006481
0 0.027083 0.252778 0.010417 0.024074
0 0.412240 0.167593 0.002604 0.016667
0 0.660677 0.091204 0.002604 0.010185
0 0.660677 0.091204 0.002604 0.010185
0 0.338802 0.727778 0.015104 0.055556
0 0.435677 0.164815 0.002604 0.016667
0 0.660937 0.088426 0.002083 0.010185
1 0.569010 0.295370 0.038021 0.029630
1 0.639063 0.129630 0.011458 0.014815
1 0.407292 0.209722 0.015625 0.019444