1 0.576302 0.328241 0.042188 0.034259
1 0.645573 0.136111 0.011979 0.014815
1 0.400260 0.226389 0.017188 0.021296
6 0.699740 0.154167 0.006771 0.010185
6 0.434375 0.245370 0.004167 0.018519
1 0.952083 0.498148 0.075000 0.051852
1 0.677344 0.108796 0.009896 0.012037
1 0.671615 0.105556 0.009896 0.011111
1 0.674219 0.186574 0.022396 0.017593
1 0.774219 0.189352 0.020312 0.021296
2 0.498958 0.225926 0.021875 0.075926
8 0.664844 0.102315 0.005729 0.010185
7 0.721354 0.455556 0.034375 0.037037
7 0.548177 0.193056 0.013021 0.017593
2 0.642448 0.092130 0.024479 0.028704
0 0.668490 0.084259 0.002604 0.011111
0 0.666927 0.087037 0.002604 0.011111
0 0.665885 0.100463 0.002604 0.006481
0 0.666146 0.098611 0.002083 0.010185
0 0.666146 0.098611 0.002083 0.010185
0 0.666406 0.094444 0.002604 0.011111
0 0.665885 0.101389 0.002604 0.006481
0 0.666146 0.098611 0.002083 0.010185
0 0.666406 0.094444 0.002604 0.011111
0 0.666146 0.098611 0.002083 0.010185
0 0.666146 0.098611 0.002083 0.010185
0 0.666146 0.097685 0.002083 0.008333
0 0.666406 0.094444 0.002604 0.011111
0 0.666406 0.094907 0.002604 0.010185
0 0.666406 0.096759 0.002604 0.006481
0 0.666406 0.094444 0.002604 0.011111
0 0.256250 0.175463 0.005208 0.017593
0 0.665885 0.100463 0.002604 0.006481
0 0.708073 0.155093 0.003646 0.015741
0 0.404948 0.178241 0.002604 0.017593
0 0.666406 0.094444 0.002604 0.011111
0 0.666406 0.094907 0.002604 0.010185
0 0.285677 0.967130 0.023438 0.065741
0 0.433073 0.175463 0.002604 0.017593
0 0.666667 0.092593 0.002083 0.011111
1 0.576302 0.328241 0.042188 0.034259
1 0.645573 0.136111 0.011979 0.014815
1 0.400260 0.226389 0.017188 0.021296