1 0.579687 0.342130 0.043750 0.036111
1 0.648177 0.138889 0.011979 0.014815
1 0.397396 0.233333 0.017708 0.022222
1 0.969792 0.530093 0.060417 0.054630
1 0.679688 0.110648 0.010417 0.012037
1 0.674219 0.106481 0.009896 0.011111
8 0.870052 0.239815 0.014062 0.025926
1 0.675000 0.191204 0.022917 0.017593
1 0.782552 0.195370 0.021354 0.022222
2 0.498958 0.233333 0.022917 0.077778
8 0.666927 0.103704 0.005729 0.009259
7 0.733854 0.482407 0.036458 0.038889
7 0.552083 0.198148 0.013542 0.016667
2 0.644271 0.093519 0.025000 0.029630
0 0.874219 0.220833 0.007812 0.021296
0 0.667969 0.086111 0.002604 0.011111
0 0.669271 0.088426 0.002083 0.010185
0 0.667969 0.102315 0.002604 0.006481
0 0.668490 0.100000 0.002604 0.011111
0 0.668490 0.100000 0.002604 0.011111
0 0.668490 0.095833 0.002604 0.010185
0 0.667969 0.102315 0.002604 0.006481
0 0.668490 0.100000 0.002604 0.011111
0 0.668490 0.095833 0.002604 0.010185
0 0.668490 0.100000 0.002604 0.011111
0 0.668490 0.100000 0.002604 0.011111
0 0.668229 0.099074 0.002083 0.007407
0 0.668490 0.095833 0.002604 0.010185
0 0.668490 0.096296 0.002604 0.011111
0 0.668490 0.098611 0.002604 0.006481
0 0.668490 0.095833 0.002604 0.010185
0 0.084115 0.096296 0.003646 0.011111
0 0.250000 0.180093 0.005208 0.017593
0 0.667969 0.102315 0.002604 0.006481
0 0.711979 0.157870 0.004167 0.015741
0 0.402083 0.182870 0.003125 0.017593
0 0.862240 0.218056 0.007812 0.021296
0 0.668490 0.096296 0.002604 0.011111
0 0.668490 0.096296 0.002604 0.011111
0 0.432292 0.179630 0.003125 0.018519
0 0.669010 0.093519 0.002604 0.011111
0 0.836979 0.207407 0.006250 0.012963
1 0.579687 0.342130 0.043750 0.036111
1 0.648177 0.138889 0.011979 0.014815
1 0.397396 0.233333 0.017708 0.022222