1 0.571615 0.306481 0.039062 0.031481
1 0.641667 0.131944 0.011458 0.013889
1 0.404948 0.215741 0.016146 0.020370
6 0.437240 0.232870 0.003646 0.017593
1 0.911198 0.452315 0.065104 0.045370
1 0.672917 0.105556 0.009375 0.011111
1 0.667708 0.102778 0.009375 0.011111
1 0.870573 0.239352 0.035937 0.034259
1 0.672917 0.178704 0.021875 0.016667
2 0.498958 0.214352 0.020833 0.071296
8 0.661198 0.099537 0.005729 0.010185
7 0.702865 0.417130 0.030729 0.034259
7 0.542708 0.185185 0.012500 0.016667
2 0.638542 0.089815 0.023958 0.027778
0 0.664844 0.081019 0.002604 0.010185
0 0.663542 0.085185 0.002083 0.011111
0 0.662240 0.098611 0.002604 0.006481
0 0.662500 0.096296 0.002083 0.011111
0 0.662500 0.096296 0.002083 0.011111
0 0.662760 0.092130 0.002604 0.010185
0 0.662240 0.098611 0.002604 0.006481
0 0.662500 0.096296 0.002083 0.011111
0 0.662760 0.092130 0.002604 0.010185
0 0.662500 0.096296 0.002083 0.011111
0 0.662500 0.096296 0.002083 0.011111
0 0.662500 0.095370 0.002083 0.007407
0 0.662760 0.092130 0.002604 0.010185
0 0.662760 0.092593 0.002604 0.011111
0 0.662760 0.094907 0.002604 0.006481
0 0.662760 0.092130 0.002604 0.010185
0 0.265885 0.168981 0.004688 0.017593
0 0.662240 0.098611 0.002604 0.006481
0 0.013021 0.260648 0.011458 0.025000
0 0.701823 0.150000 0.003646 0.014815
0 0.409635 0.171296 0.002604 0.016667
0 0.662760 0.092130 0.002604 0.010185
0 0.662760 0.092593 0.002604 0.011111
0 0.688021 0.138889 0.003125 0.014815
0 0.322135 0.801852 0.017188 0.059259
0 0.434896 0.168519 0.002083 0.016667
0 0.663021 0.090278 0.002083 0.010185
1 0.571615 0.306481 0.039062 0.031481
1 0.641667 0.131944 0.011458 0.013889
1 0.404948 0.215741 0.016146 0.020370