1 0.572656 0.310648 0.040104 0.032407
1 0.642187 0.132870 0.011458 0.013889
1 0.403906 0.217593 0.016146 0.020370
6 0.436719 0.234722 0.003646 0.017593
1 0.673958 0.106481 0.009375 0.011111
1 0.668750 0.103241 0.009375 0.010185
1 0.873958 0.241667 0.036458 0.035185
1 0.673437 0.180556 0.021875 0.016667
1 0.763802 0.181481 0.019271 0.020370
2 0.498958 0.216667 0.020833 0.072222
8 0.661979 0.100000 0.005208 0.009259
7 0.706250 0.424074 0.031250 0.035185
7 0.543750 0.187037 0.012500 0.016667
2 0.639063 0.089815 0.023958 0.027778
0 0.665365 0.081481 0.002604 0.011111
0 0.664323 0.085648 0.002604 0.010185
0 0.663281 0.098611 0.002604 0.006481
0 0.663281 0.096759 0.002604 0.010185
0 0.663281 0.096759 0.002604 0.010185
0 0.663542 0.092593 0.002083 0.011111
0 0.663021 0.098611 0.002083 0.006481
0 0.663281 0.096759 0.002604 0.010185
0 0.663542 0.092593 0.002083 0.011111
0 0.663281 0.096759 0.002604 0.010185
0 0.663281 0.096759 0.002604 0.010185
0 0.663281 0.095370 0.002604 0.007407
0 0.663542 0.092593 0.002083 0.011111
0 0.663542 0.093056 0.002083 0.010185
0 0.663281 0.094907 0.002604 0.006481
0 0.663542 0.092593 0.002083 0.011111
0 0.264323 0.170370 0.004688 0.016667
0 0.663281 0.098611 0.002604 0.006481
0 0.007812 0.263426 0.011458 0.025000
0 0.702865 0.150926 0.003646 0.014815
0 0.408594 0.172685 0.002604 0.017593
0 0.663542 0.092593 0.002083 0.011111
0 0.663542 0.093056 0.002083 0.010185
0 0.689062 0.139815 0.003125 0.014815
0 0.316146 0.829630 0.018750 0.061111
0 0.434635 0.169907 0.002604 0.017593
0 0.663802 0.090278 0.002604 0.010185
1 0.572656 0.310648 0.040104 0.032407
1 0.642187 0.132870 0.011458 0.013889
1 0.403906 0.217593 0.016146 0.020370