1 0.575521 0.323611 0.041667 0.034259
1 0.644792 0.135185 0.011458 0.014815
1 0.401302 0.223611 0.017188 0.021296
6 0.434896 0.242593 0.004167 0.018519
1 0.943229 0.487963 0.072917 0.050000
1 0.676302 0.107870 0.009896 0.012037
1 0.671094 0.104630 0.009896 0.011111
1 0.674219 0.184722 0.022396 0.017593
2 0.498958 0.223611 0.021875 0.075000
8 0.664062 0.101389 0.005208 0.010185
7 0.717448 0.447685 0.033854 0.036111
7 0.546875 0.191667 0.012500 0.016667
2 0.641406 0.091667 0.024479 0.027778
0 0.667448 0.083333 0.002604 0.011111
0 0.666406 0.086574 0.002604 0.010185
0 0.665365 0.100463 0.002604 0.006481
0 0.665365 0.098148 0.002604 0.011111
0 0.665365 0.098148 0.002604 0.011111
0 0.665885 0.093981 0.002604 0.010185
0 0.665365 0.100463 0.002604 0.006481
0 0.665365 0.098148 0.002604 0.011111
0 0.665885 0.093981 0.002604 0.010185
0 0.665365 0.098148 0.002604 0.011111
0 0.665365 0.098148 0.002604 0.011111
0 0.665625 0.097222 0.002083 0.007407
0 0.665885 0.093981 0.002604 0.010185
0 0.665625 0.094444 0.002083 0.011111
0 0.665365 0.096759 0.002604 0.006481
0 0.665885 0.093981 0.002604 0.010185
0 0.258073 0.174537 0.004688 0.017593
0 0.665365 0.100463 0.002604 0.006481
0 0.706771 0.154167 0.004167 0.015741
0 0.405729 0.177315 0.003125 0.017593
0 0.850000 0.210185 0.007292 0.020370
0 0.665885 0.093981 0.002604 0.010185
0 0.665625 0.094444 0.002083 0.011111
0 0.294271 0.929167 0.021875 0.065741
0 0.433594 0.173611 0.002604 0.017593
0 0.665885 0.091667 0.002604 0.011111
1 0.575521 0.323611 0.041667 0.034259
1 0.644792 0.135185 0.011458 0.014815
1 0.401302 0.223611 0.017188 0.021296