1 0.589583 0.386111 0.050000 0.040741
1 0.655469 0.146296 0.013021 0.016667
1 0.389062 0.253241 0.018750 0.025000
1 0.815365 0.271296 0.047396 0.029630
6 0.426302 0.276389 0.004688 0.021296
1 0.686719 0.115278 0.010937 0.012037
1 0.680729 0.111574 0.010417 0.012037
8 0.901302 0.261111 0.016146 0.027778
1 0.929688 0.280093 0.045833 0.041667
1 0.676302 0.204630 0.024479 0.018519
1 0.807031 0.213889 0.024479 0.024074
2 0.498698 0.255556 0.024479 0.087037
8 0.833594 0.569907 0.036979 0.047222
8 0.673177 0.107870 0.005729 0.010185
7 0.775781 0.571296 0.045313 0.046296
7 0.565625 0.212963 0.014583 0.018519
2 0.650260 0.097685 0.025521 0.030556
0 0.901302 0.237963 0.008854 0.022222
0 0.674219 0.089352 0.002604 0.012037
0 0.675521 0.092593 0.003125 0.011111
0 0.674219 0.106481 0.002604 0.007407
0 0.674219 0.104630 0.002604 0.011111
0 0.674219 0.104630 0.002604 0.011111
0 0.674740 0.100000 0.002604 0.011111
0 0.674219 0.106944 0.002604 0.006481
0 0.674219 0.104630 0.002604 0.011111
0 0.674740 0.100000 0.002604 0.011111
0 0.674219 0.104630 0.002604 0.011111
0 0.674219 0.104630 0.002604 0.011111
0 0.674479 0.103241 0.002083 0.008333
0 0.674740 0.100000 0.002604 0.011111
0 0.674740 0.100463 0.002604 0.012037
0 0.674479 0.102778 0.003125 0.007407
0 0.674740 0.100000 0.002604 0.011111
0 0.232292 0.192593 0.005208 0.018519
0 0.674219 0.106481 0.002604 0.007407
0 0.044531 0.100000 0.004688 0.011111
0 0.063281 0.100463 0.004688 0.010185
0 0.722917 0.166667 0.004167 0.016667
0 0.888802 0.235185 0.008854 0.022222
0 0.674740 0.100000 0.002604 0.011111
0 0.674740 0.100463 0.002604 0.012037
0 0.429427 0.191667 0.002604 0.018519
0 0.675000 0.097685 0.003125 0.012037
0 0.863021 0.224074 0.007292 0.012963
1 0.589583 0.386111 0.050000 0.040741
1 0.655469 0.146296 0.013021 0.016667
1 0.389062 0.253241 0.018750 0.025000
1 0.815365 0.271296 0.047396 0.029630