1 0.591146 0.392593 0.051042 0.042593
1 0.656510 0.147222 0.013021 0.016667
1 0.387760 0.256019 0.019271 0.025000
1 0.818750 0.274537 0.047917 0.030556
6 0.425521 0.279630 0.005208 0.022222
1 0.687760 0.115741 0.010937 0.012963
1 0.681510 0.112037 0.010937 0.011111
8 0.905729 0.264352 0.016667 0.028704
1 0.934375 0.282870 0.046875 0.041667
1 0.676562 0.206481 0.025000 0.018519
1 0.810677 0.216204 0.024479 0.025000
2 0.498698 0.258796 0.025521 0.087963
8 0.674219 0.108796 0.005729 0.010185
7 0.782552 0.584722 0.046354 0.047222
7 0.567708 0.214815 0.014583 0.018519
2 0.651042 0.097685 0.026042 0.030556
0 0.904948 0.240278 0.008854 0.023148
0 0.675260 0.089815 0.002604 0.011111
0 0.676302 0.092593 0.002604 0.011111
0 0.675000 0.106944 0.003125 0.006481
0 0.675260 0.104630 0.002604 0.011111
0 0.675260 0.104630 0.002604 0.011111
0 0.675781 0.100463 0.002604 0.012037
0 0.675000 0.107407 0.003125 0.007407
0 0.675260 0.104630 0.002604 0.011111
0 0.675781 0.100463 0.002604 0.012037
0 0.675260 0.104630 0.002604 0.011111
0 0.675260 0.104630 0.002604 0.011111
0 0.675260 0.103704 0.002604 0.007407
0 0.675781 0.100463 0.002604 0.012037
0 0.675781 0.100926 0.002604 0.011111
0 0.675260 0.103241 0.002604 0.006481
0 0.675781 0.100463 0.002604 0.012037
0 0.229948 0.193981 0.005729 0.019444
0 0.675000 0.106944 0.003125 0.006481
0 0.042708 0.100463 0.004167 0.010185
0 0.060938 0.100926 0.004167 0.011111
0 0.724479 0.168519 0.004167 0.016667
0 0.892448 0.237500 0.008854 0.023148
0 0.675781 0.100463 0.002604 0.012037
0 0.675781 0.100926 0.002604 0.011111
0 0.429167 0.193519 0.003125 0.018519
0 0.675781 0.098148 0.002604 0.011111
0 0.866667 0.226389 0.007292 0.013889
1 0.591146 0.392593 0.051042 0.042593
1 0.656510 0.147222 0.013021 0.016667
1 0.387760 0.256019 0.019271 0.025000
1 0.818750 0.274537 0.047917 0.030556