1 0.582031 0.352315 0.045313 0.037963
1 0.650000 0.140741 0.012500 0.014815
1 0.395573 0.237500 0.018229 0.023148
1 0.979167 0.553704 0.041667 0.057407
1 0.681250 0.111574 0.010417 0.012037
1 0.675781 0.108333 0.009896 0.011111
8 0.877604 0.244907 0.014583 0.026852
1 0.905729 0.263889 0.041667 0.038889
1 0.675260 0.194444 0.023438 0.018519
1 0.788021 0.200000 0.021875 0.022222
2 0.498958 0.238889 0.022917 0.079630
8 0.668490 0.105093 0.005729 0.010185
7 0.743229 0.501852 0.038542 0.040741
7 0.555208 0.201389 0.013542 0.017593
2 0.645833 0.094444 0.025000 0.029630
0 0.880729 0.225000 0.008333 0.022222
0 0.670052 0.086111 0.002604 0.011111
0 0.670573 0.089815 0.002604 0.011111
0 0.669531 0.103241 0.002604 0.006481
0 0.669792 0.100926 0.002083 0.011111
0 0.669792 0.100926 0.002083 0.011111
0 0.670052 0.097222 0.002604 0.011111
0 0.669531 0.103241 0.002604 0.006481
0 0.669792 0.100926 0.002083 0.011111
0 0.670052 0.097222 0.002604 0.011111
0 0.669792 0.100926 0.002083 0.011111
0 0.669792 0.100926 0.002083 0.011111
0 0.669792 0.100000 0.002083 0.007407
0 0.670052 0.097222 0.002604 0.011111
0 0.670052 0.097222 0.002604 0.011111
0 0.670052 0.099537 0.002604 0.006481
0 0.670052 0.097222 0.002604 0.011111
0 0.245833 0.182870 0.005208 0.017593
0 0.669531 0.103241 0.002604 0.006481
0 0.075521 0.097685 0.004167 0.010185
0 0.714583 0.160185 0.004167 0.016667
0 0.868490 0.222222 0.007812 0.022222
0 0.670052 0.097222 0.002604 0.011111
0 0.670052 0.097222 0.002604 0.011111
0 0.431510 0.182407 0.002604 0.018519
0 0.670573 0.094444 0.002604 0.011111
0 0.842969 0.211111 0.006771 0.012963
1 0.582031 0.352315 0.045313 0.037963
1 0.650000 0.140741 0.012500 0.014815
1 0.395573 0.237500 0.018229 0.023148