1 0.583073 0.357870 0.046354 0.037963
1 0.651042 0.141667 0.012500 0.014815
1 0.394531 0.240278 0.018229 0.023148
1 0.984115 0.566667 0.031771 0.059259
1 0.682292 0.112500 0.010417 0.012037
1 0.676562 0.108333 0.010417 0.011111
8 0.881250 0.247685 0.014583 0.026852
1 0.909635 0.266204 0.042188 0.039815
1 0.675521 0.195833 0.023958 0.017593
1 0.791406 0.202315 0.022396 0.023148
2 0.498698 0.241667 0.023438 0.081481
8 0.800260 0.512037 0.031771 0.042593
8 0.669271 0.105093 0.005208 0.010185
7 0.748438 0.512500 0.039583 0.041667
7 0.556771 0.203241 0.013542 0.017593
2 0.646875 0.095370 0.025000 0.029630
0 0.883854 0.226852 0.008333 0.022222
0 0.670573 0.087037 0.002604 0.011111
0 0.671615 0.089815 0.002604 0.011111
0 0.670313 0.104167 0.003125 0.006481
0 0.670573 0.101852 0.002604 0.011111
0 0.670573 0.101852 0.002604 0.011111
0 0.671094 0.097222 0.002604 0.011111
0 0.670313 0.104167 0.003125 0.006481
0 0.670573 0.101852 0.002604 0.011111
0 0.671094 0.097222 0.002604 0.011111
0 0.670573 0.101852 0.002604 0.011111
0 0.670573 0.101852 0.002604 0.011111
0 0.670573 0.100926 0.002604 0.007407
0 0.671094 0.097222 0.002604 0.011111
0 0.671094 0.098148 0.002604 0.011111
0 0.670573 0.100000 0.002604 0.007407
0 0.671094 0.097222 0.002604 0.011111
0 0.243750 0.184259 0.005208 0.018519
0 0.670313 0.104167 0.003125 0.006481
0 0.073437 0.098148 0.004167 0.011111
0 0.716146 0.161574 0.004167 0.015741
0 0.871875 0.224537 0.008333 0.021296
0 0.671094 0.097222 0.002604 0.011111
0 0.671094 0.098148 0.002604 0.011111
0 0.431250 0.184259 0.003125 0.018519
0 0.671094 0.095370 0.002604 0.011111
1 0.583073 0.357870 0.046354 0.037963
1 0.651042 0.141667 0.012500 0.014815
1 0.394531 0.240278 0.018229 0.023148