1 0.592448 0.399074 0.051562 0.042593
1 0.657552 0.148148 0.013021 0.016667
1 0.386719 0.258796 0.019271 0.025000
1 0.822656 0.277315 0.048437 0.030556
6 0.424740 0.282870 0.004688 0.021296
1 0.688542 0.116667 0.010417 0.012963
1 0.682552 0.112500 0.010937 0.012037
8 0.910417 0.267130 0.016667 0.028704
1 0.938802 0.286111 0.047396 0.042593
1 0.677083 0.208333 0.025000 0.018519
1 0.814062 0.218981 0.025000 0.025000
2 0.498698 0.262037 0.025521 0.088889
8 0.674740 0.109259 0.005729 0.011111
7 0.789062 0.599074 0.047917 0.048148
7 0.569531 0.216667 0.015104 0.018519
2 0.652083 0.098611 0.026042 0.030556
0 0.908854 0.242130 0.009375 0.023148
0 0.675781 0.090741 0.002604 0.011111
0 0.677344 0.093519 0.002604 0.011111
0 0.675781 0.107870 0.002604 0.006481
0 0.676042 0.105556 0.003125 0.011111
0 0.676042 0.105556 0.003125 0.011111
0 0.676302 0.100926 0.002604 0.011111
0 0.675781 0.107870 0.002604 0.006481
0 0.676042 0.105556 0.003125 0.011111
0 0.676302 0.100926 0.002604 0.011111
0 0.676042 0.105556 0.003125 0.011111
0 0.676042 0.105556 0.003125 0.011111
0 0.676302 0.104167 0.002604 0.008333
0 0.676302 0.100926 0.002604 0.011111
0 0.676302 0.101852 0.002604 0.011111
0 0.676302 0.103704 0.002604 0.007407
0 0.676302 0.100926 0.002604 0.011111
0 0.227344 0.195833 0.005729 0.019444
0 0.675781 0.107870 0.002604 0.006481
0 0.040625 0.100926 0.004167 0.011111
0 0.058854 0.101852 0.004167 0.011111
0 0.726042 0.169444 0.004167 0.016667
0 0.896354 0.240278 0.009375 0.023148
0 0.676302 0.100926 0.002604 0.011111
0 0.676302 0.101852 0.002604 0.011111
0 0.428646 0.195370 0.003125 0.018519
0 0.676823 0.098611 0.002604 0.012037
0 0.870052 0.228704 0.007812 0.012963
1 0.592448 0.399074 0.051562 0.042593
1 0.657552 0.148148 0.013021 0.016667
1 0.386719 0.258796 0.019271 0.025000
1 0.822656 0.277315 0.048437 0.030556