1 0.584375 0.362963 0.046875 0.038889
1 0.651823 0.142130 0.013021 0.015741
1 0.393490 0.243056 0.018229 0.023148
6 0.429427 0.263889 0.004688 0.020370
1 0.989323 0.579630 0.021354 0.061111
1 0.683333 0.112500 0.010417 0.012037
1 0.677344 0.109259 0.009896 0.011111
8 0.885156 0.250463 0.015104 0.026852
1 0.913802 0.268981 0.043229 0.039815
1 0.675781 0.197685 0.023438 0.017593
1 0.794271 0.204167 0.022917 0.023148
2 0.498698 0.243981 0.023438 0.082407
8 0.806510 0.522685 0.032812 0.043519
8 0.670052 0.106019 0.005729 0.010185
7 0.753385 0.524074 0.040104 0.042593
7 0.558333 0.205556 0.013542 0.018519
2 0.647396 0.095370 0.025000 0.029630
0 0.887500 0.229167 0.008333 0.021296
0 0.671615 0.087037 0.002604 0.011111
0 0.672135 0.090741 0.002604 0.011111
0 0.671094 0.104167 0.002604 0.006481
0 0.671094 0.101852 0.002604 0.011111
0 0.671094 0.101852 0.002604 0.011111
0 0.671615 0.098148 0.002604 0.011111
0 0.671094 0.104630 0.002604 0.007407
0 0.671094 0.101852 0.002604 0.011111
0 0.671615 0.098148 0.002604 0.011111
0 0.671094 0.101852 0.002604 0.011111
0 0.671094 0.101852 0.002604 0.011111
0 0.671354 0.100926 0.002083 0.007407
0 0.671615 0.098148 0.002604 0.011111
0 0.671615 0.098148 0.002604 0.011111
0 0.671615 0.100463 0.002604 0.006481
0 0.671615 0.098148 0.002604 0.011111
0 0.077604 0.098148 0.004167 0.011111
0 0.241406 0.186111 0.005729 0.018519
0 0.671094 0.104167 0.002604 0.006481
0 0.071354 0.098611 0.004167 0.010185
0 0.717188 0.162500 0.004167 0.015741
0 0.875260 0.226389 0.007812 0.021296
0 0.671615 0.098148 0.002604 0.011111
0 0.671615 0.098148 0.002604 0.011111
0 0.430990 0.185648 0.002604 0.017593
0 0.672135 0.095370 0.002604 0.011111
1 0.584375 0.362963 0.046875 0.038889
1 0.651823 0.142130 0.013021 0.015741
1 0.393490 0.243056 0.018229 0.023148