1 0.600781 0.435185 0.056771 0.048148
1 0.662760 0.153704 0.014062 0.016667
1 0.380469 0.274537 0.020312 0.026852
1 0.842188 0.295370 0.052083 0.033333
6 0.420312 0.300463 0.005208 0.023148
1 0.693490 0.119444 0.010937 0.012963
1 0.686979 0.116204 0.011458 0.012037
8 0.933854 0.283796 0.018750 0.030556
1 0.965365 0.304167 0.052604 0.047222
1 0.678385 0.218519 0.026563 0.020370
1 0.833073 0.232870 0.027604 0.026852
2 0.498437 0.279167 0.027083 0.095370
8 0.896615 0.679630 0.047396 0.055556
8 0.679167 0.112037 0.006250 0.011111
7 0.827604 0.681019 0.056250 0.054630
7 0.579687 0.227315 0.015625 0.019444
2 0.656250 0.100926 0.027083 0.031481
0 0.928646 0.254630 0.010417 0.024074
0 0.680469 0.093056 0.002604 0.012037
0 0.681510 0.095833 0.002604 0.012037
0 0.679948 0.110648 0.002604 0.006481
0 0.680208 0.108333 0.003125 0.011111
0 0.680208 0.108333 0.003125 0.011111
0 0.680729 0.103704 0.003125 0.011111
0 0.679948 0.110648 0.002604 0.006481
0 0.680208 0.108333 0.003125 0.011111
0 0.680729 0.103704 0.003125 0.011111
0 0.680208 0.108333 0.003125 0.011111
0 0.680208 0.108333 0.003125 0.011111
0 0.680469 0.106944 0.002604 0.008333
0 0.680729 0.103704 0.003125 0.011111
0 0.680469 0.104167 0.002604 0.012037
0 0.680469 0.106481 0.002604 0.007407
0 0.680729 0.103704 0.003125 0.011111
0 0.058073 0.103704 0.004688 0.011111
0 0.214583 0.204630 0.006250 0.020370
0 0.679948 0.110648 0.002604 0.006481
0 0.030729 0.103704 0.004167 0.011111
0 0.733594 0.175463 0.004688 0.017593
0 0.915885 0.252778 0.009896 0.024074
0 0.680729 0.103704 0.003125 0.011111
0 0.680469 0.104167 0.002604 0.012037
0 0.426562 0.204167 0.003125 0.019444
0 0.680990 0.101389 0.002604 0.012037
0 0.889583 0.241204 0.008333 0.013889
1 0.600781 0.435185 0.056771 0.048148
1 0.662760 0.153704 0.014062 0.016667
1 0.380469 0.274537 0.020312 0.026852
1 0.842188 0.295370 0.052083 0.033333