1 0.606250 0.459722 0.060417 0.050926
1 0.665885 0.156944 0.014062 0.017593
1 0.376302 0.284259 0.021354 0.027778
1 0.855208 0.306944 0.055208 0.034259
6 0.416927 0.312500 0.005729 0.025000
1 0.696354 0.122222 0.011458 0.012963
1 0.689583 0.117593 0.011458 0.012963
8 0.949479 0.293981 0.019792 0.032407
1 0.977604 0.316204 0.044792 0.049074
1 0.679167 0.224537 0.027083 0.021296
1 0.845312 0.242130 0.029167 0.028704
2 0.498437 0.289815 0.028125 0.100000
8 0.930990 0.739815 0.053646 0.061111
8 0.681771 0.113889 0.006250 0.011111
7 0.856510 0.741204 0.063021 0.060185
7 0.585156 0.234259 0.016146 0.020370
2 0.658594 0.102778 0.027604 0.031481
0 0.941667 0.262963 0.010417 0.024074
0 0.683333 0.093981 0.003125 0.012037
0 0.684115 0.097685 0.002604 0.012037
0 0.682813 0.112037 0.003125 0.007407
0 0.682813 0.109722 0.003125 0.012037
0 0.682813 0.109722 0.003125 0.012037
0 0.683333 0.105556 0.003125 0.011111
0 0.682552 0.112500 0.002604 0.006481
0 0.682813 0.109722 0.003125 0.012037
0 0.683333 0.105556 0.003125 0.011111
0 0.682813 0.109722 0.003125 0.012037
0 0.682813 0.109722 0.003125 0.012037
0 0.683073 0.108796 0.002604 0.008333
0 0.683333 0.105556 0.003125 0.011111
0 0.683333 0.106019 0.003125 0.012037
0 0.683073 0.108333 0.002604 0.007407
0 0.683333 0.105556 0.003125 0.011111
0 0.206250 0.210185 0.006250 0.020370
0 0.682813 0.112037 0.003125 0.007407
0 0.024479 0.104630 0.005208 0.011111
0 0.738802 0.180093 0.004688 0.017593
0 0.928646 0.260648 0.010417 0.025000
0 0.683333 0.105556 0.003125 0.011111
0 0.683333 0.106019 0.003125 0.012037
0 0.425521 0.210185 0.003125 0.020370
0 0.683594 0.103241 0.002604 0.012037
0 0.901823 0.249074 0.008854 0.014815
1 0.606250 0.459722 0.060417 0.050926
1 0.665885 0.156944 0.014062 0.017593
1 0.376302 0.284259 0.021354 0.027778
1 0.855208 0.306944 0.055208 0.034259