1 0.602344 0.443056 0.057813 0.049074
1 0.663802 0.155093 0.014062 0.017593
1 0.379167 0.277315 0.020833 0.026852
1 0.846354 0.299074 0.053125 0.033333
6 0.419271 0.304630 0.005208 0.024074
1 0.694531 0.120370 0.010937 0.012963
1 0.688021 0.116204 0.011458 0.012037
8 0.939062 0.287037 0.018750 0.031481
1 0.971094 0.307870 0.053646 0.049074
1 0.678646 0.220370 0.026042 0.020370
1 0.836979 0.236111 0.028125 0.027778
2 0.498698 0.282407 0.027604 0.096296
8 0.907292 0.698148 0.048958 0.057407
8 0.679948 0.112963 0.005729 0.011111
7 0.836979 0.699537 0.058333 0.056481
7 0.581771 0.229630 0.015625 0.020370
2 0.657031 0.101852 0.026563 0.031481
0 0.932813 0.257407 0.010417 0.024074
0 0.681510 0.093056 0.002604 0.012037
0 0.682292 0.096296 0.003125 0.011111
0 0.680990 0.111111 0.002604 0.007407
0 0.680990 0.108796 0.002604 0.012037
0 0.680990 0.108796 0.002604 0.012037
0 0.681510 0.104167 0.002604 0.012037
0 0.680729 0.111111 0.003125 0.007407
0 0.680990 0.108796 0.002604 0.012037
0 0.681510 0.104167 0.002604 0.012037
0 0.680990 0.108796 0.002604 0.012037
0 0.680990 0.108796 0.002604 0.012037
0 0.681250 0.107870 0.002083 0.008333
0 0.681510 0.104167 0.002604 0.012037
0 0.681510 0.105093 0.002604 0.012037
0 0.681250 0.106944 0.003125 0.006481
0 0.681510 0.104167 0.002604 0.012037
0 0.056250 0.104630 0.004167 0.011111
0 0.211979 0.206481 0.006250 0.020370
0 0.680990 0.111111 0.002604 0.007407
0 0.028906 0.103704 0.004688 0.011111
0 0.735677 0.177315 0.004688 0.017593
0 0.920052 0.255556 0.009896 0.024074
0 0.681510 0.104167 0.002604 0.012037
0 0.681510 0.104630 0.002604 0.011111
0 0.426042 0.206019 0.003125 0.019444
0 0.681771 0.101852 0.003125 0.011111
0 0.893750 0.243981 0.008333 0.013889
1 0.602344 0.443056 0.057813 0.049074
1 0.663802 0.155093 0.014062 0.017593
1 0.379167 0.277315 0.020833 0.026852
1 0.846354 0.299074 0.053125 0.033333