1 0.598698 0.427315 0.055729 0.047222
1 0.661719 0.152778 0.014062 0.016667
1 0.381510 0.270833 0.020312 0.026852
1 0.838281 0.291667 0.051562 0.031481
6 0.421354 0.296759 0.005208 0.023148
1 0.692448 0.119444 0.010937 0.012963
1 0.686198 0.115278 0.010937 0.012037
8 0.928906 0.280093 0.018229 0.030556
1 0.959635 0.300463 0.051562 0.047222
1 0.678125 0.216204 0.026042 0.019444
1 0.829167 0.230093 0.027083 0.026852
2 0.498698 0.275000 0.026563 0.094444
8 0.885938 0.661574 0.045833 0.054630
8 0.678125 0.111574 0.006250 0.010185
7 0.819271 0.662500 0.054167 0.052778
7 0.577604 0.225463 0.015625 0.019444
2 0.655469 0.100926 0.026563 0.031481
0 0.924740 0.252315 0.009896 0.023148
0 0.679427 0.093056 0.002604 0.012037
0 0.680469 0.095370 0.002604 0.011111
0 0.679167 0.110185 0.003125 0.007407
0 0.679427 0.107407 0.002604 0.011111
0 0.679427 0.107407 0.002604 0.011111
0 0.679948 0.103241 0.002604 0.012037
0 0.679167 0.110185 0.003125 0.007407
0 0.679427 0.107407 0.002604 0.011111
0 0.679948 0.103241 0.002604 0.012037
0 0.679427 0.107407 0.002604 0.011111
0 0.679427 0.107407 0.002604 0.011111
0 0.679427 0.106481 0.002604 0.007407
0 0.679948 0.103241 0.002604 0.012037
0 0.679688 0.103704 0.003125 0.011111
0 0.679688 0.106019 0.003125 0.006481
0 0.679948 0.103241 0.002604 0.012037
0 0.217187 0.202778 0.006250 0.020370
0 0.679167 0.110185 0.003125 0.007407
0 0.032552 0.102778 0.004688 0.011111
0 0.732031 0.174537 0.004688 0.017593
0 0.911979 0.250000 0.009375 0.024074
0 0.679948 0.103241 0.002604 0.012037
0 0.679688 0.103704 0.003125 0.011111
0 0.427083 0.202315 0.003125 0.019444
0 0.679948 0.100926 0.002604 0.011111
0 0.885417 0.238426 0.008333 0.013889
1 0.598698 0.427315 0.055729 0.047222
1 0.661719 0.152778 0.014062 0.016667
1 0.381510 0.270833 0.020312 0.026852
1 0.838281 0.291667 0.051562 0.031481