1 0.595573 0.412500 0.053646 0.045370
1 0.659375 0.150463 0.013542 0.017593
1 0.384375 0.264815 0.019792 0.025926
1 0.830208 0.284259 0.050000 0.031481
6 0.422917 0.289815 0.005208 0.022222
1 0.690365 0.117593 0.010937 0.012963
1 0.684115 0.113889 0.010937 0.011111
8 0.919271 0.273148 0.017708 0.029630
1 0.948698 0.292593 0.049479 0.044444
1 0.677344 0.212037 0.025521 0.020370
1 0.821354 0.224074 0.026042 0.025926
2 0.498958 0.268056 0.026042 0.091667
8 0.866667 0.627778 0.042708 0.051852
8 0.676562 0.110185 0.006250 0.011111
7 0.803125 0.628704 0.051042 0.050000
7 0.573438 0.220833 0.015625 0.019444
2 0.653646 0.099537 0.026042 0.030556
0 0.916406 0.247222 0.009896 0.024074
0 0.677604 0.092593 0.003125 0.011111
0 0.678906 0.094444 0.002604 0.011111
0 0.677604 0.108796 0.003125 0.006481
0 0.677865 0.106481 0.002604 0.011111
0 0.677865 0.106481 0.002604 0.011111
0 0.678125 0.101852 0.003125 0.011111
0 0.677604 0.108796 0.003125 0.006481
0 0.677865 0.106481 0.002604 0.011111
0 0.678125 0.101852 0.003125 0.011111
0 0.677865 0.106481 0.002604 0.011111
0 0.677865 0.106481 0.002604 0.011111
0 0.677865 0.105556 0.002604 0.007407
0 0.678125 0.101852 0.003125 0.011111
0 0.677865 0.102778 0.002604 0.011111
0 0.677865 0.104630 0.002604 0.007407
0 0.678125 0.101852 0.003125 0.011111
0 0.063542 0.102778 0.004167 0.011111
0 0.222656 0.199537 0.005729 0.019444
0 0.677604 0.108796 0.003125 0.006481
0 0.036719 0.101852 0.004688 0.011111
0 0.728906 0.171759 0.004688 0.017593
0 0.903906 0.244907 0.008854 0.023148
0 0.678125 0.101852 0.003125 0.011111
0 0.677865 0.102778 0.002604 0.011111
0 0.428125 0.198611 0.003125 0.019444
0 0.678385 0.100000 0.002604 0.011111
0 0.877344 0.233796 0.007812 0.013889
1 0.595573 0.412500 0.053646 0.045370
1 0.659375 0.150463 0.013542 0.017593
1 0.384375 0.264815 0.019792 0.025926
1 0.830208 0.284259 0.050000 0.031481