1 0.635938 0.598148 0.080208 0.070370
1 0.678385 0.171759 0.016146 0.019444
1 0.353646 0.333796 0.025000 0.034259
1 0.917188 0.364352 0.067708 0.041667
6 0.400000 0.372222 0.007292 0.029630
1 0.707292 0.131019 0.012500 0.013889
1 0.700000 0.125926 0.012500 0.012963
1 0.681250 0.254630 0.030208 0.024074
1 0.903906 0.287037 0.038021 0.035185
2 0.496094 0.346296 0.033854 0.122222
8 0.690885 0.121759 0.006771 0.012037
7 0.594792 0.267130 0.018750 0.023148
2 0.667188 0.110648 0.029167 0.034259
0 0.996875 0.300926 0.006250 0.027778
0 0.696354 0.099537 0.003125 0.012037
0 0.693229 0.104167 0.003125 0.012037
0 0.691667 0.120370 0.003125 0.007407
0 0.691927 0.117593 0.002604 0.012963
0 0.691927 0.117593 0.002604 0.012963
0 0.692187 0.112963 0.003125 0.012963
0 0.691667 0.120370 0.003125 0.007407
0 0.691927 0.117593 0.002604 0.012963
0 0.692187 0.112963 0.003125 0.012963
0 0.691927 0.117593 0.002604 0.012963
0 0.691927 0.117593 0.002604 0.012963
0 0.691927 0.116204 0.002604 0.008333
0 0.692187 0.112963 0.003125 0.012963
0 0.692187 0.113426 0.003125 0.012037
0 0.692187 0.115741 0.003125 0.007407
0 0.692187 0.112963 0.003125 0.012963
0 0.023438 0.113426 0.005208 0.012037
0 0.691667 0.120370 0.003125 0.007407
0 0.007292 0.113426 0.005208 0.012037
0 0.759115 0.197685 0.005729 0.019444
0 0.359375 0.242130 0.005208 0.023148
0 0.986458 0.299537 0.012500 0.028704
0 0.692187 0.112963 0.003125 0.012963
0 0.692187 0.113426 0.003125 0.012037
0 0.417188 0.237037 0.004167 0.022222
0 0.692708 0.110185 0.003125 0.012963
0 0.959115 0.287963 0.010937 0.016667
1 0.635938 0.598148 0.080208 0.070370
1 0.678385 0.171759 0.016146 0.019444
1 0.353646 0.333796 0.025000 0.034259
1 0.917188 0.364352 0.067708 0.041667