1 0.633073 0.584259 0.078646 0.068519
1 0.677344 0.170833 0.016146 0.019444
1 0.355729 0.328704 0.025000 0.033333
1 0.911458 0.359259 0.066667 0.040741
6 0.401823 0.366667 0.006771 0.029630
1 0.706771 0.130093 0.012500 0.013889
1 0.699219 0.125463 0.011979 0.013889
1 0.681250 0.251852 0.030208 0.024074
1 0.898698 0.282870 0.036979 0.034259
2 0.496615 0.340741 0.033854 0.120370
8 0.690365 0.121296 0.006771 0.011111
7 0.594271 0.264352 0.018750 0.023148
2 0.666667 0.109722 0.029167 0.034259
0 0.994271 0.297222 0.011458 0.027778
0 0.695312 0.099537 0.003125 0.012037
0 0.692708 0.103704 0.003125 0.012963
0 0.691146 0.119444 0.003125 0.007407
0 0.691146 0.117130 0.003125 0.012037
0 0.691146 0.117130 0.003125 0.012037
0 0.691667 0.112037 0.003125 0.012963
0 0.691146 0.119444 0.003125 0.007407
0 0.691146 0.117130 0.003125 0.012037
0 0.691667 0.112037 0.003125 0.012963
0 0.691146 0.117130 0.003125 0.012037
0 0.691146 0.117130 0.003125 0.012037
0 0.691406 0.115741 0.002604 0.009259
0 0.691667 0.112037 0.003125 0.012963
0 0.691667 0.112500 0.003125 0.012037
0 0.691667 0.114815 0.003125 0.007407
0 0.691667 0.112037 0.003125 0.012963
0 0.026042 0.112500 0.005208 0.012037
0 0.691146 0.119444 0.003125 0.007407
0 0.010417 0.112500 0.005208 0.012037
0 0.757552 0.196296 0.005729 0.018519
0 0.361719 0.239352 0.004688 0.023148
0 0.981250 0.296296 0.012500 0.027778
0 0.691667 0.112037 0.003125 0.012963
0 0.691667 0.112500 0.003125 0.012037
0 0.417969 0.234259 0.003646 0.022222
0 0.692187 0.109722 0.003125 0.012037
0 0.954167 0.284259 0.010417 0.016667
1 0.633073 0.584259 0.078646 0.068519
1 0.677344 0.170833 0.016146 0.019444
1 0.355729 0.328704 0.025000 0.033333
1 0.911458 0.359259 0.066667 0.040741