1 0.630469 0.570370 0.076563 0.066667
1 0.677083 0.169444 0.015625 0.018519
1 0.358594 0.324537 0.024479 0.032407
1 0.906510 0.354167 0.065104 0.039815
6 0.403906 0.360648 0.006771 0.028704
1 0.706250 0.129167 0.012500 0.013889
1 0.698958 0.125000 0.012500 0.012963
1 0.681771 0.249074 0.030208 0.024074
1 0.894271 0.278704 0.036458 0.033333
2 0.497656 0.335648 0.032812 0.117593
8 0.690365 0.120833 0.006771 0.012037
7 0.594010 0.261111 0.018229 0.022222
2 0.666406 0.109259 0.028646 0.033333
0 0.990885 0.294444 0.013021 0.027778
0 0.695312 0.099537 0.003125 0.012037
0 0.692708 0.103241 0.003125 0.012037
0 0.691146 0.118519 0.003125 0.007407
0 0.691146 0.116204 0.003125 0.012037
0 0.691146 0.116204 0.003125 0.012037
0 0.691667 0.111574 0.003125 0.012037
0 0.691146 0.118981 0.003125 0.008333
0 0.691146 0.116204 0.003125 0.012037
0 0.691667 0.111574 0.003125 0.012037
0 0.691146 0.116204 0.003125 0.012037
0 0.691146 0.116204 0.003125 0.012037
0 0.691406 0.115278 0.002604 0.008333
0 0.691667 0.111574 0.003125 0.012037
0 0.691667 0.112037 0.003125 0.012963
0 0.691667 0.114815 0.003125 0.007407
0 0.691667 0.111574 0.003125 0.012037
0 0.029687 0.112037 0.005208 0.011111
0 0.691146 0.118519 0.003125 0.007407
0 0.001042 0.111111 0.002083 0.011111
0 0.014583 0.112037 0.005208 0.011111
0 0.756510 0.194907 0.005729 0.019444
0 0.364323 0.237037 0.004688 0.022222
0 0.977344 0.293056 0.011979 0.026852
0 0.691667 0.111574 0.003125 0.012037
0 0.691667 0.112037 0.003125 0.012963
0 0.419531 0.232407 0.003646 0.022222
0 0.692187 0.108796 0.003125 0.012037
0 0.950000 0.281019 0.010417 0.015741
1 0.630729 0.570833 0.076042 0.067593
1 0.677083 0.169444 0.015625 0.018519
1 0.358594 0.324537 0.024479 0.032407
1 0.906510 0.354167 0.065104 0.039815