1 0.639323 0.613426 0.082813 0.073148
1 0.679948 0.173611 0.016146 0.019444
1 0.351823 0.338426 0.025521 0.034259
1 0.923437 0.370370 0.068750 0.042593
6 0.398698 0.377778 0.007812 0.031481
1 0.708594 0.131944 0.013021 0.013889
1 0.701042 0.126852 0.012500 0.012963
1 0.681510 0.257407 0.030729 0.024074
1 0.910156 0.291204 0.039062 0.036111
2 0.496354 0.351389 0.034375 0.125000
8 0.691927 0.122685 0.006771 0.012037
7 0.596094 0.270370 0.019271 0.024074
2 0.668229 0.111111 0.029167 0.035185
0 0.697396 0.100000 0.003125 0.012963
0 0.694271 0.104630 0.003125 0.012963
0 0.692708 0.120833 0.003125 0.008333
0 0.693229 0.118056 0.003125 0.012037
0 0.693229 0.118056 0.003125 0.012037
0 0.693490 0.113426 0.002604 0.012037
0 0.692708 0.120833 0.003125 0.008333
0 0.693229 0.118056 0.003125 0.012037
0 0.693490 0.113426 0.002604 0.012037
0 0.693229 0.118056 0.003125 0.012037
0 0.693229 0.118056 0.003125 0.012037
0 0.692969 0.117130 0.002604 0.008333
0 0.693490 0.113426 0.002604 0.012037
0 0.693229 0.113889 0.003125 0.012963
0 0.693229 0.116667 0.003125 0.007407
0 0.693490 0.113426 0.002604 0.012037
0 0.021354 0.114352 0.005208 0.012037
0 0.160938 0.240278 0.008333 0.023148
0 0.692708 0.120833 0.003125 0.008333
0 0.004688 0.114352 0.005208 0.012037
0 0.761198 0.199537 0.005729 0.019444
0 0.357812 0.244907 0.005208 0.023148
0 0.992448 0.303241 0.013021 0.028704
0 0.693490 0.113426 0.002604 0.012037
0 0.693229 0.113889 0.003125 0.012963
0 0.416667 0.239352 0.004167 0.023148
0 0.693750 0.111111 0.003125 0.012963
0 0.964844 0.291204 0.010937 0.017593
1 0.639323 0.613426 0.082813 0.073148
1 0.679948 0.173611 0.016146 0.019444
1 0.351823 0.338426 0.025521 0.034259
1 0.923437 0.370370 0.068750 0.042593