1 0.668490 0.741204 0.102604 0.093519
1 0.689583 0.183333 0.017708 0.020370
1 0.336198 0.375000 0.028646 0.038889
1 0.966667 0.415278 0.066667 0.049074
6 0.386979 0.423148 0.009375 0.035185
1 0.717188 0.137963 0.013542 0.014815
1 0.709115 0.131944 0.013021 0.013889
1 0.684375 0.278241 0.033333 0.026852
1 0.957292 0.326389 0.046875 0.041667
2 0.496094 0.394907 0.039062 0.143519
8 0.699479 0.127778 0.007292 0.012963
7 0.604167 0.293981 0.020833 0.025000
2 0.675521 0.115741 0.030208 0.035185
0 0.704687 0.104630 0.003125 0.012963
0 0.701563 0.109259 0.003125 0.012963
0 0.700000 0.125463 0.003125 0.008333
0 0.700260 0.123148 0.003646 0.012963
0 0.700260 0.123148 0.003646 0.012963
0 0.700781 0.118519 0.003646 0.012963
0 0.700000 0.125926 0.003125 0.007407
0 0.700260 0.123148 0.003646 0.012963
0 0.700781 0.118519 0.003646 0.012963
0 0.700260 0.123148 0.003646 0.012963
0 0.700260 0.123148 0.003646 0.012963
0 0.700521 0.122222 0.003125 0.009259
0 0.700781 0.118519 0.003646 0.012963
0 0.700781 0.118519 0.003646 0.012963
0 0.700521 0.121296 0.003125 0.007407
0 0.700781 0.118519 0.003646 0.012963
0 0.134115 0.259259 0.008854 0.024074
0 0.700000 0.125463 0.003125 0.008333
0 0.776563 0.212037 0.006250 0.020370
0 0.344271 0.264352 0.005208 0.025000
0 0.700781 0.118519 0.003646 0.012963
0 0.700781 0.118519 0.003646 0.012963
0 0.412500 0.258333 0.004167 0.024074
0 0.701042 0.115741 0.003125 0.012963
0 0.612760 0.303704 0.005729 0.027778
1 0.668490 0.741204 0.102604 0.093519
1 0.689583 0.183333 0.017708 0.020370
1 0.336198 0.375000 0.028646 0.038889
1 0.966667 0.415278 0.066667 0.049074