1 0.643229 0.628704 0.085417 0.075926
1 0.681250 0.175000 0.016667 0.020370
1 0.349740 0.343519 0.025521 0.035185
1 0.930469 0.376389 0.070312 0.043519
6 0.397135 0.383796 0.007812 0.030556
1 0.710156 0.132407 0.013021 0.014815
1 0.702344 0.127778 0.013021 0.012963
1 0.682292 0.260185 0.031250 0.024074
1 0.916406 0.296296 0.040104 0.037037
2 0.496354 0.357407 0.035417 0.127778
8 0.692969 0.123611 0.006771 0.012037
7 0.597135 0.273611 0.019271 0.023148
2 0.669531 0.111574 0.029687 0.034259
0 0.698438 0.100000 0.003125 0.012963
0 0.695312 0.105556 0.003125 0.012963
0 0.693750 0.121296 0.003125 0.007407
0 0.694271 0.118981 0.003125 0.012037
0 0.694271 0.118981 0.003125 0.012037
0 0.694792 0.113889 0.003125 0.012963
0 0.693750 0.121296 0.003125 0.007407
0 0.694271 0.118981 0.003125 0.012037
0 0.694792 0.113889 0.003125 0.012963
0 0.694271 0.118981 0.003125 0.012037
0 0.694271 0.118981 0.003125 0.012037
0 0.694271 0.117593 0.003125 0.009259
0 0.694792 0.113889 0.003125 0.012963
0 0.694792 0.114815 0.003125 0.012963
0 0.694271 0.117130 0.003125 0.008333
0 0.694792 0.113889 0.003125 0.012963
0 0.019531 0.114352 0.004688 0.012037
0 0.157552 0.243056 0.007812 0.023148
0 0.693750 0.121296 0.003125 0.007407
0 0.002344 0.114352 0.004688 0.012037
0 0.763281 0.201389 0.005729 0.019444
0 0.996094 0.306944 0.007812 0.028704
0 0.694792 0.113889 0.003125 0.012963
0 0.694792 0.114815 0.003125 0.012963
0 0.416146 0.242130 0.004167 0.023148
0 0.694792 0.111574 0.003125 0.012037
0 0.971094 0.295370 0.010937 0.016667
1 0.643229 0.629167 0.085417 0.075000
1 0.681250 0.175000 0.016667 0.020370
1 0.349740 0.343519 0.025521 0.035185
1 0.930469 0.376389 0.070312 0.043519