1 0.654427 0.680093 0.093229 0.084259
1 0.685156 0.178704 0.017188 0.020370
1 0.343229 0.358333 0.027083 0.037037
1 0.950521 0.394907 0.075000 0.045370
6 0.392188 0.402778 0.008333 0.033333
1 0.713542 0.135185 0.013542 0.014815
1 0.705469 0.130093 0.013021 0.013889
1 0.683333 0.268981 0.032292 0.025000
1 0.935677 0.310185 0.043229 0.038889
2 0.496094 0.375000 0.036979 0.135185
8 0.696094 0.125463 0.006771 0.012037
7 0.600521 0.283333 0.019792 0.024074
2 0.672396 0.113889 0.030208 0.035185
0 0.701563 0.101852 0.003125 0.012963
0 0.698438 0.107407 0.003125 0.012963
0 0.696875 0.123611 0.003125 0.008333
0 0.697135 0.121296 0.003646 0.012963
0 0.697135 0.121296 0.003646 0.012963
0 0.697656 0.115741 0.003646 0.012963
0 0.696875 0.123611 0.003125 0.008333
0 0.697135 0.121296 0.003646 0.012963
0 0.697656 0.115741 0.003646 0.012963
0 0.697135 0.121296 0.003646 0.012963
0 0.697135 0.121296 0.003646 0.012963
0 0.697135 0.119907 0.002604 0.008333
0 0.697656 0.115741 0.003646 0.012963
0 0.697396 0.116667 0.003125 0.012963
0 0.697396 0.118981 0.003125 0.008333
0 0.697656 0.115741 0.003646 0.012963
0 0.013021 0.116204 0.005208 0.012037
0 0.696875 0.123611 0.003125 0.008333
0 0.769792 0.206481 0.006250 0.020370
0 0.697656 0.116204 0.003646 0.012037
0 0.697396 0.116667 0.003125 0.012963
0 0.414583 0.250000 0.004167 0.024074
0 0.697917 0.113426 0.003125 0.012037
0 0.988802 0.306944 0.011979 0.017593
1 0.654688 0.680093 0.092708 0.084259
1 0.685156 0.178704 0.017188 0.020370
1 0.343229 0.358333 0.027083 0.037037
1 0.950521 0.394907 0.075000 0.045370