1 0.658854 0.699074 0.095833 0.087037
1 0.686719 0.180556 0.017188 0.020370
1 0.340885 0.363889 0.027604 0.037037
1 0.957812 0.400926 0.076042 0.046296
6 0.390625 0.408796 0.008333 0.034259
1 0.714844 0.136111 0.013021 0.014815
1 0.706510 0.131019 0.013021 0.013889
1 0.683594 0.272222 0.032812 0.025926
1 0.942448 0.315278 0.044271 0.039815
2 0.495833 0.381481 0.037500 0.137037
8 0.697135 0.126389 0.006771 0.012037
7 0.601562 0.286574 0.019792 0.025000
2 0.673437 0.114815 0.030208 0.035185
0 0.702604 0.102778 0.003125 0.012963
0 0.699479 0.108333 0.003125 0.012963
0 0.697917 0.124074 0.003125 0.007407
0 0.698177 0.121296 0.003646 0.012963
0 0.698177 0.121296 0.003646 0.012963
0 0.698438 0.116667 0.003125 0.012963
0 0.697917 0.124537 0.003125 0.008333
0 0.698177 0.121296 0.003646 0.012963
0 0.698438 0.116667 0.003125 0.012963
0 0.698177 0.121296 0.003646 0.012963
0 0.698177 0.121759 0.003646 0.012037
0 0.698177 0.120370 0.002604 0.009259
0 0.698438 0.116667 0.003125 0.012963
0 0.698438 0.117593 0.003125 0.012963
0 0.698438 0.119907 0.003125 0.008333
0 0.698438 0.116667 0.003125 0.012963
0 0.697917 0.124074 0.003125 0.007407
0 0.771875 0.208333 0.006250 0.020370
0 0.698438 0.116667 0.003125 0.012963
0 0.698438 0.117593 0.003125 0.012963
0 0.414062 0.252778 0.004167 0.024074
0 0.698958 0.113889 0.003125 0.012963
0 0.994531 0.311111 0.010937 0.018519
1 0.658854 0.699074 0.095833 0.087037
1 0.686719 0.180556 0.017188 0.020370
1 0.340885 0.363889 0.027604 0.037037
1 0.957812 0.400926 0.076042 0.046296