1 0.709115 0.203704 0.020312 0.024074
1 0.300000 0.461574 0.035417 0.050926
6 0.358594 0.532870 0.013021 0.047222
1 0.733594 0.149074 0.015104 0.016667
1 0.723958 0.143056 0.014583 0.015741
1 0.690104 0.324074 0.038542 0.031481
2 0.494792 0.500926 0.050000 0.192593
8 0.713281 0.137500 0.007812 0.013889
7 0.621875 0.344444 0.025000 0.029630
2 0.688281 0.125000 0.032812 0.038889
0 0.721875 0.112500 0.004167 0.013889
0 0.715885 0.118056 0.003646 0.013889
0 0.713802 0.135185 0.003646 0.009259
0 0.713802 0.132407 0.003646 0.012963
0 0.713802 0.132407 0.003646 0.012963
0 0.714844 0.127315 0.003646 0.013889
0 0.713802 0.135648 0.003646 0.008333
0 0.713802 0.132407 0.003646 0.012963
0 0.714844 0.127315 0.003646 0.013889
0 0.713802 0.132407 0.003646 0.012963
0 0.713802 0.132407 0.003646 0.012963
0 0.714063 0.131019 0.003125 0.010185
0 0.714844 0.127315 0.003646 0.013889
0 0.714323 0.128241 0.003646 0.013889
0 0.714323 0.130093 0.003646 0.008333
0 0.714844 0.127315 0.003646 0.013889
0 0.076042 0.299074 0.011458 0.027778
0 0.713802 0.135185 0.003646 0.009259
0 0.807031 0.237037 0.007812 0.022222
0 0.314844 0.305556 0.006771 0.027778
0 0.714844 0.127315 0.003646 0.013889
0 0.714323 0.127778 0.003646 0.012963
0 0.761719 0.197685 0.005729 0.019444
0 0.403906 0.298148 0.004688 0.027778
0 0.714844 0.124537 0.003646 0.013889
0 0.627083 0.360648 0.007292 0.032407
1 0.709115 0.203704 0.020312 0.024074
1 0.300000 0.461574 0.035417 0.050926