1 0.705729 0.904167 0.129167 0.123148
1 0.698958 0.193056 0.018750 0.023148
1 0.319792 0.413889 0.031250 0.044444
6 0.374219 0.472222 0.010937 0.040741
1 0.725260 0.143056 0.014062 0.015741
1 0.716406 0.137500 0.014062 0.013889
1 0.687240 0.299537 0.035937 0.028704
1 0.990104 0.363889 0.019792 0.048148
2 0.495573 0.442593 0.044271 0.164815
8 0.705990 0.132407 0.007812 0.012963
7 0.612240 0.317130 0.022396 0.026852
2 0.681510 0.120370 0.031771 0.037037
0 0.714323 0.109259 0.003646 0.012963
0 0.708594 0.113426 0.003646 0.013889
0 0.706510 0.130093 0.003646 0.008333
0 0.707031 0.127778 0.003646 0.012963
0 0.707031 0.127778 0.003646 0.012963
0 0.707552 0.122685 0.003646 0.013889
0 0.706510 0.130093 0.003646 0.008333
0 0.707031 0.127778 0.003646 0.012963
0 0.707552 0.122685 0.003646 0.013889
0 0.707031 0.127778 0.003646 0.012963
0 0.707031 0.127778 0.003646 0.012963
0 0.707292 0.126389 0.003125 0.010185
0 0.707552 0.122685 0.003646 0.013889
0 0.707552 0.123148 0.003646 0.012963
0 0.707031 0.125463 0.003646 0.008333
0 0.707552 0.122685 0.003646 0.013889
0 0.706510 0.130093 0.003646 0.008333
0 0.790885 0.223611 0.006771 0.021296
0 0.330729 0.283333 0.006250 0.025926
0 0.707552 0.122685 0.003646 0.013889
0 0.707552 0.123148 0.003646 0.012963
0 0.408594 0.276852 0.004688 0.025926
0 0.707812 0.119907 0.003125 0.013889
0 0.619531 0.330093 0.006771 0.030556
1 0.705729 0.904167 0.129167 0.123148
1 0.698958 0.193056 0.018750 0.023148
1 0.319792 0.413889 0.031250 0.044444