1 0.741146 0.990741 0.156250 0.018519
1 0.705729 0.200000 0.019792 0.024074
1 0.307031 0.444907 0.033854 0.049074
6 0.363802 0.511574 0.011979 0.045370
1 0.730729 0.146759 0.014583 0.015741
1 0.721354 0.140741 0.014583 0.014815
1 0.689323 0.315741 0.038021 0.029630
2 0.495052 0.480093 0.048437 0.182407
8 0.710677 0.136111 0.007812 0.012963
7 0.618229 0.335185 0.023958 0.027778
2 0.685938 0.123148 0.032292 0.038889
0 0.719531 0.110648 0.003646 0.013889
0 0.713281 0.116204 0.003646 0.013889
0 0.711198 0.133796 0.003646 0.008333
0 0.711719 0.131019 0.003646 0.013889
0 0.711719 0.131019 0.003646 0.013889
0 0.712240 0.125463 0.003646 0.013889
0 0.711198 0.133796 0.003646 0.008333
0 0.711719 0.131019 0.003646 0.013889
0 0.712240 0.125463 0.003646 0.013889
0 0.711719 0.131019 0.003646 0.013889
0 0.711719 0.131019 0.003646 0.013889
0 0.711979 0.129630 0.003125 0.009259
0 0.712240 0.125463 0.003646 0.013889
0 0.712240 0.126389 0.003646 0.013889
0 0.711719 0.129167 0.003646 0.008333
0 0.712240 0.125463 0.003646 0.013889
0 0.086458 0.292130 0.011458 0.026852
0 0.711198 0.133796 0.003646 0.008333
0 0.801562 0.232407 0.007292 0.022222
0 0.320312 0.298148 0.006250 0.027778
0 0.712240 0.125463 0.003646 0.013889
0 0.712240 0.126389 0.003646 0.013889
0 0.405469 0.290741 0.004688 0.027778
0 0.712760 0.122685 0.003646 0.013889
0 0.624479 0.350000 0.007292 0.031481
1 0.741146 0.991204 0.156250 0.017593
1 0.705729 0.200000 0.019792 0.024074
1 0.307031 0.444907 0.033854 0.049074