1 0.685417 0.814815 0.114583 0.107407
1 0.694010 0.187963 0.018229 0.022222
1 0.328385 0.393981 0.029687 0.041667
6 0.380990 0.446759 0.009896 0.037963
1 0.721094 0.140278 0.014062 0.015741
1 0.712500 0.134722 0.013542 0.013889
1 0.685938 0.288889 0.034375 0.027778
1 0.978125 0.344444 0.043750 0.044444
2 0.495573 0.417593 0.041146 0.153704
8 0.702604 0.130093 0.007292 0.012037
7 0.608073 0.305093 0.021354 0.026852
2 0.678385 0.118056 0.030729 0.036111
0 0.708073 0.108796 0.003646 0.013889
0 0.704948 0.111111 0.003646 0.012963
0 0.703385 0.128241 0.003646 0.008333
0 0.703646 0.125000 0.003125 0.012963
0 0.703646 0.125000 0.003125 0.012963
0 0.704167 0.120370 0.003125 0.012963
0 0.703385 0.128241 0.003646 0.008333
0 0.703646 0.125000 0.003125 0.012963
0 0.704167 0.120370 0.003125 0.012963
0 0.703646 0.125000 0.003125 0.012963
0 0.703646 0.125000 0.003125 0.012963
0 0.703646 0.124074 0.003125 0.009259
0 0.704167 0.120370 0.003125 0.012963
0 0.704167 0.120833 0.003125 0.013889
0 0.703906 0.123611 0.003646 0.008333
0 0.704167 0.120370 0.003125 0.012963
0 0.703385 0.128241 0.003646 0.008333
0 0.783594 0.217593 0.006771 0.020370
0 0.337760 0.273148 0.005729 0.025926
0 0.704167 0.120370 0.003125 0.012963
0 0.704167 0.120833 0.003125 0.013889
0 0.410677 0.267130 0.004688 0.025000
0 0.704427 0.117593 0.003646 0.012963
0 0.616146 0.316667 0.006250 0.029630
1 0.685417 0.814815 0.114583 0.107407
1 0.694010 0.187963 0.018229 0.022222
1 0.328385 0.393981 0.029687 0.041667