1 0.691406 0.842593 0.119271 0.111111
1 0.695573 0.189815 0.018229 0.022222
1 0.325521 0.400000 0.030208 0.042593
6 0.378906 0.454630 0.009896 0.038889
1 0.722656 0.141204 0.014062 0.015741
1 0.713802 0.135648 0.014062 0.013889
1 0.686198 0.292593 0.034896 0.027778
1 0.981771 0.350463 0.036458 0.045370
2 0.495573 0.425463 0.042188 0.156481
8 0.703646 0.131019 0.007292 0.012037
7 0.609375 0.309259 0.021875 0.025926
2 0.679688 0.118519 0.031250 0.037037
0 0.709115 0.110185 0.003646 0.012963
0 0.706250 0.112037 0.003125 0.012963
0 0.704427 0.128704 0.003646 0.007407
0 0.704687 0.125926 0.003125 0.012963
0 0.704687 0.125926 0.003125 0.012963
0 0.705208 0.121296 0.003125 0.012963
0 0.704427 0.129167 0.003646 0.008333
0 0.704687 0.125926 0.003125 0.012963
0 0.705208 0.121296 0.003125 0.012963
0 0.704687 0.125926 0.003125 0.012963
0 0.704687 0.125926 0.003125 0.012963
0 0.704687 0.125000 0.003125 0.009259
0 0.705208 0.121296 0.003125 0.012963
0 0.705208 0.121759 0.003125 0.013889
0 0.704948 0.124074 0.003646 0.007407
0 0.705208 0.121296 0.003125 0.012963
0 0.704427 0.128704 0.003646 0.007407
0 0.785937 0.219907 0.006250 0.021296
0 0.335417 0.276852 0.006250 0.025926
0 0.705208 0.121296 0.003125 0.012963
0 0.705208 0.121296 0.003125 0.012963
0 0.409896 0.270370 0.004167 0.025926
0 0.705469 0.118519 0.003646 0.012963
0 0.617188 0.320833 0.006250 0.030556
1 0.691406 0.842593 0.119271 0.111111
1 0.695573 0.189815 0.018229 0.022222
1 0.325521 0.400000 0.030208 0.042593