1 0.730990 0.971296 0.148438 0.057407
1 0.703646 0.198148 0.019792 0.022222
1 0.310417 0.436574 0.033333 0.047222
6 0.366667 0.501389 0.011458 0.043519
1 0.729167 0.145833 0.014583 0.015741
1 0.720052 0.139815 0.014062 0.014815
1 0.688802 0.311574 0.036979 0.030556
2 0.495313 0.470370 0.046875 0.177778
8 0.709635 0.135185 0.007812 0.012963
7 0.616667 0.330556 0.023958 0.027778
2 0.684896 0.122685 0.032292 0.037963
0 0.717969 0.110648 0.003646 0.013889
0 0.712240 0.115278 0.003646 0.013889
0 0.710156 0.132870 0.003646 0.008333
0 0.710417 0.130093 0.003125 0.013889
0 0.710417 0.130093 0.003125 0.013889
0 0.711198 0.124537 0.003646 0.013889
0 0.710156 0.132870 0.003646 0.008333
0 0.710417 0.130093 0.003125 0.013889
0 0.711198 0.124537 0.003646 0.013889
0 0.710417 0.130093 0.003125 0.013889
0 0.710417 0.130093 0.003125 0.013889
0 0.710417 0.128704 0.003125 0.009259
0 0.711198 0.124537 0.003646 0.013889
0 0.710938 0.125463 0.003125 0.013889
0 0.710677 0.128241 0.003646 0.008333
0 0.711198 0.124537 0.003646 0.013889
0 0.091927 0.288426 0.010937 0.026852
0 0.710156 0.132870 0.003646 0.008333
0 0.798958 0.230556 0.007292 0.022222
0 0.322917 0.293981 0.006250 0.026852
0 0.711198 0.125000 0.003646 0.012963
0 0.710938 0.125463 0.003125 0.013889
0 0.406250 0.287500 0.005208 0.026852
0 0.711198 0.121759 0.003646 0.013889
0 0.623177 0.344907 0.006771 0.032407
1 0.731250 0.971296 0.148958 0.057407
1 0.703646 0.198148 0.019792 0.022222
1 0.310417 0.436574 0.033333 0.047222