1 0.713542 0.936574 0.135417 0.126852
1 0.700521 0.194444 0.018750 0.022222
1 0.316667 0.421759 0.032292 0.045370
6 0.372135 0.481481 0.010937 0.040741
1 0.726562 0.143981 0.014583 0.015741
1 0.717448 0.137963 0.014062 0.014815
1 0.687760 0.303241 0.035937 0.028704
1 0.994531 0.370833 0.010937 0.049074
2 0.495313 0.451389 0.044792 0.169444
8 0.707292 0.133333 0.007292 0.012963
7 0.613542 0.321759 0.022917 0.026852
2 0.682552 0.120833 0.031771 0.037963
0 0.715625 0.109722 0.003125 0.013889
0 0.709635 0.114352 0.003646 0.013889
0 0.707812 0.131019 0.003125 0.008333
0 0.708073 0.128241 0.003646 0.013889
0 0.708073 0.128241 0.003646 0.013889
0 0.708594 0.123148 0.003646 0.012963
0 0.707812 0.131019 0.003125 0.008333
0 0.708073 0.128241 0.003646 0.013889
0 0.708594 0.123148 0.003646 0.012963
0 0.708073 0.128241 0.003646 0.013889
0 0.708073 0.128241 0.003646 0.013889
0 0.708333 0.126852 0.003125 0.009259
0 0.708594 0.123148 0.003646 0.012963
0 0.708594 0.124074 0.003646 0.012963
0 0.708333 0.126389 0.003125 0.008333
0 0.708594 0.123148 0.003646 0.012963
0 0.102083 0.281019 0.010417 0.026852
0 0.707812 0.131019 0.003125 0.008333
0 0.793490 0.225926 0.006771 0.022222
0 0.328125 0.286574 0.006250 0.026852
0 0.708594 0.123148 0.003646 0.012963
0 0.708594 0.124074 0.003646 0.012963
0 0.407813 0.280093 0.005208 0.026852
0 0.709115 0.120370 0.003646 0.012963
0 0.620573 0.334722 0.006771 0.030556
1 0.713542 0.936574 0.135417 0.126852
1 0.700521 0.194444 0.018750 0.022222
1 0.316667 0.421759 0.032292 0.045370