1 0.712500 0.206944 0.020833 0.025000
1 0.292708 0.478704 0.036458 0.053704
6 0.352604 0.556481 0.013542 0.050000
1 0.736458 0.150926 0.015625 0.016667
1 0.726823 0.144907 0.015104 0.015741
1 0.691146 0.332870 0.039583 0.032407
2 0.494531 0.523611 0.052604 0.202778
8 0.715365 0.139352 0.007812 0.013889
7 0.625781 0.354630 0.025521 0.029630
2 0.690625 0.126389 0.033333 0.039815
0 0.724219 0.114352 0.003646 0.013889
0 0.717969 0.118981 0.003646 0.013889
0 0.715885 0.136574 0.003646 0.008333
0 0.716406 0.133796 0.003646 0.013889
0 0.716406 0.133796 0.003646 0.013889
0 0.716927 0.128704 0.003646 0.014815
0 0.715885 0.137037 0.003646 0.009259
0 0.716406 0.133796 0.003646 0.013889
0 0.716927 0.128704 0.003646 0.014815
0 0.716406 0.133796 0.003646 0.013889
0 0.716406 0.133796 0.003646 0.013889
0 0.716667 0.132870 0.003125 0.010185
0 0.716927 0.128704 0.003646 0.014815
0 0.716927 0.129167 0.003646 0.013889
0 0.716667 0.131944 0.004167 0.008333
0 0.716927 0.128704 0.003646 0.014815
0 0.064844 0.306481 0.011979 0.027778
0 0.715885 0.136574 0.003646 0.008333
0 0.812760 0.241204 0.007812 0.023148
0 0.309375 0.313426 0.007292 0.028704
0 0.716927 0.129167 0.003646 0.013889
0 0.716927 0.129167 0.003646 0.013889
0 0.765885 0.201389 0.005729 0.019444
0 0.402344 0.305556 0.005729 0.027778
0 0.717448 0.125463 0.003646 0.013889
0 0.629948 0.371759 0.007812 0.034259
1 0.712500 0.206944 0.020833 0.025000
1 0.292708 0.478704 0.036458 0.053704