1 0.728385 0.223611 0.023438 0.026852
1 0.254427 0.569907 0.044271 0.067593
6 0.320573 0.679630 0.019271 0.064815
1 0.749479 0.159722 0.016667 0.017593
1 0.738281 0.152778 0.016146 0.016667
1 0.697396 0.375000 0.044792 0.037037
2 0.493229 0.644907 0.066667 0.265741
8 0.726562 0.146759 0.008333 0.013889
7 0.647917 0.402778 0.029167 0.033333
2 0.700521 0.133333 0.035417 0.040741
0 0.736458 0.121296 0.004167 0.014815
0 0.728906 0.125926 0.003646 0.014815
0 0.726823 0.144444 0.003646 0.009259
0 0.727083 0.141667 0.004167 0.014815
0 0.727083 0.141667 0.004167 0.014815
0 0.727604 0.135648 0.004167 0.013889
0 0.726562 0.144444 0.004167 0.009259
0 0.727083 0.141667 0.004167 0.014815
0 0.727604 0.136111 0.004167 0.014815
0 0.727083 0.141667 0.004167 0.014815
0 0.727083 0.141667 0.004167 0.014815
0 0.727344 0.140278 0.003646 0.010185
0 0.727604 0.136111 0.004167 0.014815
0 0.727604 0.136111 0.004167 0.014815
0 0.727344 0.138889 0.003646 0.009259
0 0.727604 0.136111 0.004167 0.014815
0 0.012240 0.343056 0.015104 0.030556
0 0.726823 0.144444 0.003646 0.009259
0 0.839323 0.263426 0.008854 0.025000
0 0.282552 0.350926 0.008854 0.031481
0 0.727604 0.136111 0.004167 0.014815
0 0.727604 0.136111 0.004167 0.014815
0 0.786719 0.218056 0.006771 0.021296
0 0.394271 0.341667 0.006250 0.031481
0 0.728125 0.132407 0.004167 0.014815
0 0.644010 0.426389 0.008854 0.037963
1 0.728385 0.223611 0.023438 0.026852
1 0.254427 0.569907 0.044271 0.067593