1 0.710677 0.205556 0.020312 0.024074
1 0.296615 0.469907 0.035937 0.052778
6 0.355729 0.544444 0.013542 0.048148
1 0.735156 0.150000 0.015104 0.016667
1 0.725521 0.143981 0.014583 0.015741
1 0.690885 0.328241 0.039062 0.032407
2 0.494531 0.512037 0.051562 0.198148
8 0.714323 0.138426 0.007812 0.013889
7 0.623958 0.349074 0.025000 0.029630
2 0.689583 0.125926 0.033333 0.038889
0 0.723177 0.113426 0.003646 0.013889
0 0.716927 0.118056 0.003646 0.013889
0 0.714844 0.135648 0.003646 0.008333
0 0.715365 0.132870 0.003646 0.013889
0 0.715365 0.132870 0.003646 0.013889
0 0.715885 0.128241 0.003646 0.013889
0 0.714844 0.136111 0.003646 0.009259
0 0.715365 0.132870 0.003646 0.013889
0 0.715885 0.128241 0.003646 0.013889
0 0.715365 0.132870 0.003646 0.013889
0 0.715365 0.132870 0.003646 0.013889
0 0.715104 0.131944 0.003125 0.010185
0 0.715885 0.128241 0.003646 0.013889
0 0.715885 0.128241 0.003646 0.013889
0 0.715365 0.131019 0.003646 0.008333
0 0.715885 0.128241 0.003646 0.013889
0 0.070573 0.302778 0.011979 0.027778
0 0.714844 0.135648 0.003646 0.008333
0 0.809896 0.239352 0.007292 0.023148
0 0.312240 0.309259 0.006771 0.027778
0 0.715885 0.128241 0.003646 0.013889
0 0.715885 0.128241 0.003646 0.013889
0 0.763802 0.199537 0.005729 0.019444
0 0.403125 0.301852 0.005208 0.027778
0 0.715885 0.125463 0.003646 0.013889
0 0.628646 0.365741 0.007292 0.033333
1 0.710677 0.205556 0.020312 0.024074
1 0.296615 0.469907 0.035937 0.052778