1 0.726562 0.221759 0.022917 0.026852
1 0.259896 0.556481 0.042708 0.064815
6 0.325260 0.661111 0.018229 0.062963
1 0.747656 0.158796 0.016146 0.017593
1 0.736979 0.151852 0.015625 0.016667
1 0.696354 0.368981 0.043750 0.036111
2 0.493229 0.626389 0.064583 0.256481
8 0.725000 0.145833 0.008333 0.013889
7 0.644531 0.395370 0.028646 0.033333
2 0.699219 0.132407 0.034896 0.040741
0 0.734896 0.121296 0.004167 0.014815
0 0.727604 0.125000 0.004167 0.014815
0 0.725260 0.143519 0.003646 0.009259
0 0.725781 0.140278 0.003646 0.013889
0 0.725781 0.140278 0.003646 0.013889
0 0.726302 0.134722 0.003646 0.013889
0 0.725260 0.143519 0.003646 0.009259
0 0.725781 0.140278 0.003646 0.013889
0 0.726302 0.134722 0.003646 0.013889
0 0.725781 0.140278 0.003646 0.013889
0 0.725781 0.140278 0.003646 0.013889
0 0.725781 0.139352 0.003646 0.010185
0 0.726302 0.134722 0.003646 0.013889
0 0.726302 0.135648 0.003646 0.013889
0 0.726042 0.137963 0.004167 0.009259
0 0.726302 0.134722 0.003646 0.013889
0 0.019531 0.337500 0.014062 0.030556
0 0.725260 0.143519 0.003646 0.009259
0 0.835677 0.260185 0.008854 0.024074
0 0.286458 0.345833 0.008333 0.030556
0 0.726302 0.134722 0.003646 0.013889
0 0.726302 0.135185 0.003646 0.014815
0 0.783854 0.215741 0.006250 0.020370
0 0.395573 0.336574 0.005729 0.030556
0 0.726562 0.131944 0.004167 0.013889
0 0.641927 0.418519 0.008854 0.037037
1 0.726562 0.221759 0.022917 0.026852
1 0.259896 0.556481 0.042708 0.064815