1 0.741927 0.237500 0.025521 0.028704
1 0.215625 0.661574 0.052083 0.082407
6 0.286198 0.811111 0.025521 0.083333
1 0.759896 0.166667 0.017708 0.018519
1 0.747917 0.159722 0.016667 0.017593
1 0.702865 0.412963 0.049479 0.040741
2 0.491406 0.776852 0.082813 0.340741
8 0.735156 0.153241 0.008854 0.013889
7 0.672917 0.446759 0.033333 0.037963
2 0.708333 0.138889 0.037500 0.042593
0 0.745573 0.126852 0.004688 0.014815
0 0.737500 0.131019 0.004167 0.015741
0 0.735417 0.150000 0.004167 0.009259
0 0.735417 0.147222 0.004167 0.014815
0 0.735417 0.147222 0.004167 0.014815
0 0.736458 0.141204 0.004167 0.015741
0 0.735417 0.150000 0.004167 0.009259
0 0.735417 0.147222 0.004167 0.014815
0 0.736458 0.141204 0.004167 0.015741
0 0.735417 0.147222 0.004167 0.014815
0 0.735417 0.147222 0.004167 0.014815
0 0.735677 0.145833 0.003646 0.010185
0 0.736458 0.141204 0.004167 0.015741
0 0.736458 0.142130 0.004167 0.015741
0 0.735937 0.144907 0.004167 0.010185
0 0.736458 0.141667 0.004167 0.014815
0 0.735417 0.150000 0.004167 0.009259
0 0.258594 0.385185 0.009896 0.035185
0 0.736458 0.141667 0.004167 0.014815
0 0.736458 0.142130 0.004167 0.015741
0 0.804167 0.232407 0.007292 0.022222
0 0.387240 0.374074 0.006771 0.033333
0 0.736719 0.138426 0.004688 0.015741
0 0.657552 0.476852 0.009896 0.040741
1 0.741927 0.237500 0.025521 0.028704
1 0.215625 0.661574 0.052083 0.082407