1 0.735156 0.230556 0.024479 0.027778
1 0.235938 0.612963 0.047917 0.074074
6 0.304427 0.740741 0.022396 0.074074
1 0.754427 0.163426 0.017188 0.017593
1 0.743229 0.156481 0.016667 0.016667
1 0.700000 0.393519 0.046875 0.038889
2 0.492188 0.705556 0.073958 0.300000
8 0.730729 0.150000 0.008333 0.014815
7 0.659375 0.424074 0.031250 0.035185
2 0.704167 0.136111 0.036458 0.042593
0 0.741146 0.123611 0.004167 0.015741
0 0.733333 0.128704 0.004167 0.014815
0 0.730729 0.147222 0.004167 0.009259
0 0.731250 0.144444 0.004167 0.014815
0 0.731250 0.144444 0.004167 0.014815
0 0.732031 0.138889 0.003646 0.014815
0 0.730729 0.147222 0.004167 0.009259
0 0.731250 0.144444 0.004167 0.014815
0 0.732031 0.138889 0.003646 0.014815
0 0.731250 0.144444 0.004167 0.014815
0 0.731250 0.144444 0.004167 0.014815
0 0.731510 0.143056 0.003646 0.010185
0 0.732031 0.138889 0.003646 0.014815
0 0.731771 0.138889 0.004167 0.014815
0 0.731771 0.141667 0.004167 0.009259
0 0.732031 0.138889 0.003646 0.014815
0 0.730729 0.147222 0.004167 0.009259
0 0.850521 0.272222 0.009375 0.025926
0 0.270833 0.367593 0.009375 0.033333
0 0.732031 0.138889 0.003646 0.014815
0 0.731771 0.138889 0.004167 0.014815
0 0.795313 0.225000 0.007292 0.022222
0 0.390885 0.357870 0.006771 0.032407
0 0.732292 0.135185 0.004167 0.014815
0 0.650521 0.450463 0.009375 0.039815
1 0.735156 0.230556 0.024479 0.027778
1 0.235938 0.612963 0.047917 0.074074