1 0.752083 0.248611 0.027083 0.030556
1 0.181510 0.742593 0.058854 0.096296
6 0.254427 0.932870 0.032812 0.100926
1 0.767187 0.172222 0.018750 0.018519
1 0.754687 0.164352 0.017708 0.017593
1 0.708594 0.443519 0.053646 0.044444
2 0.489844 0.845833 0.098438 0.308333
8 0.741406 0.157407 0.008854 0.014815
7 0.695833 0.482407 0.036458 0.040741
2 0.714063 0.143519 0.038542 0.044444
0 0.751562 0.133796 0.004167 0.015741
0 0.743750 0.134722 0.004167 0.015741
0 0.741406 0.154630 0.004688 0.009259
0 0.741667 0.151389 0.004167 0.015741
0 0.741667 0.151389 0.004167 0.015741
0 0.742448 0.145370 0.004688 0.014815
0 0.741406 0.154630 0.004688 0.009259
0 0.741667 0.151389 0.004167 0.015741
0 0.742448 0.145370 0.004688 0.014815
0 0.741667 0.151389 0.004167 0.015741
0 0.741667 0.151389 0.004167 0.015741
0 0.741927 0.150000 0.003646 0.011111
0 0.742448 0.145370 0.004688 0.014815
0 0.742448 0.145833 0.004688 0.015741
0 0.742188 0.149074 0.004167 0.009259
0 0.742448 0.145370 0.004688 0.014815
0 0.741406 0.154630 0.004688 0.009259
0 0.239583 0.412037 0.011458 0.037037
0 0.742448 0.145370 0.004688 0.014815
0 0.742448 0.145833 0.004688 0.015741
0 0.817187 0.243056 0.007292 0.023148
0 0.381771 0.400000 0.007292 0.035185
0 0.742969 0.142130 0.004688 0.015741
0 0.668229 0.518056 0.011458 0.043519
1 0.752083 0.248611 0.027083 0.030556
1 0.181510 0.742593 0.058854 0.096296