1 0.744531 0.240278 0.025521 0.028704
1 0.207813 0.680556 0.054167 0.085185
6 0.279167 0.838889 0.027083 0.087037
1 0.761458 0.168519 0.017708 0.018519
1 0.749740 0.160648 0.017188 0.017593
1 0.703906 0.420370 0.050521 0.042593
2 0.491146 0.804630 0.086458 0.357407
8 0.736719 0.154167 0.008854 0.013889
7 0.678385 0.455093 0.033854 0.037963
2 0.709896 0.140278 0.037500 0.043519
0 0.747135 0.128241 0.004688 0.015741
0 0.739062 0.131944 0.004167 0.015741
0 0.736979 0.150926 0.004167 0.009259
0 0.736979 0.148148 0.004167 0.014815
0 0.736979 0.148148 0.004167 0.014815
0 0.738021 0.142593 0.004167 0.014815
0 0.736719 0.151389 0.004688 0.010185
0 0.736979 0.148148 0.004167 0.014815
0 0.738021 0.142593 0.004167 0.014815
0 0.736979 0.148148 0.004167 0.014815
0 0.736979 0.148148 0.004167 0.014815
0 0.737240 0.146759 0.003646 0.010185
0 0.738021 0.142593 0.004167 0.014815
0 0.738021 0.143056 0.004167 0.015741
0 0.737500 0.146296 0.004167 0.009259
0 0.738021 0.142593 0.004167 0.014815
0 0.736979 0.150926 0.004167 0.009259
0 0.254167 0.391667 0.010417 0.035185
0 0.738021 0.142593 0.004167 0.014815
0 0.738021 0.143056 0.004167 0.015741
0 0.807292 0.234722 0.007292 0.023148
0 0.386198 0.380093 0.006771 0.034259
0 0.738281 0.139352 0.004688 0.015741
0 0.659896 0.486574 0.010417 0.041667
1 0.744531 0.240278 0.025521 0.028704
1 0.207813 0.680556 0.054167 0.085185