1 0.768750 0.265741 0.030208 0.033333
1 0.113542 0.905093 0.073958 0.128704
1 0.945052 0.719907 0.109896 0.156481
1 0.779167 0.180556 0.019792 0.020370
1 0.765625 0.172222 0.018750 0.018519
1 0.726302 0.497685 0.060938 0.050926
2 0.485677 0.936574 0.138021 0.126852
8 0.751302 0.164352 0.009896 0.015741
7 0.740885 0.546759 0.043229 0.045370
2 0.722917 0.150000 0.040625 0.046296
0 0.761979 0.135185 0.005208 0.016667
0 0.753906 0.140741 0.004688 0.016667
0 0.751302 0.161111 0.004688 0.009259
0 0.751562 0.157870 0.004167 0.015741
0 0.751562 0.157870 0.004167 0.015741
0 0.752344 0.151852 0.004688 0.016667
0 0.751302 0.161574 0.004688 0.010185
0 0.751562 0.157870 0.004167 0.015741
0 0.752344 0.151852 0.004688 0.016667
0 0.751562 0.157870 0.004167 0.015741
0 0.751562 0.157870 0.004167 0.015741
0 0.751823 0.156481 0.003646 0.011111
0 0.752344 0.151852 0.004688 0.016667
0 0.752344 0.152778 0.004688 0.016667
0 0.751823 0.155556 0.004688 0.009259
0 0.752344 0.151852 0.004688 0.016667
0 0.751302 0.161111 0.004688 0.009259
0 0.206250 0.459259 0.013542 0.038889
0 0.752344 0.151852 0.004688 0.016667
0 0.752344 0.152315 0.004688 0.015741
0 0.838802 0.260185 0.008854 0.024074
0 0.372135 0.444444 0.008854 0.038889
0 0.752865 0.148611 0.004688 0.015741
0 0.688281 0.594444 0.013021 0.048148
1 0.768750 0.265741 0.030208 0.033333
1 0.113542 0.905093 0.073958 0.128704
1 0.945312 0.720833 0.109375 0.156481