1 0.777604 0.274537 0.031250 0.034259
1 0.067188 0.968982 0.084375 0.062037
1 0.961458 0.788889 0.077083 0.181481
1 0.785677 0.185185 0.020312 0.020370
1 0.771615 0.175926 0.019271 0.018519
1 0.739583 0.529630 0.065625 0.055556
8 0.756510 0.168056 0.009896 0.015741
7 0.767448 0.585648 0.047396 0.047222
2 0.727344 0.153241 0.042188 0.047222
0 0.767187 0.138889 0.005208 0.016667
0 0.759115 0.144444 0.004688 0.016667
0 0.755990 0.164352 0.004688 0.010185
0 0.756510 0.161574 0.004688 0.015741
0 0.756510 0.161574 0.004688 0.015741
0 0.757552 0.155093 0.004688 0.015741
0 0.755990 0.165278 0.004688 0.010185
0 0.756510 0.161574 0.004688 0.015741
0 0.757552 0.155556 0.004688 0.016667
0 0.756510 0.161574 0.004688 0.015741
0 0.756510 0.161574 0.004688 0.015741
0 0.756771 0.159722 0.004167 0.012037
0 0.757552 0.155556 0.004688 0.016667
0 0.757552 0.156019 0.004688 0.015741
0 0.757031 0.158796 0.004688 0.010185
0 0.757552 0.155556 0.004688 0.016667
0 0.755990 0.164352 0.004688 0.010185
0 0.186458 0.486574 0.014583 0.041667
0 0.757552 0.155556 0.004688 0.016667
0 0.757552 0.156019 0.004688 0.015741
0 0.366406 0.470370 0.008854 0.040741
0 0.758073 0.151852 0.004688 0.016667
0 0.700000 0.640278 0.014583 0.050926
1 0.777604 0.274537 0.031250 0.034259
1 0.067188 0.968982 0.084375 0.062037
1 0.961719 0.789352 0.076563 0.180556