1 0.759896 0.256481 0.028125 0.031481
1 0.151562 0.814352 0.065625 0.110185
1 0.915885 0.660648 0.108854 0.137963
1 0.773177 0.176389 0.019271 0.019444
1 0.760156 0.168056 0.018229 0.017593
1 0.715885 0.468519 0.056771 0.048148
2 0.488021 0.885185 0.114583 0.229630
8 0.746354 0.161111 0.009375 0.014815
7 0.716667 0.512037 0.039583 0.042593
2 0.718229 0.146296 0.039583 0.044444
0 0.756510 0.132870 0.004688 0.015741
0 0.748698 0.137500 0.004688 0.015741
0 0.746094 0.157870 0.004688 0.010185
0 0.746615 0.154167 0.004688 0.015741
0 0.746615 0.154167 0.004688 0.015741
0 0.747135 0.148611 0.004688 0.015741
0 0.746094 0.157870 0.004688 0.010185
0 0.746615 0.154167 0.004688 0.015741
0 0.747135 0.148611 0.004688 0.015741
0 0.746615 0.154167 0.004688 0.015741
0 0.746615 0.154167 0.004688 0.015741
0 0.746615 0.152778 0.003646 0.011111
0 0.747135 0.148611 0.004688 0.015741
0 0.747135 0.149537 0.004688 0.015741
0 0.746615 0.152315 0.004688 0.010185
0 0.747135 0.148611 0.004688 0.015741
0 0.746094 0.157870 0.004688 0.010185
0 0.223958 0.433796 0.012500 0.037963
0 0.747135 0.148611 0.004688 0.015741
0 0.747135 0.149537 0.004688 0.015741
0 0.827344 0.250926 0.007812 0.024074
0 0.377344 0.420370 0.007812 0.037037
0 0.747656 0.144907 0.004688 0.015741
0 0.677344 0.553241 0.011979 0.045370
1 0.759896 0.256481 0.028125 0.031481
1 0.151562 0.814352 0.065625 0.110185
1 0.916146 0.661111 0.109375 0.137037