1 0.762760 0.259259 0.028646 0.031481
1 0.139844 0.842130 0.068229 0.115741
1 0.927344 0.679167 0.114063 0.143519
1 0.775260 0.177778 0.019271 0.020370
1 0.761979 0.169444 0.018750 0.018519
1 0.719010 0.478241 0.057813 0.049074
2 0.487500 0.900926 0.121875 0.198148
8 0.747917 0.162037 0.009375 0.014815
7 0.724219 0.523148 0.041146 0.042593
2 0.719531 0.147685 0.040104 0.045370
0 0.758073 0.133796 0.004688 0.015741
0 0.750260 0.138889 0.004688 0.016667
0 0.747656 0.158796 0.004688 0.010185
0 0.748177 0.156019 0.004688 0.015741
0 0.748177 0.156019 0.004688 0.015741
0 0.748958 0.149537 0.004167 0.015741
0 0.747656 0.158796 0.004688 0.010185
0 0.748177 0.156019 0.004688 0.015741
0 0.748958 0.149537 0.004167 0.015741
0 0.748177 0.156019 0.004688 0.015741
0 0.748177 0.156019 0.004688 0.015741
0 0.748438 0.154167 0.004167 0.012037
0 0.748958 0.149537 0.004167 0.015741
0 0.748698 0.150463 0.004688 0.015741
0 0.748438 0.153241 0.004167 0.010185
0 0.748958 0.149537 0.004167 0.015741
0 0.747656 0.158796 0.004688 0.010185
0 0.218229 0.442130 0.012500 0.037963
0 0.748958 0.149537 0.004167 0.015741
0 0.748698 0.150463 0.004688 0.015741
0 0.831250 0.253704 0.008333 0.024074
0 0.375781 0.428241 0.007812 0.037963
0 0.749219 0.146296 0.004688 0.016667
0 0.680729 0.565741 0.012500 0.046296
1 0.762760 0.259259 0.028646 0.031481
1 0.139844 0.842130 0.068229 0.115741
1 0.927865 0.679167 0.114063 0.143519