1 0.774740 0.271759 0.030729 0.034259
1 0.083594 0.951852 0.080729 0.096296
1 0.955729 0.764815 0.088542 0.172222
1 0.783594 0.183333 0.020312 0.020370
1 0.769531 0.174537 0.019271 0.019444
1 0.734896 0.518981 0.063542 0.054630
2 0.483333 0.978241 0.159375 0.043519
8 0.754948 0.167130 0.009896 0.015741
7 0.758333 0.572222 0.045833 0.046296
2 0.725781 0.151852 0.041146 0.046296
0 0.765365 0.137963 0.004688 0.016667
0 0.757292 0.143056 0.005208 0.015741
0 0.754427 0.163426 0.004688 0.010185
0 0.754948 0.160185 0.004688 0.016667
0 0.754948 0.160185 0.004688 0.016667
0 0.755990 0.154167 0.004688 0.015741
0 0.754427 0.163426 0.004688 0.010185
0 0.754948 0.160185 0.004688 0.016667
0 0.755990 0.154167 0.004688 0.015741
0 0.754948 0.160185 0.004688 0.016667
0 0.754948 0.160185 0.004688 0.016667
0 0.755208 0.158796 0.004167 0.012037
0 0.755729 0.154167 0.005208 0.015741
0 0.755469 0.154630 0.004688 0.016667
0 0.755469 0.157870 0.004688 0.010185
0 0.755729 0.154167 0.005208 0.015741
0 0.754427 0.163426 0.004688 0.010185
0 0.193229 0.477315 0.014583 0.041667
0 0.755729 0.154167 0.005208 0.015741
0 0.755469 0.154630 0.004688 0.016667
0 0.846615 0.266204 0.008854 0.025000
0 0.368490 0.461574 0.008854 0.039815
0 0.755990 0.150926 0.004688 0.016667
0 0.696094 0.624074 0.014062 0.050000
1 0.774740 0.271759 0.030729 0.034259
1 0.083594 0.951852 0.080729 0.096296
1 0.955990 0.765741 0.088021 0.172222