1 0.793750 0.291667 0.034375 0.037037
1 0.796615 0.192593 0.021354 0.022222
1 0.781510 0.182870 0.020312 0.019444
1 0.767187 0.592593 0.075000 0.062963
8 0.765625 0.175000 0.010417 0.016667
7 0.821094 0.662963 0.056771 0.053704
2 0.735417 0.158796 0.043750 0.049074
0 0.776042 0.147685 0.005208 0.017593
0 0.767969 0.149537 0.004688 0.017593
0 0.764844 0.170833 0.004688 0.010185
0 0.765365 0.167593 0.004688 0.016667
0 0.765365 0.167593 0.004688 0.016667
0 0.766146 0.161111 0.005208 0.016667
0 0.764844 0.170833 0.004688 0.010185
0 0.765365 0.167593 0.004688 0.016667
0 0.766146 0.161111 0.005208 0.016667
0 0.765365 0.167593 0.004688 0.016667
0 0.765365 0.167593 0.004688 0.016667
0 0.765625 0.166204 0.004167 0.012037
0 0.766146 0.161111 0.005208 0.016667
0 0.766146 0.162037 0.005208 0.016667
0 0.765625 0.165278 0.005208 0.010185
0 0.766146 0.161111 0.005208 0.016667
0 0.764844 0.170833 0.004688 0.010185
0 0.148177 0.540278 0.018229 0.045370
0 0.766146 0.161111 0.005208 0.016667
0 0.766146 0.162037 0.005208 0.016667
0 0.355208 0.520833 0.010417 0.043519
0 0.766667 0.157407 0.005208 0.016667
0 0.724740 0.734259 0.017188 0.057407
1 0.793750 0.291667 0.034375 0.037037