1 0.836198 0.314352 0.039062 0.041667
1 0.834896 0.204167 0.023958 0.023148
1 0.817969 0.193056 0.022396 0.021296
1 0.818229 0.668519 0.088542 0.075926
8 0.800781 0.184722 0.011979 0.017593
7 0.901563 0.762037 0.069792 0.062963
2 0.768490 0.167593 0.047396 0.051852
0 0.812240 0.153704 0.005729 0.018519
0 0.803385 0.157870 0.005729 0.017593
0 0.800000 0.180093 0.005208 0.010185
0 0.800260 0.176389 0.005729 0.017593
0 0.800260 0.176389 0.005729 0.017593
0 0.801562 0.169907 0.005208 0.017593
0 0.799740 0.180556 0.005729 0.011111
0 0.800260 0.176389 0.005729 0.017593
0 0.801562 0.169907 0.005208 0.017593
0 0.800260 0.176389 0.005729 0.017593
0 0.800260 0.176389 0.005729 0.017593
0 0.800781 0.175000 0.004688 0.012963
0 0.801562 0.169907 0.005208 0.017593
0 0.801302 0.170833 0.005729 0.017593
0 0.800781 0.174074 0.005729 0.011111
0 0.801562 0.169907 0.005208 0.017593
0 0.800000 0.180093 0.005208 0.010185
0 0.138802 0.576389 0.019271 0.047222
0 0.801302 0.169907 0.005729 0.017593
0 0.801302 0.170833 0.005729 0.017593
0 0.364062 0.563426 0.011458 0.047222
0 0.802344 0.166204 0.005729 0.017593
0 0.769792 0.845833 0.021875 0.063889
1 0.836198 0.314352 0.039062 0.041667