1 0.866146 0.325926 0.041667 0.044444
1 0.864323 0.211111 0.025521 0.024074
1 0.846875 0.199074 0.023958 0.022222
1 0.848437 0.702778 0.095833 0.083333
8 0.828385 0.189815 0.011979 0.018519
7 0.943490 0.808333 0.077604 0.068519
2 0.794792 0.172222 0.050000 0.053704
0 0.840625 0.158333 0.006250 0.018519
0 0.831250 0.162963 0.006250 0.018519
0 0.827344 0.185185 0.005729 0.011111
0 0.828125 0.181944 0.006250 0.017593
0 0.828125 0.181944 0.006250 0.017593
0 0.829167 0.175000 0.006250 0.018519
0 0.827344 0.185648 0.005729 0.012037
0 0.828125 0.181944 0.006250 0.017593
0 0.829167 0.175000 0.006250 0.018519
0 0.828125 0.181944 0.006250 0.017593
0 0.828125 0.181944 0.006250 0.017593
0 0.828125 0.180556 0.005208 0.012963
0 0.829167 0.175000 0.006250 0.018519
0 0.829167 0.175926 0.006250 0.018519
0 0.828385 0.179167 0.005729 0.012037
0 0.829167 0.175000 0.006250 0.018519
0 0.827344 0.185185 0.005729 0.011111
0 0.152344 0.576852 0.019271 0.048148
0 0.829167 0.175000 0.006250 0.018519
0 0.829167 0.175926 0.006250 0.018519
0 0.377865 0.571759 0.010937 0.047222
0 0.829948 0.171296 0.005729 0.018519
0 0.795573 0.892593 0.024479 0.066667
1 0.866146 0.325926 0.041667 0.044444