4 0.008073 0.119907 0.016146 0.052778
6 0.075781 0.563426 0.018229 0.041667
6 0.119792 0.695370 0.022917 0.055556
6 0.094531 0.619907 0.020312 0.047222
1 0.008594 0.141667 0.016146 0.018519
7 0.057813 0.252315 0.014583 0.025000
2 0.005208 0.146759 0.010417 0.049074
0 0.398698 0.111574 0.002604 0.012037
0 0.258333 0.366667 0.009375 0.033333
0 0.391667 0.103704 0.002083 0.011111
0 0.388542 0.103704 0.002083 0.011111
0 0.434635 0.577778 0.009896 0.050000
0 0.223958 0.138889 0.004167 0.014815
0 0.348958 0.118056 0.003125 0.012037
0 0.668490 0.785185 0.017188 0.062963
0 0.274479 0.134722 0.004167 0.013889
0 0.261719 0.131944 0.003646 0.013889
0 0.235156 0.153704 0.003646 0.011111
4 0.008073 0.119907 0.016146 0.052778