4 0.145833 0.106481 0.026042 0.048148
6 0.150521 0.570370 0.014583 0.044444
6 0.170833 0.737963 0.018750 0.062963
6 0.158854 0.640278 0.015625 0.052778
8 0.019792 0.190741 0.014583 0.018519
1 0.152865 0.126852 0.011979 0.016667
7 0.178906 0.239815 0.010937 0.024074
1 0.027604 0.193981 0.036458 0.026852
1 0.096354 0.179167 0.025000 0.019444
2 0.139062 0.130556 0.022917 0.048148
0 0.499740 0.113426 0.001563 0.012037
0 0.340885 0.376389 0.007812 0.034259
0 0.494531 0.104630 0.001563 0.011111
0 0.490885 0.104630 0.001563 0.011111
0 0.503646 0.663889 0.009375 0.055556
0 0.334896 0.132870 0.003125 0.013889
0 0.110417 0.191204 0.006250 0.019444
0 0.127865 0.087963 0.002604 0.009259
0 0.453125 0.118056 0.002083 0.012037
0 0.146354 0.085185 0.003125 0.009259
0 0.379427 0.131481 0.002604 0.012963
0 0.136198 0.087037 0.002604 0.009259
0 0.370052 0.127778 0.002604 0.012963
0 0.099479 0.084259 0.003125 0.009259
0 0.340885 0.149074 0.002604 0.011111
4 0.145833 0.106481 0.026042 0.048148