4 0.157813 0.105556 0.025000 0.048148
6 0.154427 0.576852 0.014062 0.046296
6 0.171615 0.751389 0.018229 0.065741
6 0.161458 0.649074 0.015625 0.053704
8 0.032031 0.189352 0.014062 0.017593
1 0.164583 0.125926 0.011458 0.016667
7 0.188802 0.239815 0.010937 0.024074
1 0.040365 0.192593 0.035937 0.025926
1 0.107292 0.178241 0.025000 0.019444
2 0.150781 0.129630 0.022396 0.048148
0 0.509635 0.114352 0.001563 0.012037
0 0.347917 0.380093 0.008333 0.034259
0 0.504687 0.105556 0.002083 0.011111
0 0.500781 0.105093 0.001563 0.012037
0 0.510156 0.680556 0.009896 0.055556
0 0.345313 0.132870 0.003125 0.013889
0 0.122135 0.190278 0.005729 0.019444
0 0.141146 0.087037 0.003125 0.009259
0 0.463021 0.118056 0.002083 0.012037
0 0.159375 0.084259 0.003125 0.009259
0 0.388802 0.131944 0.002604 0.013889
0 0.463542 0.125463 0.002083 0.013889
0 0.149219 0.086111 0.002604 0.009259
0 0.380208 0.128241 0.002083 0.013889
0 0.112760 0.083333 0.002604 0.009259
0 0.350260 0.149074 0.002604 0.011111
4 0.158333 0.105556 0.025000 0.048148