4 0.244792 0.101389 0.019792 0.047222
6 0.182031 0.629167 0.013021 0.052778
6 0.173438 0.866667 0.018750 0.081481
6 0.178906 0.724537 0.015104 0.063889
2 0.056510 0.179630 0.063021 0.057407
8 0.118490 0.180556 0.011979 0.016667
1 0.249219 0.121296 0.009896 0.016667
7 0.259375 0.243981 0.009375 0.025000
1 0.131510 0.183333 0.031771 0.024074
1 0.185937 0.172222 0.021875 0.018519
7 0.003125 0.202778 0.006250 0.020370
2 0.234896 0.125000 0.019792 0.046296
0 0.585677 0.120370 0.002604 0.012963
0 0.400781 0.411111 0.006771 0.037037
0 0.582552 0.110648 0.002604 0.012037
0 0.577865 0.109722 0.001563 0.012037
0 0.076563 0.177778 0.007292 0.018519
0 0.563802 0.838889 0.014062 0.064815
0 0.420052 0.134722 0.002604 0.013889
0 0.206250 0.184259 0.005208 0.018519
0 0.233854 0.082407 0.002083 0.009259
0 0.539583 0.123148 0.002083 0.012963
0 0.248958 0.080093 0.002083 0.008333
0 0.461198 0.135648 0.002604 0.013889
0 0.241146 0.081481 0.002083 0.009259
0 0.455208 0.130556 0.002083 0.012963
0 0.207292 0.078241 0.002083 0.008333
0 0.421354 0.151852 0.002083 0.011111
4 0.244792 0.101389 0.019792 0.047222