4 0.274219 0.100000 0.018229 0.046296
6 0.194010 0.644907 0.014062 0.054630
6 0.175781 0.905093 0.021354 0.087963
6 0.186719 0.748148 0.017188 0.066667
2 0.092448 0.175463 0.059896 0.054630
8 0.148958 0.177778 0.011458 0.016667
1 0.278125 0.119907 0.009375 0.015741
7 0.284115 0.245833 0.008854 0.025000
1 0.162500 0.181019 0.030208 0.023148
1 0.213802 0.170833 0.021354 0.017593
7 0.033854 0.197222 0.020833 0.018519
2 0.264062 0.123611 0.018750 0.045370
0 0.613802 0.123148 0.002604 0.012963
0 0.420573 0.421759 0.006771 0.037963
0 0.611198 0.112500 0.002604 0.012037
0 0.606250 0.112037 0.002083 0.011111
0 0.111458 0.173611 0.006250 0.017593
0 0.584375 0.902778 0.015625 0.068519
0 0.446354 0.135648 0.002083 0.013889
0 0.015885 0.214815 0.007812 0.012963
0 0.235156 0.182407 0.004688 0.018519
0 0.264844 0.080556 0.001563 0.009259
0 0.567448 0.125000 0.002604 0.012963
0 0.279167 0.079167 0.002083 0.008333
0 0.487240 0.136574 0.002604 0.013889
0 0.271875 0.080556 0.002083 0.009259
0 0.482031 0.131944 0.001563 0.013889
0 0.239063 0.076852 0.002083 0.009259
0 0.446615 0.153241 0.002604 0.010185
4 0.274219 0.100000 0.018229 0.046296