4 0.298177 0.099537 0.017188 0.045370
6 0.201823 0.663889 0.015104 0.057407
6 0.173177 0.949537 0.024479 0.093519
6 0.190625 0.775926 0.018750 0.070370
2 0.121094 0.173148 0.056771 0.053704
8 0.173177 0.175926 0.010937 0.016667
1 0.301823 0.119444 0.008854 0.016667
7 0.304427 0.248148 0.008854 0.025926
1 0.187240 0.178704 0.029687 0.022222
1 0.235938 0.169907 0.020833 0.017593
7 0.064583 0.193519 0.019792 0.018519
2 0.287500 0.123148 0.017708 0.044444
0 0.638542 0.125926 0.003125 0.012963
0 0.437240 0.434259 0.006771 0.038889
0 0.636198 0.115278 0.002604 0.012037
0 0.631250 0.114352 0.002083 0.012037
0 0.138802 0.171296 0.005729 0.016667
0 0.603385 0.969444 0.018229 0.061111
0 0.469271 0.136574 0.002083 0.013889
0 0.044792 0.211111 0.007292 0.012963
0 0.258333 0.181944 0.004167 0.017593
0 0.290104 0.079630 0.002083 0.009259
0 0.591927 0.127315 0.002604 0.013889
0 0.304167 0.078241 0.002083 0.008333
0 0.509375 0.138426 0.002083 0.013889
0 0.296875 0.079630 0.002083 0.009259
0 0.504948 0.133333 0.001563 0.012963
0 0.264583 0.075926 0.002083 0.009259
0 0.468229 0.154630 0.002083 0.011111
4 0.298698 0.099537 0.017188 0.045370