4 0.231510 0.101852 0.020312 0.046296
6 0.177604 0.620833 0.012500 0.050926
6 0.173177 0.847685 0.017188 0.078704
6 0.175781 0.712500 0.014062 0.062037
2 0.040104 0.181481 0.064583 0.057407
8 0.105208 0.181944 0.012500 0.017593
1 0.236198 0.121759 0.009896 0.015741
7 0.248177 0.243519 0.009896 0.024074
1 0.117448 0.184722 0.032812 0.025000
1 0.173698 0.173148 0.022396 0.018519
2 0.221875 0.125463 0.019792 0.047222
0 0.573438 0.118981 0.002083 0.012037
0 0.392188 0.406019 0.007292 0.036111
0 0.569792 0.109722 0.002083 0.012037
0 0.565365 0.108796 0.001563 0.012037
0 0.060938 0.179630 0.007292 0.018519
0 0.554948 0.810648 0.013021 0.063889
0 0.408073 0.134722 0.002604 0.013889
0 0.193229 0.185185 0.005208 0.018519
0 0.219792 0.082407 0.002083 0.009259
0 0.527083 0.122222 0.002083 0.012963
0 0.235156 0.080556 0.002604 0.009259
0 0.449740 0.134722 0.002604 0.013889
0 0.227083 0.082407 0.002083 0.009259
0 0.443229 0.130093 0.002083 0.013889
0 0.192969 0.079167 0.002604 0.008333
0 0.409896 0.151389 0.002083 0.010185
4 0.231510 0.101852 0.020312 0.046296