4 0.315625 0.099074 0.016667 0.046296
6 0.203646 0.687500 0.016667 0.060185
6 0.164062 0.976852 0.028125 0.046296
6 0.188021 0.810648 0.020833 0.075000
2 0.140365 0.171759 0.055729 0.052778
8 0.189323 0.175463 0.010937 0.015741
1 0.318750 0.118981 0.008333 0.015741
7 0.318490 0.251852 0.008854 0.025926
1 0.204167 0.178704 0.029167 0.022222
1 0.251302 0.169907 0.020312 0.017593
7 0.085156 0.191667 0.019271 0.018519
2 0.304167 0.123148 0.017708 0.044444
0 0.657812 0.128704 0.003125 0.012963
0 0.449219 0.447685 0.006771 0.039815
0 0.655990 0.117593 0.002604 0.012963
0 0.650260 0.116204 0.002604 0.012037
0 0.157552 0.170370 0.005729 0.016667
0 0.485938 0.138426 0.002083 0.013889
0 0.063542 0.209259 0.007292 0.012963
0 0.275000 0.182407 0.004167 0.018519
0 0.308333 0.079630 0.002083 0.009259
0 0.610677 0.129630 0.002604 0.012963
0 0.321875 0.078241 0.002083 0.008333
0 0.526042 0.140741 0.002083 0.014815
0 0.315104 0.079167 0.002083 0.008333
0 0.522396 0.134722 0.002083 0.013889
0 0.282552 0.075463 0.001563 0.008333
0 0.483854 0.156481 0.002083 0.011111
4 0.315885 0.099074 0.016146 0.046296