4 0.392448 0.099537 0.013021 0.047222
6 0.209115 0.807407 0.024479 0.075926
6 0.241406 0.544907 0.016146 0.032407
6 0.171354 0.969444 0.033333 0.061111
2 0.225000 0.168056 0.050000 0.050926
8 0.262500 0.173611 0.010417 0.015741
1 0.394010 0.119907 0.007812 0.015741
7 0.382552 0.266204 0.007812 0.026852
1 0.279427 0.177315 0.027604 0.021296
1 0.318750 0.170833 0.019792 0.017593
7 0.174479 0.185648 0.016667 0.017593
2 0.379167 0.125926 0.015625 0.038889
0 0.751042 0.142593 0.004167 0.014815
0 0.507292 0.516667 0.006250 0.044444
0 0.751042 0.130556 0.004167 0.012963
0 0.744010 0.128241 0.003646 0.013889
0 0.240365 0.166667 0.004688 0.016667
0 0.007812 0.173611 0.007292 0.017593
0 0.564844 0.146296 0.002604 0.014815
0 0.145833 0.203241 0.006250 0.012037
0 0.348698 0.185185 0.003646 0.018519
0 0.002083 0.202778 0.004167 0.020370
0 0.388802 0.078704 0.001563 0.009259
0 0.701302 0.141667 0.003646 0.014815
0 0.399740 0.077315 0.001563 0.008333
0 0.007031 0.202778 0.008854 0.020370
0 0.604688 0.151389 0.003125 0.015741
0 0.060417 0.202315 0.008333 0.019444
0 0.395052 0.077778 0.001563 0.009259
0 0.604427 0.144444 0.002604 0.014815
0 0.362500 0.073611 0.001042 0.008333
0 0.558333 0.167130 0.002083 0.012037
4 0.392708 0.100000 0.013542 0.046296