4 0.335677 0.099074 0.015104 0.046296
6 0.206510 0.713426 0.018229 0.063889
6 0.186458 0.848611 0.022917 0.080556
2 0.163021 0.170370 0.054167 0.051852
8 0.208594 0.174537 0.010937 0.015741
1 0.338542 0.118981 0.008333 0.015741
7 0.334896 0.255556 0.008333 0.025926
1 0.223958 0.177778 0.028125 0.022222
1 0.269010 0.169444 0.020312 0.016667
7 0.109115 0.189815 0.018229 0.018519
2 0.323698 0.123611 0.017188 0.043519
0 0.680208 0.131481 0.003125 0.012963
0 0.463542 0.462963 0.006250 0.040741
0 0.679167 0.120370 0.003125 0.012963
0 0.673177 0.118981 0.002604 0.012037
0 0.179688 0.168519 0.005208 0.016667
0 0.505729 0.139815 0.002083 0.014815
0 0.085677 0.206944 0.006771 0.012037
0 0.294271 0.182407 0.004167 0.018519
0 0.329427 0.079167 0.001563 0.008333
0 0.632812 0.131944 0.003125 0.013889
0 0.342187 0.077778 0.002083 0.009259
0 0.545833 0.142593 0.002083 0.014815
0 0.336198 0.078704 0.001563 0.009259
0 0.542708 0.137037 0.002083 0.014815
0 0.303646 0.074537 0.002083 0.008333
0 0.502604 0.159259 0.002083 0.011111
4 0.335938 0.099074 0.015625 0.046296