4 0.324479 0.099074 0.015625 0.046296
6 0.203906 0.700463 0.017188 0.062037
6 0.158854 0.990741 0.030208 0.018519
6 0.186458 0.829630 0.021875 0.077778
2 0.150260 0.171296 0.054688 0.053704
8 0.197656 0.175000 0.010937 0.016667
1 0.327344 0.118981 0.008854 0.015741
7 0.325781 0.253704 0.008854 0.025926
1 0.212760 0.178704 0.028646 0.022222
1 0.258854 0.169907 0.020833 0.017593
7 0.095573 0.191204 0.019271 0.017593
2 0.312760 0.123611 0.017188 0.043519
0 0.667708 0.130093 0.003125 0.013889
0 0.455469 0.455093 0.006771 0.039815
0 0.666146 0.118981 0.003125 0.012037
0 0.660677 0.117593 0.002604 0.012963
0 0.167448 0.169444 0.005729 0.016667
0 0.494792 0.138889 0.002083 0.014815
0 0.072917 0.208333 0.007292 0.012963
0 0.283333 0.182407 0.004167 0.018519
0 0.317708 0.079167 0.002083 0.008333
0 0.620573 0.131019 0.002604 0.013889
0 0.330729 0.077778 0.002083 0.009259
0 0.534896 0.141667 0.002083 0.014815
0 0.324479 0.079167 0.002083 0.008333
0 0.531771 0.135648 0.002083 0.013889
0 0.291927 0.075463 0.001563 0.008333
0 0.492188 0.157870 0.002083 0.012037
4 0.324740 0.099074 0.016146 0.046296