4 0.421875 0.102778 0.012500 0.048148
6 0.223958 0.639352 0.016667 0.043519
6 0.209896 0.609722 0.015625 0.039815
2 0.251302 0.174074 0.050521 0.051852
8 0.281250 0.181019 0.010417 0.015741
1 0.164844 0.450926 0.060938 0.050000
1 0.422917 0.124537 0.007292 0.015741
7 0.403125 0.288889 0.008333 0.029630
1 0.301823 0.185185 0.027604 0.022222
1 0.337240 0.178241 0.020312 0.017593
7 0.200260 0.191204 0.017188 0.017593
2 0.406510 0.135185 0.015104 0.044444
0 0.801823 0.156019 0.004688 0.015741
0 0.534375 0.616204 0.008333 0.050926
0 0.803385 0.141667 0.004688 0.014815
0 0.794271 0.138426 0.004167 0.013889
0 0.266146 0.171759 0.004167 0.017593
0 0.036979 0.175463 0.007292 0.017593
0 0.603125 0.156019 0.003125 0.015741
0 0.163021 0.210185 0.006250 0.012963
0 0.375521 0.194907 0.003125 0.019444
0 0.023438 0.206481 0.008333 0.020370
0 0.420312 0.080556 0.001042 0.009259
0 0.751562 0.153241 0.004167 0.015741
0 0.429948 0.079630 0.001563 0.009259
0 0.027865 0.206944 0.008854 0.019444
0 0.642969 0.162037 0.003646 0.016667
0 0.077865 0.207407 0.007812 0.020370
0 0.015625 0.181944 0.007292 0.017593
0 0.426823 0.079630 0.001563 0.009259
0 0.645833 0.155093 0.003125 0.015741
0 0.391927 0.075463 0.001563 0.008333
0 0.592448 0.179167 0.002604 0.012037
4 0.421875 0.103241 0.012500 0.049074