4 0.425521 0.104630 0.012500 0.050000
6 0.379427 0.088889 0.004688 0.005556
6 0.205469 0.690741 0.017188 0.048148
6 0.192448 0.656018 0.016146 0.045370
2 0.252865 0.178241 0.051562 0.052778
8 0.279948 0.185185 0.010937 0.016667
1 0.151302 0.475000 0.065104 0.053704
1 0.426562 0.126852 0.007292 0.016667
7 0.404167 0.299537 0.008333 0.030556
1 0.302344 0.189352 0.028646 0.023148
1 0.336458 0.182870 0.020833 0.017593
7 0.200781 0.195833 0.017188 0.017593
2 0.409896 0.137963 0.015625 0.046296
0 0.813542 0.160185 0.005208 0.016667
0 0.540625 0.665741 0.009375 0.053704
0 0.815885 0.145370 0.004688 0.014815
0 0.805990 0.141667 0.004688 0.014815
0 0.267708 0.174537 0.004167 0.017593
0 0.035937 0.178241 0.007292 0.017593
0 0.610937 0.159722 0.003125 0.015741
0 0.159375 0.214815 0.006250 0.012963
0 0.378385 0.199537 0.003646 0.019444
0 0.020052 0.210185 0.008854 0.020370
0 0.425000 0.081481 0.001042 0.009259
0 0.763802 0.157870 0.004688 0.015741
0 0.434635 0.080556 0.001563 0.009259
0 0.023177 0.211111 0.008854 0.020370
0 0.650781 0.166667 0.003646 0.016667
0 0.072917 0.212037 0.008333 0.020370
0 0.011719 0.185185 0.007812 0.018519
0 0.431510 0.080556 0.001563 0.009259
0 0.655208 0.158796 0.003125 0.015741
0 0.395573 0.076389 0.001563 0.008333
0 0.598958 0.183796 0.003125 0.012037
4 0.425521 0.105093 0.012500 0.049074