4 0.424479 0.105556 0.012500 0.050000
6 0.377865 0.088889 0.004688 0.005556
6 0.196875 0.710648 0.017708 0.050926
6 0.183594 0.674074 0.016146 0.046296
2 0.250521 0.179630 0.052083 0.053704
8 0.276823 0.186574 0.010937 0.015741
1 0.143490 0.485185 0.067188 0.055556
1 0.425260 0.127778 0.007812 0.016667
7 0.402344 0.303704 0.008854 0.031481
1 0.300000 0.191204 0.029167 0.023148
1 0.333594 0.184259 0.021354 0.018519
7 0.197917 0.197222 0.017708 0.018519
2 0.408333 0.138889 0.015625 0.046296
0 0.814583 0.161111 0.005208 0.016667
0 0.540625 0.682870 0.009375 0.054630
0 0.816927 0.146296 0.004688 0.014815
0 0.806510 0.142593 0.004688 0.014815
0 0.265365 0.176389 0.004688 0.017593
0 0.031250 0.179630 0.007292 0.018519
0 0.610937 0.161111 0.003125 0.016667
0 0.154948 0.216667 0.006771 0.012963
0 0.376823 0.201389 0.003646 0.019444
0 0.014844 0.212500 0.008854 0.021296
0 0.423958 0.081481 0.001042 0.009259
0 0.764844 0.158796 0.004688 0.015741
0 0.433594 0.080556 0.001563 0.009259
0 0.017448 0.213426 0.008854 0.021296
0 0.650781 0.167593 0.003646 0.016667
0 0.067708 0.213889 0.008333 0.020370
0 0.006510 0.187037 0.007812 0.018519
0 0.430469 0.081019 0.001563 0.008333
0 0.655729 0.159722 0.003125 0.015741
0 0.394271 0.076389 0.001042 0.008333
0 0.598698 0.185185 0.002604 0.012963
4 0.424479 0.105556 0.012500 0.050000