4 0.427083 0.104167 0.012500 0.049074
6 0.214844 0.671296 0.017188 0.046296
6 0.201562 0.637963 0.015625 0.042593
2 0.255729 0.176389 0.051042 0.052778
8 0.283854 0.183333 0.010417 0.016667
1 0.159375 0.465741 0.063542 0.051852
1 0.428385 0.125926 0.007812 0.016667
7 0.406771 0.295833 0.008333 0.030556
1 0.305208 0.187963 0.028125 0.022222
1 0.339844 0.181019 0.020312 0.017593
7 0.204427 0.193981 0.017188 0.017593
2 0.411719 0.137037 0.015104 0.046296
0 0.813542 0.159259 0.005208 0.016667
0 0.540365 0.648611 0.008854 0.052778
0 0.815365 0.144444 0.004688 0.014815
0 0.805729 0.141204 0.004167 0.013889
0 0.270573 0.173611 0.004688 0.017593
0 0.041146 0.176389 0.007292 0.017593
0 0.611458 0.158796 0.003125 0.015741
0 0.164583 0.212500 0.006250 0.012037
0 0.380469 0.197685 0.003646 0.019444
0 0.026042 0.208333 0.008333 0.020370
0 0.426562 0.081019 0.001042 0.008333
0 0.763021 0.156944 0.004167 0.015741
0 0.436198 0.080093 0.001563 0.008333
0 0.029427 0.209259 0.008854 0.020370
0 0.651302 0.165741 0.003646 0.016667
0 0.079167 0.209259 0.008333 0.020370
0 0.018229 0.183333 0.007292 0.018519
0 0.433073 0.080093 0.001563 0.008333
0 0.655208 0.157870 0.003125 0.015741
0 0.397656 0.075463 0.001563 0.008333
0 0.599740 0.182407 0.002604 0.012963
4 0.427344 0.104167 0.011979 0.049074