4 0.407031 0.100463 0.013021 0.047222
6 0.193490 0.879630 0.028646 0.085185
6 0.239844 0.575463 0.016146 0.036111
6 0.225781 0.551852 0.015104 0.033333
2 0.239323 0.169907 0.049479 0.050926
8 0.273698 0.176389 0.009896 0.015741
1 0.408594 0.121759 0.007812 0.015741
7 0.393750 0.274074 0.007292 0.027778
1 0.291927 0.180093 0.027604 0.021296
1 0.329427 0.173148 0.020312 0.016667
7 0.188802 0.187037 0.017188 0.016667
2 0.393229 0.129167 0.015625 0.037963
0 0.774219 0.148148 0.004688 0.014815
0 0.520052 0.550926 0.006771 0.046296
0 0.774479 0.134722 0.004167 0.013889
0 0.766927 0.131944 0.003646 0.013889
0 0.254427 0.167593 0.004688 0.016667
0 0.025000 0.173148 0.007292 0.016667
0 0.582552 0.150000 0.002604 0.014815
0 0.157292 0.204630 0.006250 0.012963
0 0.362500 0.187963 0.003125 0.018519
0 0.015104 0.202778 0.008333 0.020370
0 0.404427 0.079167 0.001563 0.008333
0 0.723958 0.146296 0.004167 0.014815
0 0.414844 0.078241 0.001563 0.008333
0 0.021094 0.203241 0.008854 0.019444
0 0.622656 0.155093 0.003646 0.015741
0 0.072396 0.202778 0.008333 0.020370
0 0.007292 0.179630 0.007292 0.018519
0 0.410677 0.078704 0.001563 0.009259
0 0.623438 0.148148 0.003125 0.014815
0 0.377344 0.074537 0.001563 0.008333
0 0.574740 0.171759 0.002604 0.012037
4 0.407031 0.100463 0.013021 0.047222