4 0.433073 0.110648 0.013021 0.052778
6 0.386719 0.092593 0.004688 0.005556
6 0.104687 0.949074 0.018750 0.083333
6 0.094531 0.883796 0.017188 0.073148
2 0.248698 0.193056 0.056771 0.060185
1 0.082292 0.583333 0.085417 0.068519
1 0.434115 0.134722 0.007812 0.017593
7 0.401302 0.343056 0.009896 0.036111
1 0.297917 0.205556 0.031250 0.024074
1 0.327604 0.198148 0.022917 0.018519
7 0.195312 0.211574 0.018750 0.019444
2 0.415365 0.148148 0.017188 0.048148
0 0.850000 0.176389 0.006250 0.017593
0 0.560417 0.907870 0.013542 0.065741
0 0.854427 0.158796 0.005729 0.015741
0 0.840625 0.153241 0.005208 0.015741
0 0.266146 0.187500 0.005208 0.019444
0 0.021354 0.189815 0.008333 0.018519
0 0.634115 0.173611 0.003646 0.017593
0 0.138542 0.233796 0.007292 0.013889
0 0.382812 0.218056 0.004167 0.021296
0 0.001042 0.227778 0.002083 0.022222
0 0.435417 0.085185 0.001042 0.009259
0 0.800521 0.171759 0.005208 0.017593
0 0.444010 0.084259 0.001563 0.009259
0 0.673437 0.182407 0.004167 0.018519
0 0.046354 0.229630 0.009375 0.022222
0 0.442448 0.084259 0.001563 0.009259
0 0.683073 0.172685 0.003646 0.017593
0 0.402865 0.079167 0.001563 0.008333
0 0.616927 0.201389 0.003646 0.013889
4 0.433333 0.110648 0.012500 0.052778