4 0.445833 0.111574 0.012500 0.052778
6 0.399740 0.092593 0.004688 0.005556
6 0.103646 0.962963 0.017708 0.074074
6 0.095052 0.900463 0.016146 0.076852
2 0.261458 0.192593 0.056250 0.059259
1 0.089583 0.587500 0.085417 0.067593
1 0.446615 0.135185 0.007812 0.018519
7 0.411719 0.346759 0.009896 0.036111
1 0.309896 0.205556 0.031250 0.024074
1 0.339063 0.198611 0.022917 0.019444
7 0.209115 0.210648 0.018229 0.019444
2 0.427604 0.148148 0.016667 0.048148
0 0.870573 0.180556 0.006771 0.018519
0 0.570312 0.942593 0.014583 0.066667
0 0.875000 0.162963 0.006250 0.016667
0 0.860156 0.156944 0.005729 0.015741
0 0.279427 0.187037 0.004688 0.018519
0 0.039323 0.187963 0.007812 0.018519
0 0.648958 0.176389 0.004167 0.017593
0 0.152083 0.232870 0.007292 0.013889
0 0.395052 0.218981 0.003646 0.021296
0 0.015625 0.225000 0.009375 0.022222
0 0.448698 0.085185 0.001563 0.009259
0 0.819531 0.175463 0.005729 0.017593
0 0.457031 0.084259 0.001563 0.009259
0 0.012760 0.226389 0.009896 0.021296
0 0.688542 0.185185 0.004167 0.018519
0 0.062240 0.227778 0.008854 0.022222
0 0.006250 0.195833 0.008333 0.019444
0 0.455469 0.084259 0.001563 0.009259
0 0.698958 0.175463 0.004167 0.017593
0 0.415885 0.079167 0.001563 0.008333
0 0.630729 0.204167 0.003125 0.013889
4 0.445833 0.111574 0.012500 0.052778