4 0.423958 0.107407 0.012500 0.050000
6 0.377344 0.090741 0.004688 0.005556
6 0.167969 0.780556 0.018229 0.059259
6 0.155208 0.737037 0.016667 0.053704
2 0.246615 0.184722 0.053646 0.054630
8 0.270052 0.191667 0.010937 0.016667
1 0.121354 0.517130 0.072917 0.060185
1 0.424740 0.130093 0.007812 0.017593
7 0.398958 0.316204 0.009375 0.032407
1 0.295573 0.196296 0.029687 0.024074
1 0.328125 0.188889 0.021875 0.018519
7 0.192969 0.202778 0.018229 0.018519
2 0.407552 0.142130 0.016146 0.047222
0 0.821615 0.165741 0.005729 0.016667
0 0.544792 0.746296 0.010417 0.057407
0 0.824479 0.150000 0.005208 0.014815
0 0.813281 0.145370 0.004688 0.014815
0 0.261719 0.180556 0.004688 0.018519
0 0.022135 0.184259 0.007812 0.018519
0 0.615104 0.164815 0.003125 0.016667
0 0.145313 0.223611 0.007292 0.013889
0 0.375521 0.207407 0.004167 0.020370
0 0.003906 0.218981 0.007812 0.021296
0 0.424219 0.082870 0.001563 0.008333
0 0.772396 0.162500 0.005208 0.015741
0 0.433594 0.081944 0.001563 0.008333
0 0.004688 0.219907 0.009375 0.021296
0 0.654688 0.172222 0.004167 0.016667
0 0.055469 0.219907 0.008854 0.021296
0 0.430990 0.082407 0.001563 0.009259
0 0.661198 0.163889 0.003646 0.016667
0 0.393490 0.077315 0.001563 0.008333
0 0.601302 0.190741 0.002604 0.012963
4 0.423958 0.107407 0.012500 0.050000