4 0.461979 0.111574 0.012500 0.052778
6 0.416406 0.092593 0.004688 0.005556
6 0.105990 0.970370 0.017188 0.059259
6 0.099219 0.912500 0.016146 0.078704
2 0.277865 0.191667 0.054688 0.059259
1 0.101562 0.587500 0.084375 0.065741
1 0.462500 0.135648 0.007292 0.017593
7 0.425260 0.350000 0.009896 0.035185
1 0.325781 0.205556 0.030729 0.024074
1 0.353646 0.198611 0.022917 0.019444
7 0.227344 0.209259 0.018229 0.018519
2 0.443750 0.149074 0.016667 0.048148
0 0.896354 0.186111 0.007292 0.018519
0 0.582292 0.973611 0.015625 0.052778
0 0.901563 0.167593 0.006250 0.016667
0 0.885938 0.161574 0.006250 0.015741
0 0.296354 0.186111 0.004167 0.018519
0 0.063021 0.184259 0.007292 0.018519
0 0.667448 0.179167 0.003646 0.017593
0 0.170312 0.231019 0.007292 0.013889
0 0.410417 0.219907 0.003125 0.021296
0 0.038802 0.220833 0.008854 0.021296
0 0.465365 0.085185 0.001563 0.009259
0 0.843750 0.180093 0.006250 0.017593
0 0.473437 0.084259 0.001042 0.009259
0 0.035417 0.222685 0.009375 0.021296
0 0.707812 0.188889 0.005208 0.018519
0 0.083073 0.224537 0.008854 0.021296
0 0.030208 0.192593 0.008333 0.018519
0 0.472135 0.084259 0.001563 0.009259
0 0.718750 0.179167 0.004167 0.017593
0 0.432292 0.079167 0.001042 0.008333
0 0.648177 0.207870 0.003646 0.013889
4 0.462240 0.111574 0.011979 0.052778