4 0.478385 0.112037 0.011979 0.053704
6 0.433073 0.092593 0.004688 0.005556
6 0.108333 0.977778 0.017708 0.044444
6 0.103385 0.925000 0.017188 0.081481
2 0.294531 0.190741 0.053646 0.059259
1 0.113542 0.588889 0.083333 0.064815
1 0.478906 0.136111 0.007812 0.018519
7 0.439323 0.353704 0.009896 0.037037
1 0.341667 0.205093 0.030208 0.023148
1 0.369010 0.198611 0.022396 0.019444
7 0.245312 0.207870 0.017708 0.017593
2 0.459635 0.149537 0.016146 0.049074
0 0.924219 0.191667 0.007812 0.018519
0 0.594792 0.993981 0.016667 0.012037
0 0.929948 0.173148 0.006771 0.016667
0 0.913021 0.166667 0.006250 0.016667
0 0.313021 0.186111 0.004167 0.018519
0 0.085677 0.181481 0.006771 0.018519
0 0.686719 0.182407 0.004688 0.018519
0 0.188281 0.228704 0.006771 0.012963
0 0.425521 0.220833 0.003125 0.021296
0 0.061719 0.217130 0.008854 0.021296
0 0.482292 0.085185 0.001042 0.009259
0 0.869531 0.185185 0.006771 0.018519
0 0.490104 0.084722 0.001042 0.010185
0 0.057552 0.218981 0.008854 0.021296
0 0.727604 0.192593 0.005208 0.018519
0 0.103646 0.221759 0.008333 0.021296
0 0.053646 0.188889 0.007292 0.018519
0 0.489062 0.084259 0.001042 0.009259
0 0.739844 0.182870 0.004688 0.017593
0 0.448958 0.079167 0.001042 0.008333
0 0.666406 0.211574 0.003646 0.013889
4 0.478385 0.112037 0.011979 0.053704