4 0.526042 0.116667 0.012500 0.055556
6 0.478125 0.115741 0.002083 0.007407
6 0.480729 0.094444 0.004167 0.005556
2 0.336198 0.196296 0.052604 0.057407
1 0.115365 0.644907 0.090104 0.073148
1 0.526042 0.141667 0.008333 0.018519
7 0.477604 0.385648 0.010417 0.039815
1 0.382812 0.212037 0.030208 0.024074
1 0.406510 0.206019 0.022396 0.019444
7 0.290365 0.212037 0.017188 0.018519
2 0.506250 0.156019 0.016667 0.050926
0 0.036719 0.218056 0.008854 0.021296
0 0.357552 0.190278 0.003646 0.019444
0 0.139062 0.179167 0.006250 0.017593
0 0.752604 0.198611 0.005208 0.019444
0 0.227865 0.231944 0.006771 0.013889
0 0.465885 0.232870 0.003646 0.023148
0 0.112500 0.215741 0.008333 0.020370
0 0.531771 0.087963 0.001042 0.009259
0 0.963802 0.208796 0.008854 0.021296
0 0.538802 0.087037 0.001563 0.009259
0 0.105208 0.217130 0.008333 0.021296
0 0.796094 0.212500 0.006771 0.021296
0 0.147656 0.220833 0.007812 0.021296
0 0.050781 0.220370 0.007812 0.012963
0 0.104948 0.186111 0.006771 0.018519
0 0.538802 0.087037 0.001563 0.009259
0 0.813542 0.201852 0.006250 0.020370
0 0.496354 0.080556 0.001042 0.009259
0 0.726823 0.231019 0.004688 0.015741
4 0.526563 0.116667 0.012500 0.055556