4 0.518490 0.114815 0.011979 0.055556
6 0.470833 0.113889 0.002083 0.007407
6 0.473177 0.093519 0.004688 0.005556
6 0.083854 0.988426 0.023958 0.023148
2 0.330990 0.193056 0.052604 0.058333
1 0.125260 0.618519 0.085938 0.068519
1 0.518490 0.139815 0.007812 0.018519
7 0.471875 0.374074 0.010417 0.038889
1 0.377604 0.209259 0.030208 0.024074
1 0.402083 0.202315 0.022917 0.019444
7 0.284635 0.209259 0.017188 0.018519
2 0.498698 0.153704 0.016146 0.050000
0 0.032031 0.216204 0.008854 0.021296
0 0.990625 0.182407 0.008333 0.018519
0 0.350781 0.187963 0.003646 0.018519
0 0.133333 0.177778 0.006250 0.018519
0 0.739062 0.194444 0.005208 0.018519
0 0.224740 0.228704 0.006771 0.012963
0 0.460156 0.228704 0.003646 0.022222
0 0.108073 0.213889 0.007812 0.020370
0 0.523438 0.087037 0.001042 0.009259
0 0.943229 0.202778 0.008333 0.020370
0 0.530990 0.086111 0.001563 0.009259
0 0.101823 0.215278 0.007812 0.021296
0 0.782292 0.207407 0.006250 0.020370
0 0.144531 0.218981 0.007812 0.021296
0 0.045833 0.218519 0.008333 0.012963
0 0.100521 0.184722 0.007292 0.017593
0 0.530469 0.086111 0.001563 0.009259
0 0.797656 0.196759 0.005729 0.019444
0 0.489062 0.080093 0.001042 0.008333
0 0.714844 0.225463 0.004688 0.015741
4 0.518490 0.115278 0.011979 0.054630