4 0.504427 0.113426 0.011979 0.054630
6 0.457031 0.112963 0.001563 0.007407
6 0.459375 0.092593 0.004167 0.005556
6 0.101562 0.960185 0.019792 0.079630
2 0.319531 0.191204 0.052604 0.058333
1 0.127083 0.598148 0.083333 0.064815
1 0.504427 0.137963 0.007812 0.018519
7 0.460677 0.362963 0.009896 0.037037
1 0.365885 0.206019 0.029687 0.023148
1 0.391406 0.200000 0.022396 0.018519
7 0.271875 0.207407 0.016667 0.018519
2 0.485156 0.151389 0.016146 0.049074
0 0.972656 0.203241 0.008854 0.019444
0 0.016667 0.217130 0.009375 0.021296
0 0.978906 0.183333 0.007812 0.018519
0 0.959896 0.175463 0.007292 0.017593
0 0.338281 0.186111 0.003646 0.018519
0 0.118490 0.178241 0.006771 0.017593
0 0.719010 0.188889 0.004688 0.018519
0 0.213802 0.227315 0.006771 0.013889
0 0.448698 0.224537 0.003646 0.021296
0 0.094271 0.213889 0.008333 0.020370
0 0.508854 0.086111 0.001042 0.009259
0 0.914062 0.194907 0.007292 0.019444
0 0.516667 0.085185 0.001042 0.009259
0 0.089062 0.214815 0.008333 0.020370
0 0.761198 0.200463 0.005729 0.019444
0 0.132552 0.218056 0.007812 0.021296
0 0.031250 0.219444 0.008333 0.012963
0 0.086719 0.185185 0.006771 0.018519
0 0.515885 0.085185 0.001563 0.009259
0 0.775000 0.190278 0.005208 0.019444
0 0.475000 0.079630 0.001042 0.009259
0 0.696354 0.219444 0.004167 0.014815
4 0.504427 0.113426 0.011979 0.054630