4 0.535417 0.123148 0.013542 0.059259
6 0.484896 0.121296 0.002083 0.007407
6 0.487760 0.098611 0.004688 0.006481
2 0.330469 0.213889 0.056771 0.062963
8 0.335677 0.220833 0.011979 0.019444
1 0.038281 0.826389 0.076563 0.102778
1 0.535156 0.150463 0.008854 0.019444
7 0.481250 0.448611 0.012500 0.047222
1 0.380990 0.230556 0.032812 0.025926
1 0.399479 0.222685 0.025000 0.021296
7 0.286979 0.229630 0.018750 0.020370
2 0.514063 0.167593 0.017708 0.055556
0 0.013802 0.234722 0.009896 0.023148
0 0.358333 0.204630 0.004167 0.020370
0 0.126823 0.190741 0.006771 0.018519
0 0.785417 0.217130 0.006250 0.021296
0 0.209896 0.251852 0.007292 0.014815
0 0.465365 0.255556 0.003646 0.024074
0 0.093490 0.233333 0.008854 0.022222
0 0.542188 0.091667 0.001042 0.009259
0 0.546875 0.091204 0.002083 0.010185
0 0.080729 0.234259 0.009375 0.022222
0 0.829427 0.233796 0.007812 0.023148
0 0.125000 0.239352 0.008333 0.023148
0 0.085156 0.198611 0.007812 0.019444
0 0.548698 0.090278 0.001563 0.010185
0 0.853646 0.221759 0.007292 0.021296
0 0.502604 0.084259 0.001042 0.009259
0 0.753646 0.255093 0.005208 0.017593
4 0.535417 0.123611 0.013542 0.060185