4 0.534375 0.120370 0.013542 0.057407
6 0.485156 0.118519 0.001563 0.007407
6 0.487760 0.096296 0.004688 0.005556
2 0.336719 0.205093 0.054688 0.060185
1 0.071094 0.729630 0.104687 0.087037
1 0.534375 0.146759 0.008333 0.019444
7 0.482292 0.417593 0.011458 0.044444
1 0.385156 0.221759 0.031771 0.025000
1 0.405729 0.214815 0.023958 0.020370
7 0.292188 0.220833 0.017708 0.019444
2 0.513802 0.162500 0.017188 0.052778
0 0.030208 0.225463 0.009375 0.021296
0 0.361458 0.197685 0.003125 0.019444
0 0.136719 0.184722 0.006771 0.017593
0 0.773698 0.209259 0.005729 0.020370
0 0.222396 0.241667 0.007292 0.014815
0 0.468750 0.244907 0.003125 0.023148
0 0.107292 0.224074 0.008333 0.022222
0 0.540625 0.089815 0.001042 0.009259
0 0.996875 0.220833 0.006250 0.021296
0 0.546615 0.089352 0.001563 0.010185
0 0.097135 0.225463 0.008854 0.021296
0 0.817708 0.224537 0.007292 0.021296
0 0.140104 0.229630 0.008333 0.022222
0 0.099479 0.191667 0.007292 0.018519
0 0.547656 0.088889 0.001563 0.009259
0 0.838802 0.212963 0.006771 0.020370
0 0.503125 0.082407 0.001042 0.009259
0 0.744531 0.244444 0.005729 0.016667
4 0.534635 0.120370 0.013021 0.057407