4 0.534635 0.120833 0.013021 0.058333
6 0.485156 0.119444 0.001563 0.007407
6 0.487760 0.097222 0.004688 0.005556
2 0.335417 0.207407 0.055208 0.061111
1 0.058594 0.751852 0.108854 0.090741
1 0.534375 0.147685 0.008333 0.019444
7 0.482031 0.425000 0.011979 0.044444
1 0.384115 0.224074 0.031771 0.025926
1 0.404427 0.216667 0.024479 0.020370
7 0.291146 0.222685 0.017708 0.019444
2 0.513802 0.163889 0.017188 0.053704
0 0.026302 0.227778 0.009896 0.022222
0 0.360677 0.199074 0.003646 0.020370
0 0.134635 0.186111 0.006771 0.018519
0 0.776563 0.211111 0.006250 0.020370
0 0.219531 0.243981 0.006771 0.013889
0 0.467969 0.247222 0.002604 0.024074
0 0.104167 0.226389 0.008333 0.021296
0 0.541146 0.090278 0.001042 0.010185
0 0.546615 0.089815 0.001563 0.009259
0 0.093490 0.227315 0.008854 0.021296
0 0.820833 0.226852 0.007292 0.022222
0 0.136458 0.232407 0.008333 0.022222
0 0.095833 0.193519 0.007292 0.018519
0 0.547656 0.089352 0.001563 0.010185
0 0.842448 0.214815 0.006771 0.020370
0 0.503125 0.082870 0.001042 0.008333
0 0.746875 0.247222 0.005208 0.016667
4 0.534896 0.120833 0.013542 0.058333