4 0.536198 0.126389 0.014062 0.062037
6 0.484375 0.124074 0.002083 0.007407
6 0.483333 0.127315 0.002083 0.008333
6 0.487500 0.100463 0.005208 0.006481
2 0.323958 0.222222 0.059375 0.064815
8 0.326042 0.229167 0.012500 0.019444
1 0.009375 0.943519 0.018750 0.112963
1 0.536198 0.154630 0.008854 0.020370
7 0.479688 0.483333 0.013542 0.051852
1 0.376302 0.239815 0.033854 0.027778
1 0.392188 0.231481 0.026042 0.022222
7 0.281510 0.238426 0.019271 0.021296
2 0.514844 0.173148 0.018229 0.057407
0 0.000521 0.244444 0.001042 0.024074
0 0.116146 0.197685 0.007292 0.019444
0 0.797135 0.225926 0.006771 0.022222
0 0.196875 0.262500 0.008333 0.015741
0 0.461719 0.267130 0.003646 0.025000
0 0.079167 0.243056 0.009375 0.023148
0 0.543490 0.093056 0.001563 0.010185
0 0.547135 0.093056 0.001563 0.010185
0 0.063281 0.243981 0.009896 0.023148
0 0.841667 0.243519 0.008333 0.024074
0 0.108854 0.249074 0.009375 0.024074
0 0.070312 0.205556 0.008333 0.020370
0 0.550260 0.092130 0.001563 0.010185
0 0.869010 0.230556 0.007812 0.022222
0 0.502083 0.085185 0.001042 0.009259
0 0.763021 0.266204 0.006250 0.017593
4 0.536458 0.126852 0.013542 0.061111