4 0.538542 0.133796 0.014583 0.065741
6 0.484115 0.130093 0.001563 0.008333
6 0.487500 0.104630 0.005208 0.005556
2 0.309375 0.242593 0.065625 0.070370
8 0.304427 0.248148 0.014062 0.022222
1 0.538542 0.163889 0.009375 0.022222
7 0.476302 0.572685 0.016146 0.063889
1 0.366146 0.261574 0.037500 0.030556
1 0.375781 0.250926 0.028646 0.024074
7 0.267188 0.259722 0.020833 0.023148
2 0.515885 0.185648 0.019271 0.062037
0 0.348177 0.228704 0.004688 0.022222
0 0.092969 0.212037 0.007812 0.020370
0 0.824740 0.244907 0.007812 0.023148
0 0.166927 0.287500 0.008854 0.017593
0 0.454167 0.293981 0.004167 0.026852
0 0.046094 0.265278 0.010937 0.025000
0 0.546094 0.096296 0.001563 0.011111
0 0.548177 0.096759 0.001563 0.010185
0 0.023698 0.266204 0.010937 0.025000
0 0.869531 0.266204 0.009896 0.025000
0 0.072135 0.272222 0.010937 0.025926
0 0.037500 0.221759 0.009375 0.021296
0 0.552344 0.095833 0.001563 0.010185
0 0.904948 0.250926 0.008854 0.024074
0 0.501562 0.088426 0.001042 0.010185
0 0.785417 0.292130 0.007292 0.019444
4 0.538542 0.133796 0.014583 0.065741