4 0.538542 0.131481 0.014583 0.064815
6 0.484635 0.128241 0.001563 0.008333
6 0.487760 0.103241 0.004688 0.006481
2 0.313802 0.237037 0.064062 0.068519
8 0.310417 0.243056 0.013542 0.021296
1 0.538281 0.161574 0.008854 0.021296
7 0.477604 0.547685 0.015625 0.060185
1 0.369271 0.255556 0.036458 0.029630
1 0.380729 0.245370 0.028125 0.024074
7 0.272135 0.254167 0.020312 0.023148
2 0.515885 0.182407 0.019271 0.061111
0 0.350521 0.224537 0.004167 0.021296
0 0.099740 0.208333 0.007812 0.020370
0 0.817969 0.240278 0.007812 0.023148
0 0.175521 0.280556 0.008333 0.016667
0 0.456771 0.286574 0.004167 0.026852
0 0.055729 0.259259 0.010417 0.024074
0 0.545833 0.095370 0.001042 0.011111
0 0.548177 0.095833 0.001563 0.010185
0 0.035156 0.260648 0.010937 0.025000
0 0.862760 0.260648 0.008854 0.025000
0 0.082552 0.266204 0.009896 0.025000
0 0.046875 0.217130 0.009375 0.021296
0 0.552344 0.094907 0.001563 0.010185
0 0.896094 0.245833 0.008854 0.023148
0 0.502083 0.087963 0.001042 0.009259
0 0.779948 0.285648 0.006771 0.019444
4 0.538542 0.131944 0.014583 0.063889