4 0.537500 0.134722 0.014583 0.065741
6 0.482812 0.131019 0.002083 0.008333
6 0.486198 0.105093 0.004688 0.006481
2 0.305990 0.245370 0.066146 0.070370
8 0.300260 0.250926 0.014062 0.022222
1 0.537500 0.164815 0.009375 0.022222
7 0.475000 0.586574 0.016667 0.065741
1 0.363281 0.264352 0.038021 0.030556
1 0.372396 0.253704 0.029167 0.024074
7 0.263281 0.263426 0.021354 0.023148
2 0.514844 0.187500 0.019271 0.062037
0 0.345833 0.231481 0.005208 0.022222
0 0.088021 0.214815 0.008333 0.020370
0 0.827083 0.247222 0.008333 0.024074
0 0.161198 0.291204 0.008854 0.017593
0 0.452083 0.297685 0.004167 0.026852
0 0.039844 0.268981 0.010937 0.025000
0 0.545052 0.096759 0.001563 0.010185
0 0.547135 0.096759 0.001563 0.010185
0 0.016146 0.269907 0.011458 0.025000
0 0.871875 0.268981 0.009375 0.025000
0 0.065365 0.275926 0.010937 0.025926
0 0.030990 0.224537 0.009896 0.021296
0 0.551302 0.096296 0.001563 0.011111
0 0.908073 0.253704 0.008854 0.024074
0 0.500000 0.088889 0.001042 0.009259
0 0.787240 0.295833 0.006771 0.019444
4 0.538021 0.134722 0.014583 0.065741