4 0.527865 0.143056 0.015104 0.071296
6 0.468229 0.142593 0.002083 0.009259
6 0.473177 0.109722 0.005729 0.006481
2 0.271354 0.275926 0.077083 0.079630
8 0.255729 0.279630 0.016667 0.024074
1 0.527865 0.176852 0.009896 0.024074
7 0.458594 0.745833 0.021354 0.086111
1 0.336198 0.296296 0.043229 0.035185
1 0.336719 0.282407 0.032812 0.027778
7 0.223698 0.295370 0.024479 0.025926
2 0.504167 0.203241 0.020833 0.067593
0 0.323438 0.256019 0.005208 0.025000
0 0.035677 0.238889 0.009896 0.022222
0 0.847656 0.269907 0.008854 0.025000
0 0.101042 0.331944 0.011458 0.019444
0 0.429167 0.336574 0.005208 0.030556
0 0.534115 0.100926 0.001563 0.011111
0 0.535156 0.100926 0.001563 0.011111
0 0.892448 0.295370 0.010937 0.027778
0 0.540885 0.100000 0.001563 0.011111
0 0.937500 0.277315 0.010417 0.026852
0 0.486458 0.093056 0.001042 0.010185
0 0.803646 0.328241 0.008333 0.021296
4 0.528125 0.143519 0.015625 0.072222