4 0.536719 0.137963 0.015104 0.068519
6 0.479167 0.137963 0.002083 0.009259
6 0.483854 0.106944 0.005208 0.006481
2 0.295052 0.257407 0.070312 0.074074
8 0.285156 0.262500 0.015104 0.023148
1 0.536979 0.169907 0.009375 0.023148
7 0.470573 0.648148 0.018229 0.074074
1 0.355469 0.277315 0.040104 0.032407
1 0.360677 0.265278 0.030729 0.025000
7 0.250781 0.275926 0.022396 0.024074
2 0.513542 0.194444 0.019792 0.064815
0 0.339844 0.241204 0.004688 0.023148
0 0.071094 0.223611 0.008854 0.021296
0 0.840104 0.257870 0.008333 0.025000
0 0.140885 0.306944 0.009896 0.017593
0 0.445573 0.313426 0.004688 0.028704
0 0.016667 0.282870 0.012500 0.026852
0 0.543490 0.098611 0.001563 0.010185
0 0.545313 0.099074 0.001042 0.011111
0 0.885417 0.281481 0.010417 0.025926
0 0.040365 0.290278 0.011979 0.026852
0 0.008333 0.234259 0.010417 0.022222
0 0.550260 0.098148 0.001563 0.011111
0 0.925781 0.265278 0.009896 0.025000
0 0.497656 0.090741 0.001563 0.009259
0 0.798437 0.310185 0.007292 0.020370
4 0.537240 0.138889 0.015104 0.068519