4 0.536198 0.139352 0.015104 0.069444
6 0.478125 0.138889 0.002083 0.009259
6 0.482812 0.107870 0.005208 0.006481
2 0.291406 0.260648 0.071354 0.075000
8 0.280729 0.265278 0.015625 0.023148
1 0.535937 0.171759 0.009375 0.023148
7 0.469010 0.664815 0.019271 0.075926
1 0.352604 0.281019 0.040625 0.032407
1 0.357031 0.268519 0.030729 0.025926
7 0.246354 0.279167 0.022917 0.025000
2 0.512760 0.196296 0.020312 0.064815
0 0.337500 0.243981 0.005208 0.023148
0 0.065885 0.226389 0.008854 0.021296
0 0.842448 0.260185 0.008854 0.024074
0 0.134375 0.311111 0.010417 0.018519
0 0.443490 0.317593 0.004688 0.029630
0 0.009635 0.287500 0.011979 0.026852
0 0.542448 0.099074 0.001563 0.011111
0 0.544010 0.099074 0.001563 0.011111
0 0.888021 0.284722 0.010417 0.026852
0 0.032812 0.294444 0.012500 0.027778
0 0.003385 0.237037 0.006771 0.022222
0 0.549219 0.098611 0.001563 0.010185
0 0.929427 0.267593 0.009896 0.025926
0 0.496354 0.091204 0.001042 0.010185
0 0.800260 0.313889 0.007812 0.020370
4 0.536198 0.139352 0.015104 0.069444