4 0.525521 0.144444 0.015625 0.072222
6 0.465625 0.143519 0.002083 0.009259
6 0.470313 0.110648 0.005208 0.006481
2 0.265365 0.280093 0.078646 0.080556
8 0.248958 0.284259 0.016667 0.024074
1 0.525781 0.178241 0.009896 0.025000
7 0.455469 0.768981 0.022396 0.089815
1 0.331510 0.300926 0.044271 0.035185
1 0.330990 0.286111 0.033854 0.027778
7 0.217448 0.300000 0.025521 0.025926
2 0.501562 0.205556 0.020833 0.068519
0 0.319271 0.259259 0.005208 0.024074
0 0.027344 0.242130 0.009896 0.023148
0 0.848437 0.272222 0.009375 0.025926
0 0.091667 0.337500 0.011458 0.019444
0 0.425521 0.341667 0.005208 0.031481
0 0.531510 0.101852 0.001563 0.011111
0 0.532552 0.101852 0.001563 0.011111
0 0.893490 0.298148 0.010937 0.027778
0 0.538542 0.100926 0.002083 0.011111
0 0.939583 0.280093 0.010417 0.026852
0 0.483333 0.093056 0.001042 0.010185
0 0.804167 0.331944 0.008333 0.021296
4 0.525781 0.144444 0.015104 0.072222