4 0.534115 0.140278 0.015104 0.069444
6 0.475521 0.139815 0.002083 0.009259
6 0.480208 0.108333 0.005208 0.005556
2 0.286458 0.264352 0.072917 0.076852
8 0.274479 0.268981 0.015625 0.023148
1 0.533854 0.172685 0.009375 0.023148
7 0.466667 0.683333 0.019792 0.077778
1 0.348698 0.284259 0.041146 0.033333
1 0.352083 0.271759 0.031250 0.026852
7 0.241146 0.282870 0.022917 0.025000
2 0.510677 0.197685 0.020312 0.065741
0 0.334115 0.246759 0.004688 0.023148
0 0.058854 0.229167 0.009375 0.021296
0 0.843490 0.262500 0.008854 0.025000
0 0.126563 0.315741 0.010417 0.018519
0 0.439844 0.322222 0.004688 0.029630
0 0.003385 0.291667 0.006771 0.027778
0 0.540365 0.099537 0.001563 0.010185
0 0.541927 0.100000 0.001563 0.011111
0 0.888802 0.286574 0.010937 0.026852
0 0.023438 0.299074 0.012500 0.027778
0 0.547135 0.099074 0.001563 0.011111
0 0.930990 0.269907 0.009896 0.025000
0 0.493750 0.091204 0.001042 0.010185
0 0.800781 0.317130 0.007812 0.021296
4 0.534115 0.140278 0.015104 0.069444