4 0.529948 0.142130 0.015104 0.071296
6 0.470573 0.141667 0.002604 0.009259
6 0.475521 0.109722 0.005208 0.006481
2 0.276302 0.272222 0.075521 0.077778
8 0.262240 0.275926 0.016146 0.024074
1 0.529948 0.175463 0.009896 0.023148
7 0.461458 0.723148 0.020833 0.083333
1 0.340365 0.292130 0.042188 0.034259
1 0.341927 0.278704 0.032812 0.027778
7 0.229687 0.291204 0.023958 0.025000
2 0.506250 0.201852 0.020833 0.066667
0 0.326823 0.252778 0.004688 0.024074
0 0.043490 0.235648 0.009896 0.023148
0 0.846094 0.267130 0.008854 0.025000
0 0.109635 0.326389 0.010937 0.019444
0 0.432813 0.331481 0.005208 0.029630
0 0.536198 0.100463 0.001563 0.010185
0 0.537240 0.100926 0.001563 0.011111
0 0.891146 0.292593 0.010417 0.027778
0 0.004688 0.309722 0.009375 0.028704
0 0.542969 0.100000 0.001563 0.011111
0 0.935156 0.275000 0.009896 0.025926
0 0.488542 0.092130 0.001042 0.010185
0 0.802344 0.324537 0.007812 0.021296
4 0.529948 0.142130 0.015104 0.071296