4 0.520833 0.146759 0.015625 0.073148
6 0.464844 0.111574 0.005729 0.006481
2 0.253646 0.288426 0.082292 0.082407
8 0.234635 0.292130 0.018229 0.025000
1 0.521094 0.181019 0.009896 0.025000
7 0.449219 0.819907 0.024479 0.097222
1 0.322135 0.309722 0.045313 0.036111
1 0.319271 0.293981 0.035417 0.028704
7 0.204167 0.309259 0.026042 0.025926
2 0.496615 0.209722 0.021354 0.069444
0 0.310937 0.265741 0.005208 0.025926
0 0.009635 0.250000 0.010937 0.024074
0 0.850521 0.276852 0.009375 0.025926
0 0.071875 0.350000 0.012500 0.020370
0 0.417448 0.351852 0.005729 0.031481
0 0.526302 0.102778 0.001563 0.011111
0 0.527344 0.102778 0.001563 0.011111
0 0.895312 0.304167 0.011458 0.028704
0 0.535677 0.100926 0.001563 0.011111
0 0.942969 0.284722 0.010937 0.026852
0 0.477604 0.093981 0.001042 0.010185
0 0.805208 0.339352 0.008333 0.021296
4 0.520833 0.146759 0.015625 0.073148