4 0.517969 0.150926 0.016146 0.075926
6 0.460677 0.114352 0.005729 0.006481
2 0.236198 0.305556 0.088021 0.087037
8 0.212240 0.308333 0.019271 0.025926
1 0.518229 0.187037 0.010417 0.025926
7 0.439323 0.943519 0.028646 0.112963
1 0.308854 0.327315 0.048958 0.037963
1 0.301562 0.310185 0.037500 0.029630
7 0.184375 0.327778 0.028125 0.027778
2 0.492969 0.218519 0.022396 0.072222
0 0.300781 0.278704 0.005729 0.025926
0 0.864323 0.289352 0.009896 0.026852
0 0.039062 0.373148 0.013542 0.022222
0 0.406250 0.374537 0.006250 0.034259
0 0.523698 0.104630 0.001563 0.011111
0 0.523698 0.104630 0.001563 0.011111
0 0.910156 0.319444 0.011979 0.029630
0 0.533594 0.103704 0.001563 0.011111
0 0.962240 0.298148 0.011979 0.027778
0 0.473177 0.095833 0.001563 0.010185
0 0.817187 0.358796 0.009375 0.023148
4 0.518229 0.150926 0.015625 0.075926