4 0.506510 0.155556 0.016146 0.079630
6 0.447656 0.117130 0.005729 0.006481
2 0.206771 0.327778 0.096875 0.092593
8 0.176302 0.329630 0.021354 0.027778
1 0.507031 0.193519 0.010937 0.025926
1 0.285417 0.349537 0.053125 0.039815
1 0.272396 0.330093 0.040625 0.032407
7 0.151042 0.351852 0.031250 0.029630
2 0.480729 0.227778 0.022917 0.075926
0 0.280729 0.295370 0.006250 0.027778
0 0.867708 0.300000 0.010417 0.027778
0 0.386198 0.401389 0.006771 0.036111
0 0.512760 0.106481 0.001563 0.011111
0 0.511198 0.106944 0.001563 0.012037
0 0.913542 0.332407 0.012500 0.031481
0 0.969271 0.308796 0.012500 0.028704
0 0.459635 0.098148 0.001563 0.011111
0 0.819531 0.375926 0.009896 0.024074
4 0.506510 0.156019 0.016146 0.078704