4 0.518229 0.148611 0.015625 0.075000
6 0.461719 0.113426 0.005729 0.006481
2 0.244010 0.296759 0.084896 0.084259
8 0.222656 0.300000 0.018229 0.025926
1 0.518750 0.183796 0.010417 0.025000
7 0.444010 0.877315 0.026563 0.106481
1 0.314844 0.318519 0.047396 0.037037
1 0.309635 0.301852 0.035937 0.029630
7 0.193490 0.318519 0.027604 0.027778
2 0.493750 0.214352 0.021875 0.071296
0 0.304948 0.272222 0.005729 0.025926
0 0.000781 0.256481 0.001563 0.024074
0 0.855729 0.282407 0.009375 0.025926
0 0.054427 0.361574 0.013021 0.021296
0 0.411198 0.362500 0.005729 0.032407
0 0.523958 0.103704 0.002083 0.011111
0 0.524219 0.103704 0.001563 0.011111
0 0.901042 0.311111 0.011458 0.029630
0 0.533594 0.102315 0.001563 0.010185
0 0.950521 0.290741 0.011458 0.027778
0 0.474479 0.094907 0.001042 0.010185
0 0.809635 0.348148 0.008854 0.022222
4 0.518750 0.148611 0.015625 0.075000