4 0.505729 0.167593 0.017708 0.087037
6 0.438802 0.159722 0.002604 0.010185
6 0.443490 0.123611 0.005729 0.006481
2 0.160938 0.378704 0.116667 0.107407
8 0.116406 0.376852 0.026563 0.031481
1 0.506250 0.209722 0.011458 0.028704
1 0.253646 0.402778 0.062500 0.046296
1 0.225781 0.376852 0.048437 0.037037
7 0.098438 0.405093 0.037500 0.034259
2 0.477604 0.251852 0.026042 0.085185
0 0.258594 0.331944 0.007812 0.030556
0 0.916667 0.337963 0.012500 0.031481
0 0.357812 0.472222 0.009375 0.040741
0 0.514323 0.111574 0.001563 0.012037
0 0.509115 0.112500 0.001563 0.012037
0 0.966667 0.380556 0.015625 0.035185
0 0.454948 0.102778 0.001563 0.011111
0 0.863542 0.436111 0.012500 0.027778
4 0.505990 0.167593 0.017188 0.087037