4 0.505729 0.168981 0.017708 0.087963
6 0.438281 0.160648 0.002604 0.010185
6 0.443229 0.124074 0.006250 0.007407
2 0.155469 0.385185 0.119271 0.109259
8 0.108854 0.382407 0.027083 0.031481
1 0.506250 0.211111 0.011458 0.029630
1 0.250000 0.409259 0.063542 0.048148
1 0.220052 0.382870 0.049479 0.037963
7 0.091927 0.412037 0.038021 0.035185
2 0.477344 0.255093 0.026563 0.086111
0 0.256250 0.336111 0.008333 0.031481
0 0.922917 0.342593 0.013542 0.031481
0 0.354427 0.481481 0.009896 0.040741
0 0.514323 0.112500 0.001563 0.012037
0 0.509115 0.113426 0.001563 0.012037
0 0.973698 0.386574 0.016146 0.034259
0 0.454688 0.103241 0.001042 0.010185
0 0.869271 0.443519 0.012500 0.027778
4 0.505990 0.168981 0.017188 0.087963