4 0.505469 0.166204 0.017188 0.086111
6 0.444010 0.122685 0.005729 0.006481
2 0.166406 0.372222 0.114063 0.105556
8 0.123438 0.371296 0.026042 0.031481
1 0.506250 0.207870 0.011458 0.028704
1 0.257292 0.396296 0.061458 0.046296
1 0.231250 0.371759 0.047917 0.036111
7 0.104427 0.399074 0.036979 0.033333
2 0.477865 0.249537 0.025521 0.084259
0 0.261198 0.327315 0.007812 0.030556
0 0.910417 0.333333 0.012500 0.029630
0 0.361198 0.463426 0.008854 0.039815
0 0.513802 0.111111 0.001563 0.011111
0 0.509375 0.112037 0.001042 0.011111
0 0.960156 0.374537 0.015104 0.034259
0 0.455469 0.101852 0.001563 0.011111
0 0.858073 0.428241 0.011979 0.026852
4 0.505990 0.166204 0.017188 0.086111