4 0.505990 0.158333 0.016146 0.081481
6 0.446094 0.118519 0.005729 0.007407
2 0.197135 0.337500 0.100521 0.095370
8 0.163802 0.339352 0.022396 0.028704
1 0.506510 0.196759 0.010937 0.026852
1 0.278906 0.359722 0.054688 0.041667
1 0.262760 0.339815 0.042188 0.033333
7 0.140104 0.362500 0.032292 0.030556
2 0.479688 0.232870 0.023958 0.078704
0 0.275781 0.302315 0.006771 0.028704
0 0.877344 0.307407 0.010937 0.027778
0 0.380469 0.415278 0.007812 0.036111
0 0.512760 0.107407 0.001563 0.011111
0 0.510417 0.108333 0.001042 0.011111
0 0.923698 0.341667 0.013021 0.031481
0 0.981771 0.316667 0.012500 0.029630
0 0.458073 0.099074 0.001563 0.011111
0 0.827865 0.387500 0.009896 0.025000
4 0.506250 0.158333 0.016667 0.081481