4 0.505469 0.162037 0.017188 0.083333
6 0.444531 0.120833 0.005729 0.006481
2 0.182031 0.354630 0.106771 0.100000
8 0.144010 0.354630 0.024479 0.029630
1 0.505990 0.201852 0.010937 0.027778
1 0.267969 0.377315 0.057813 0.043519
1 0.247396 0.355093 0.044792 0.034259
7 0.122656 0.380093 0.034896 0.032407
2 0.478385 0.241204 0.024479 0.080556
0 0.268490 0.314815 0.006771 0.029630
0 0.892708 0.319444 0.011458 0.029630
0 0.370833 0.438426 0.008333 0.037963
0 0.512760 0.109259 0.001563 0.011111
0 0.509635 0.110185 0.001563 0.011111
0 0.940625 0.357407 0.013542 0.033333
0 0.997917 0.330093 0.004167 0.030556
0 0.456510 0.100463 0.001563 0.010185
0 0.841927 0.407407 0.010937 0.025926
4 0.505729 0.162037 0.016667 0.083333