4 0.505469 0.163426 0.017188 0.084259
6 0.444531 0.121296 0.005729 0.007407
2 0.177083 0.360185 0.109375 0.101852
8 0.137240 0.359722 0.024479 0.030556
1 0.505990 0.203704 0.010937 0.027778
1 0.264583 0.383333 0.059375 0.044444
1 0.242188 0.360185 0.045833 0.035185
7 0.116667 0.386111 0.035417 0.031481
2 0.478125 0.243981 0.025000 0.082407
0 0.266146 0.318519 0.007292 0.029630
0 0.898698 0.324074 0.011979 0.029630
0 0.367708 0.446296 0.008333 0.038889
0 0.513281 0.109722 0.001563 0.012037
0 0.509635 0.110648 0.001563 0.012037
0 0.946875 0.362963 0.014583 0.033333
0 0.455990 0.100926 0.001563 0.011111
0 0.846875 0.413889 0.011458 0.025926
4 0.505729 0.163426 0.016667 0.084259