4 0.505469 0.164815 0.017188 0.085185
6 0.439844 0.156944 0.002604 0.010185
6 0.444271 0.122222 0.006250 0.007407
2 0.171615 0.366667 0.111979 0.103704
8 0.130469 0.365278 0.025521 0.030556
1 0.506250 0.206019 0.011458 0.028704
1 0.260938 0.390278 0.060417 0.045370
1 0.236719 0.366204 0.046354 0.036111
7 0.110677 0.392593 0.035937 0.033333
2 0.477865 0.246296 0.025521 0.083333
0 0.263542 0.323148 0.007292 0.029630
0 0.904427 0.328704 0.011979 0.029630
0 0.364583 0.455093 0.008333 0.039815
0 0.513542 0.110648 0.002083 0.012037
0 0.509375 0.111574 0.001042 0.012037
0 0.953646 0.368519 0.014583 0.033333
0 0.455729 0.101852 0.001042 0.011111
0 0.852604 0.421296 0.011458 0.025926
4 0.505990 0.164815 0.017188 0.085185