4 0.506510 0.185185 0.019271 0.098148
6 0.434375 0.173148 0.003125 0.011111
6 0.432292 0.178704 0.003125 0.011111
6 0.440365 0.131481 0.006771 0.007407
2 0.085156 0.464815 0.152604 0.131481
8 0.019010 0.454167 0.034896 0.037963
1 0.507292 0.233333 0.012500 0.033333
1 0.203385 0.492593 0.079687 0.059259
1 0.150521 0.454630 0.062500 0.046296
7 0.017969 0.495370 0.035937 0.040741
2 0.474479 0.289352 0.030208 0.099074
0 0.225521 0.389815 0.010417 0.035185
0 0.994792 0.400926 0.010417 0.035185
0 0.308854 0.600463 0.013542 0.049074
0 0.517708 0.118519 0.002083 0.012963
0 0.508594 0.120370 0.001563 0.012963
0 0.450781 0.108796 0.001563 0.012037
0 0.942448 0.540741 0.017188 0.033333
4 0.506510 0.185185 0.019271 0.098148