4 0.506250 0.180093 0.018750 0.095370
6 0.435417 0.168981 0.003125 0.010185
6 0.433333 0.175000 0.003125 0.011111
6 0.441146 0.129630 0.006250 0.007407
2 0.108594 0.438889 0.141146 0.124074
8 0.048437 0.430093 0.032292 0.036111
1 0.506771 0.226389 0.012500 0.032407
1 0.218750 0.464815 0.073958 0.055556
1 0.173438 0.431019 0.058333 0.043519
7 0.038281 0.467593 0.045313 0.038889
2 0.475260 0.278241 0.028646 0.095370
0 0.235417 0.372685 0.009375 0.034259
0 0.972917 0.381481 0.015625 0.033333
0 0.324219 0.560185 0.011979 0.046296
0 0.516406 0.116667 0.001563 0.012963
0 0.508594 0.118056 0.001563 0.012037
0 0.451823 0.107407 0.001563 0.011111
0 0.917708 0.508333 0.015625 0.031481
4 0.506250 0.180093 0.018750 0.095370