4 0.506250 0.182870 0.018750 0.097222
6 0.434375 0.171296 0.003125 0.011111
6 0.432292 0.177315 0.003125 0.012037
6 0.440625 0.131481 0.006250 0.007407
2 0.092969 0.456019 0.148438 0.128704
8 0.028906 0.445833 0.033854 0.037963
1 0.506771 0.230556 0.012500 0.033333
1 0.208594 0.483333 0.077604 0.057407
1 0.158333 0.446759 0.061458 0.045370
7 0.022135 0.486111 0.044271 0.040741
2 0.474479 0.285648 0.029167 0.097222
0 0.228385 0.384259 0.009896 0.035185
0 0.989062 0.393981 0.016667 0.034259
0 0.313802 0.586111 0.013021 0.048148
0 0.517187 0.118056 0.002083 0.012037
0 0.508594 0.119907 0.001563 0.012037
0 0.451302 0.108333 0.001563 0.011111
0 0.933333 0.529167 0.016667 0.032407
4 0.506510 0.183333 0.019271 0.098148