4 0.505729 0.171759 0.017708 0.089815
6 0.437760 0.162500 0.002604 0.010185
6 0.442708 0.125926 0.006250 0.007407
2 0.143490 0.398611 0.124479 0.112037
8 0.093229 0.394444 0.028125 0.033333
1 0.506510 0.215278 0.011979 0.030556
1 0.241927 0.423611 0.066146 0.049074
1 0.208073 0.395370 0.051562 0.038889
7 0.078125 0.426389 0.039583 0.036111
2 0.476562 0.261111 0.027083 0.088889
0 0.251042 0.345833 0.008333 0.032407
0 0.935156 0.352778 0.014062 0.031481
0 0.346615 0.500926 0.009896 0.042593
0 0.514844 0.113426 0.001563 0.012037
0 0.509115 0.115278 0.001563 0.012037
0 0.988021 0.399537 0.016667 0.036111
0 0.453906 0.104630 0.001563 0.011111
0 0.881510 0.459722 0.013021 0.028704
4 0.505990 0.172222 0.018229 0.090741