4 0.503125 0.191667 0.019792 0.103704
6 0.428646 0.178241 0.003125 0.012037
6 0.423958 0.192130 0.003125 0.012037
6 0.426562 0.184722 0.003125 0.012037
6 0.435417 0.135185 0.006250 0.007407
2 0.064844 0.509259 0.129688 0.144444
1 0.503906 0.242593 0.013021 0.035185
1 0.175260 0.537500 0.089062 0.065741
1 0.110937 0.493056 0.069792 0.050926
2 0.469531 0.305556 0.031771 0.105556
0 0.206250 0.417593 0.011458 0.037037
0 0.280729 0.666204 0.016667 0.052778
0 0.515365 0.121296 0.001563 0.012963
0 0.504427 0.123148 0.001563 0.012963
0 0.974740 0.587963 0.019271 0.035185
4 0.503385 0.192130 0.020312 0.102778