4 0.504687 0.189815 0.019792 0.101852
6 0.430990 0.176852 0.002604 0.011111
6 0.428646 0.182870 0.003125 0.012037
6 0.437500 0.134259 0.006250 0.007407
2 0.069531 0.496759 0.139062 0.141667
1 0.505469 0.240278 0.013021 0.034259
1 0.183594 0.525463 0.085938 0.063889
1 0.122396 0.481944 0.067708 0.049074
2 0.471615 0.301389 0.031771 0.104630
0 0.212240 0.410185 0.010937 0.037037
0 0.289062 0.648148 0.015625 0.051852
0 0.516927 0.120370 0.001563 0.012963
0 0.506510 0.122222 0.001563 0.012963
0 0.967448 0.576389 0.019271 0.034259
4 0.505208 0.190278 0.019792 0.102778