4 0.502865 0.197222 0.020312 0.107407
6 0.426562 0.182870 0.003125 0.012037
6 0.421615 0.197222 0.003646 0.012963
6 0.424479 0.189352 0.003125 0.012037
6 0.433854 0.137963 0.006250 0.007407
2 0.052604 0.546759 0.105208 0.154630
1 0.503646 0.250463 0.013542 0.036111
1 0.152865 0.576389 0.096354 0.071296
1 0.079427 0.525000 0.076563 0.055556
2 0.467969 0.318981 0.033854 0.112037
0 0.192708 0.440741 0.012500 0.038889
0 0.257031 0.725926 0.019271 0.055556
0 0.516146 0.123148 0.002083 0.012963
0 0.503906 0.125000 0.001563 0.012963
0 0.998438 0.633333 0.003125 0.037037
4 0.503125 0.198148 0.020833 0.107407