4 0.506250 0.188426 0.019792 0.100926
6 0.432813 0.175463 0.003125 0.012037
6 0.430729 0.181944 0.003125 0.012037
6 0.439323 0.133333 0.006771 0.007407
2 0.073958 0.485185 0.147917 0.137037
8 0.007552 0.471759 0.015104 0.039815
1 0.507031 0.237500 0.013021 0.034259
1 0.191406 0.513426 0.083854 0.062037
1 0.133333 0.472222 0.065625 0.048148
7 0.008594 0.516667 0.017188 0.042593
2 0.473437 0.297222 0.031250 0.101852
0 0.217708 0.403241 0.010417 0.036111
0 0.296615 0.631019 0.015104 0.050926
0 0.517969 0.119907 0.001563 0.012037
0 0.508073 0.121759 0.001563 0.012037
0 0.449740 0.109722 0.001563 0.012037
0 0.960156 0.565278 0.018229 0.034259
4 0.506510 0.188426 0.019271 0.100926