4 0.502344 0.195833 0.020312 0.106481
6 0.426562 0.181481 0.003125 0.011111
6 0.421615 0.195370 0.003646 0.012963
6 0.424479 0.187963 0.003125 0.012963
6 0.433594 0.137037 0.006771 0.007407
2 0.056250 0.534259 0.112500 0.151852
1 0.503125 0.247685 0.013542 0.036111
1 0.159635 0.563426 0.094271 0.069444
1 0.089062 0.514815 0.073958 0.053704
2 0.467969 0.314352 0.032812 0.110185
0 0.196354 0.433333 0.012500 0.038889
0 0.264583 0.705556 0.017708 0.055556
0 0.515104 0.122222 0.002083 0.012963
0 0.503385 0.125000 0.001563 0.012963
0 0.992448 0.616667 0.015104 0.037037
4 0.502344 0.195833 0.020312 0.106481