4 0.506771 0.186574 0.019792 0.099074
6 0.433854 0.174074 0.003125 0.011111
6 0.431771 0.180093 0.003125 0.012037
6 0.440104 0.132407 0.006250 0.007407
2 0.077604 0.474537 0.155208 0.134259
8 0.013281 0.462037 0.026563 0.038889
1 0.507292 0.235185 0.012500 0.033333
1 0.197917 0.502778 0.081250 0.061111
1 0.142448 0.462963 0.064062 0.046296
7 0.013542 0.506019 0.027083 0.041667
2 0.474219 0.293056 0.030729 0.100926
0 0.221875 0.396296 0.010417 0.035185
0 0.303125 0.615278 0.014583 0.049074
0 0.518229 0.118981 0.002083 0.012037
0 0.508594 0.121296 0.001563 0.012963
0 0.450781 0.109259 0.001563 0.011111
0 0.951563 0.552778 0.017708 0.033333
4 0.507031 0.187037 0.019271 0.100000