4 0.480990 0.210185 0.022396 0.116667
6 0.400260 0.193519 0.003646 0.012963
6 0.394792 0.209722 0.004167 0.013889
6 0.397656 0.200926 0.003646 0.012963
6 0.392188 0.217130 0.004167 0.013889
6 0.408073 0.143981 0.006771 0.008333
2 0.008333 0.666667 0.016667 0.196296
1 0.482292 0.268056 0.014583 0.039815
1 0.069792 0.690741 0.123958 0.092593
1 0.009635 0.625000 0.019271 0.070370
2 0.443750 0.350463 0.037500 0.125000
0 0.133333 0.506944 0.016667 0.043519
0 0.175260 0.899537 0.027604 0.063889
0 0.493490 0.127315 0.001563 0.013889
0 0.479948 0.130093 0.001563 0.013889
4 0.480990 0.210185 0.022396 0.116667