4 0.459896 0.214815 0.023958 0.120370
6 0.377083 0.198148 0.004167 0.012963
6 0.371354 0.215278 0.004167 0.013889
6 0.374479 0.206019 0.004167 0.013889
6 0.368750 0.223148 0.004167 0.014815
6 0.384896 0.147222 0.007292 0.009259
1 0.461979 0.274537 0.015625 0.041667
1 0.043229 0.754630 0.086458 0.107407
2 0.422656 0.363426 0.040104 0.130556
0 0.092188 0.542593 0.018750 0.046296
0 0.125260 0.979630 0.033854 0.040741
0 0.471875 0.129167 0.002083 0.013889
0 0.458073 0.131944 0.001563 0.013889
4 0.459896 0.214815 0.023958 0.120370