4 0.274479 0.254630 0.040625 0.148148
6 0.166406 0.243981 0.006771 0.015741
6 0.159375 0.267130 0.007292 0.017593
6 0.163021 0.254167 0.007292 0.017593
6 0.155990 0.278241 0.007812 0.019444
6 0.174740 0.177778 0.010937 0.011111
1 0.282292 0.326389 0.023958 0.052778
2 0.235417 0.462963 0.065625 0.181481
0 0.876302 0.427315 0.015104 0.037963
0 0.265885 0.150926 0.003646 0.014815
0 0.941667 0.507407 0.018750 0.044444
0 0.989583 0.410648 0.017708 0.036111
0 0.899479 0.695370 0.020833 0.040741
4 0.274740 0.254630 0.041146 0.148148