4 0.200000 0.275000 0.050000 0.161111
6 0.075781 0.268981 0.008854 0.017593
6 0.067448 0.295370 0.009896 0.020370
6 0.072135 0.281019 0.008854 0.019444
6 0.063542 0.308333 0.010417 0.022222
6 0.085677 0.194907 0.013021 0.012037
1 0.210417 0.353241 0.028125 0.058333
2 0.156771 0.512963 0.082292 0.205556
0 0.815885 0.412963 0.013021 0.037037
0 0.189323 0.162037 0.004688 0.016667
0 0.877865 0.488426 0.016146 0.043519
0 0.914583 0.388426 0.014583 0.034259
0 0.850000 0.683333 0.018750 0.040741
4 0.200521 0.275463 0.050000 0.162037