8 0.170833 0.070370 0.002083 0.007407
8 0.171875 0.072685 0.002083 0.008333
7 0.171354 0.071296 0.003125 0.007407
2 0.165625 0.085648 0.014583 0.028704
1 0.162240 0.064352 0.009896 0.006481
1 0.170312 0.105093 0.009375 0.013889
2 0.161458 0.070370 0.012500 0.024074
1 0.170573 0.069444 0.005729 0.007407
1 0.278125 0.349537 0.032292 0.054630
8 0.167187 0.061574 0.003125 0.006481
0 0.186719 0.447685 0.011979 0.039815
0 0.183333 0.068519 0.002083 0.007407
0 0.186458 0.363426 0.009375 0.034259
0 0.208073 0.131019 0.003646 0.013889
0 0.194792 0.642593 0.016667 0.053704
0 0.158594 0.109259 0.003646 0.011111
0 0.159635 0.109722 0.003646 0.012037
0 0.201042 0.350926 0.009375 0.033333
0 0.192708 0.764815 0.019792 0.061111
0 0.180208 0.066667 0.002083 0.007407
0 0.206771 0.122222 0.003125 0.012963
0 0.240625 0.187963 0.005208 0.018519
0 0.214323 0.137037 0.003646 0.014815