8 0.065625 0.076852 0.003125 0.009259
8 0.066667 0.079167 0.003125 0.008333
7 0.066146 0.078241 0.004167 0.008333
2 0.061458 0.093056 0.018750 0.030556
1 0.053906 0.071296 0.011979 0.007407
1 0.068490 0.113426 0.011979 0.015741
2 0.054688 0.076852 0.015625 0.025926
1 0.065104 0.076389 0.007292 0.008333
1 0.211719 0.351852 0.035937 0.053704
8 0.060156 0.068056 0.003646 0.006481
0 0.121615 0.450463 0.014062 0.039815
0 0.113542 0.370833 0.012500 0.034259
0 0.115625 0.139352 0.005208 0.013889
0 0.147917 0.624537 0.018750 0.052778
0 0.128125 0.358333 0.011458 0.033333
0 0.156250 0.727778 0.020833 0.059259
0 0.076042 0.072685 0.003125 0.008333
0 0.720052 0.987963 0.025521 0.024074
0 0.112760 0.130093 0.004688 0.013889
0 0.157813 0.196759 0.006250 0.019444
0 0.123177 0.145370 0.004688 0.014815