8 0.100000 0.074537 0.003125 0.008333
8 0.101042 0.076389 0.003125 0.008333
7 0.100521 0.075926 0.004167 0.007407
2 0.095573 0.090278 0.017188 0.030556
1 0.089323 0.068519 0.010937 0.007407
1 0.101823 0.110185 0.010937 0.014815
2 0.089583 0.074537 0.014583 0.025000
1 0.099479 0.073611 0.006250 0.008333
1 0.233073 0.349074 0.034896 0.053704
8 0.095052 0.065278 0.003646 0.006481
0 0.143490 0.446759 0.013021 0.039815
0 0.113802 0.072685 0.002604 0.008333
0 0.137760 0.366667 0.011979 0.033333
0 0.145573 0.136111 0.004688 0.014815
0 0.164583 0.625463 0.017708 0.052778
0 0.152344 0.354167 0.010937 0.032407
0 0.170052 0.733333 0.020312 0.059259
0 0.110156 0.070833 0.002604 0.008333
0 0.143229 0.127315 0.004167 0.013889
0 0.184635 0.193056 0.005729 0.019444
0 0.152865 0.142593 0.004688 0.014815