8 0.322917 0.063889 0.001042 0.007407
8 0.323177 0.065741 0.001563 0.007407
7 0.323177 0.065278 0.002604 0.006481
2 0.316406 0.078704 0.010937 0.025926
1 0.317708 0.057870 0.007292 0.006481
1 0.318229 0.097685 0.007292 0.012037
2 0.314844 0.063889 0.008854 0.022222
1 0.322656 0.062963 0.004688 0.007407
1 0.385938 0.361111 0.027083 0.057407
8 0.320833 0.055556 0.002083 0.005556
0 0.287500 0.459259 0.010417 0.040741
0 0.305990 0.056019 0.001563 0.004630
0 0.333333 0.062963 0.001042 0.007407
0 0.298958 0.365741 0.008333 0.033333
0 0.304427 0.233796 0.005729 0.023148
0 0.347135 0.123148 0.002604 0.012963
0 0.265885 0.703241 0.016146 0.056481
0 0.308073 0.100000 0.002604 0.011111
0 0.308854 0.100926 0.002083 0.011111
0 0.314063 0.353241 0.007292 0.032407
0 0.243229 0.868519 0.021875 0.064815
0 0.330990 0.060648 0.001563 0.006481
0 0.347135 0.115278 0.002604 0.012037
0 0.369010 0.182407 0.003646 0.018519
0 0.351823 0.129630 0.002604 0.012963