8 0.195312 0.068981 0.002083 0.008333
8 0.195833 0.070833 0.002083 0.008333
7 0.195833 0.070370 0.003125 0.007407
2 0.189844 0.084259 0.014062 0.027778
1 0.187240 0.063426 0.008854 0.006481
1 0.194010 0.103704 0.008854 0.012963
2 0.186198 0.068981 0.011979 0.023148
1 0.194792 0.068519 0.005208 0.007407
1 0.294271 0.350463 0.031250 0.054630
8 0.191667 0.060185 0.003125 0.005556
0 0.202083 0.447685 0.011458 0.039815
0 0.207292 0.067593 0.002083 0.007407
0 0.203906 0.362963 0.009896 0.033333
0 0.229948 0.129167 0.003646 0.013889
0 0.206250 0.649074 0.016667 0.053704
0 0.182552 0.107407 0.003646 0.011111
0 0.183333 0.108333 0.003125 0.011111
0 0.218750 0.350463 0.009375 0.032407
0 0.201042 0.776389 0.019792 0.062037
0 0.204167 0.065741 0.002083 0.007407
0 0.228906 0.120833 0.003646 0.012037
0 0.260677 0.187037 0.004688 0.018519
0 0.235677 0.135648 0.003646 0.013889