8 0.250260 0.066204 0.001563 0.008333
8 0.251042 0.068519 0.002083 0.007407
7 0.250781 0.067593 0.002604 0.007407
2 0.244531 0.081019 0.011979 0.026852
1 0.243750 0.060648 0.008333 0.006481
1 0.247656 0.100000 0.007812 0.012963
2 0.241667 0.066204 0.010417 0.023148
1 0.250000 0.065741 0.005208 0.007407
1 0.333333 0.350463 0.029167 0.054630
8 0.247396 0.057870 0.002083 0.006481
0 0.240365 0.446296 0.010937 0.038889
0 0.231510 0.058796 0.001563 0.004630
0 0.261458 0.064815 0.002083 0.007407
0 0.245833 0.359259 0.008333 0.033333
0 0.280208 0.125926 0.003125 0.012963
0 0.234896 0.658796 0.015625 0.054630
0 0.236979 0.103704 0.003125 0.011111
0 0.237760 0.104630 0.002604 0.011111
0 0.260417 0.347222 0.008333 0.031481
0 0.224219 0.795833 0.020312 0.062037
0 0.258854 0.062963 0.002083 0.007407
0 0.279687 0.117593 0.003125 0.012963
0 0.306771 0.183333 0.004167 0.018519
0 0.285417 0.131944 0.003125 0.013889