8 0.346875 0.062963 0.001042 0.007407
8 0.347135 0.065741 0.001563 0.007407
7 0.346875 0.064815 0.002083 0.007407
2 0.339844 0.078704 0.009896 0.025926
1 0.342187 0.057407 0.007292 0.005556
1 0.341406 0.097222 0.006771 0.012963
2 0.338542 0.063426 0.008333 0.021296
1 0.346354 0.062500 0.004167 0.006481
1 0.403125 0.369444 0.027083 0.059259
8 0.344792 0.054630 0.002083 0.005556
0 0.300781 0.471296 0.009896 0.040741
0 0.330208 0.055556 0.001042 0.003704
0 0.315365 0.372685 0.007812 0.034259
0 0.324479 0.235185 0.005208 0.022222
0 0.369010 0.123148 0.002604 0.012963
0 0.271354 0.735648 0.016667 0.058333
0 0.326302 0.048148 0.001563 0.005556
0 0.331250 0.100000 0.002083 0.011111
0 0.331771 0.100926 0.002083 0.011111
0 0.330990 0.359722 0.006771 0.032407
0 0.242448 0.920370 0.023438 0.066667
0 0.354688 0.060185 0.001042 0.007407
0 0.369271 0.115278 0.002083 0.012037
0 0.389583 0.183796 0.003125 0.017593
0 0.373698 0.129630 0.002604 0.012963