8 0.311198 0.063889 0.001563 0.007407
8 0.311458 0.065741 0.001042 0.007407
7 0.311198 0.065278 0.002604 0.006481
2 0.304427 0.079167 0.010937 0.026852
1 0.305469 0.057870 0.007812 0.006481
1 0.306771 0.098148 0.007292 0.012963
2 0.302865 0.063889 0.008854 0.022222
1 0.310677 0.063426 0.004688 0.006481
1 0.377604 0.356944 0.027083 0.056481
8 0.308854 0.055556 0.002083 0.005556
0 0.280990 0.453704 0.009896 0.040741
0 0.293750 0.056481 0.001042 0.003704
0 0.321615 0.062963 0.001563 0.007407
0 0.291146 0.362037 0.008333 0.033333
0 0.294531 0.233333 0.005729 0.022222
0 0.336198 0.123148 0.002604 0.012963
0 0.263021 0.687037 0.015625 0.055556
0 0.296615 0.100463 0.002604 0.010185
0 0.297135 0.101389 0.002604 0.010185
0 0.306250 0.349537 0.007292 0.032407
0 0.243750 0.843518 0.020833 0.064815
0 0.319010 0.061111 0.001563 0.007407
0 0.336198 0.115278 0.002604 0.012037
0 0.359115 0.181944 0.003646 0.017593
0 0.340885 0.129630 0.002604 0.012963