8 0.276823 0.064815 0.001563 0.007407
8 0.277344 0.067130 0.001563 0.008333
7 0.276823 0.066667 0.002604 0.007407
2 0.270573 0.080093 0.011979 0.026852
1 0.270312 0.059259 0.008333 0.005556
1 0.273177 0.099074 0.007812 0.012963
2 0.267969 0.064815 0.009896 0.022222
1 0.276302 0.064352 0.004688 0.006481
1 0.352865 0.351389 0.028646 0.054630
8 0.273958 0.056481 0.002083 0.005556
0 0.258854 0.446296 0.010417 0.038889
0 0.258594 0.057407 0.001563 0.003704
0 0.287500 0.063889 0.002083 0.007407
0 0.266146 0.358333 0.008333 0.033333
0 0.265104 0.234259 0.006250 0.022222
0 0.304427 0.124074 0.002604 0.012963
0 0.248958 0.664352 0.015625 0.054630
0 0.262760 0.101852 0.002604 0.011111
0 0.263802 0.102778 0.002604 0.011111
0 0.280990 0.346296 0.007812 0.031481
0 0.235417 0.806019 0.019792 0.062037
0 0.284896 0.062037 0.002083 0.007407
0 0.303906 0.116204 0.002604 0.012037
0 0.329427 0.182407 0.003646 0.018519
0 0.309635 0.130556 0.002604 0.012963