6 0.416406 0.072685 0.002604 0.004630
6 0.416667 0.071296 0.001042 0.005556
6 0.417188 0.070833 0.001042 0.004630
8 0.436719 0.063889 0.000521 0.007407
8 0.436979 0.065741 0.001042 0.007407
7 0.436719 0.064815 0.001563 0.007407
2 0.428125 0.080556 0.009375 0.025926
1 0.434115 0.056944 0.005729 0.006481
1 0.428125 0.100926 0.006250 0.012963
2 0.428385 0.064815 0.007812 0.022222
1 0.436719 0.062500 0.003646 0.006481
1 0.467187 0.435648 0.027083 0.073148
8 0.435677 0.054630 0.001563 0.005556
0 0.416146 0.055556 0.001042 0.007407
0 0.335677 0.575000 0.011979 0.048148
0 0.421875 0.055093 0.001042 0.004630
0 0.005990 0.069444 0.002604 0.005556
0 0.446875 0.062963 0.001042 0.007407
0 0.367188 0.434722 0.008333 0.037963
0 0.397656 0.252778 0.004688 0.024074
0 0.020052 0.072222 0.002604 0.005556
0 0.452865 0.127778 0.001563 0.012963
0 0.002344 0.068519 0.003646 0.007407
0 0.419271 0.047685 0.001042 0.006481
0 0.417969 0.101852 0.001563 0.011111
0 0.418490 0.102315 0.001563 0.010185
0 0.386458 0.409722 0.008333 0.037963
0 0.444792 0.060185 0.001042 0.007407
0 0.454427 0.119907 0.001563 0.012037
0 0.469010 0.196759 0.002604 0.019444
0 0.457292 0.134722 0.002083 0.013889
0 0.018490 0.064815 0.002604 0.007407