6 0.395573 0.072685 0.002604 0.004630
6 0.395833 0.071296 0.001042 0.005556
6 0.396354 0.070833 0.001042 0.004630
8 0.416146 0.063426 0.001042 0.006481
8 0.416146 0.065741 0.001042 0.007407
7 0.416146 0.064815 0.002083 0.007407
2 0.407292 0.080093 0.009375 0.026852
1 0.413021 0.056944 0.006250 0.006481
1 0.407813 0.100000 0.006250 0.012963
2 0.407552 0.064352 0.007812 0.021296
1 0.415885 0.062500 0.003646 0.006481
1 0.451562 0.421759 0.027083 0.071296
8 0.414844 0.054630 0.001563 0.005556
0 0.395312 0.056019 0.001042 0.006481
0 0.325781 0.554630 0.010937 0.046296
0 0.400521 0.055093 0.001042 0.004630
0 0.426042 0.062963 0.001042 0.007407
0 0.353646 0.423148 0.008333 0.037037
0 0.379687 0.249074 0.005208 0.024074
0 0.433333 0.126852 0.002083 0.012963
0 0.248958 0.970370 0.025000 0.059259
0 0.397917 0.047685 0.001042 0.006481
0 0.397656 0.100926 0.001563 0.011111
0 0.398438 0.101852 0.002083 0.011111
0 0.371875 0.400463 0.008333 0.036111
0 0.423958 0.060185 0.001042 0.007407
0 0.434635 0.118981 0.001563 0.012037
0 0.450000 0.193981 0.003125 0.019444
0 0.437500 0.133796 0.002083 0.013889