8 0.365625 0.062963 0.001042 0.007407
8 0.366146 0.064815 0.001042 0.007407
7 0.365625 0.064352 0.002083 0.006481
2 0.358333 0.078704 0.010417 0.025926
1 0.361458 0.056944 0.007292 0.006481
1 0.359635 0.098148 0.006771 0.012963
2 0.357552 0.063426 0.008854 0.021296
1 0.365625 0.062500 0.004167 0.006481
1 0.416406 0.378704 0.026563 0.061111
8 0.364062 0.054630 0.002083 0.005556
0 0.344792 0.056019 0.001042 0.006481
0 0.310156 0.485185 0.009896 0.042593
0 0.349479 0.055556 0.001042 0.003704
0 0.376042 0.062037 0.001042 0.007407
0 0.327344 0.381019 0.007812 0.034259
0 0.340104 0.237500 0.005208 0.023148
0 0.386458 0.123148 0.002083 0.012963
0 0.272656 0.773611 0.018229 0.060185
0 0.345833 0.048148 0.001042 0.005556
0 0.349479 0.100000 0.002083 0.011111
0 0.350000 0.100463 0.002083 0.010185
0 0.343490 0.367130 0.006771 0.034259
0 0.236458 0.973611 0.025000 0.052778
0 0.373698 0.060185 0.001563 0.007407
0 0.386979 0.116204 0.002083 0.012037
0 0.406250 0.185185 0.003125 0.018519
0 0.391146 0.130093 0.002083 0.013889