6 0.360677 0.072685 0.002604 0.004630
6 0.360938 0.071296 0.001042 0.005556
8 0.380990 0.062963 0.001563 0.007407
8 0.381250 0.065741 0.001042 0.007407
7 0.381250 0.064815 0.002083 0.007407
2 0.373177 0.079167 0.009896 0.026852
1 0.377344 0.056944 0.006771 0.006481
1 0.374219 0.099074 0.006771 0.012963
2 0.372917 0.063889 0.008333 0.022222
1 0.380729 0.062500 0.004167 0.006481
1 0.426042 0.396759 0.027083 0.065741
8 0.379687 0.054630 0.002083 0.005556
0 0.360156 0.056019 0.001563 0.006481
0 0.311979 0.515278 0.010417 0.043519
0 0.365104 0.055556 0.001042 0.003704
0 0.391146 0.062963 0.001042 0.007407
0 0.333073 0.400000 0.007812 0.035185
0 0.351042 0.243056 0.005208 0.023148
0 0.400521 0.125000 0.002083 0.012963
0 0.260156 0.855093 0.020312 0.063889
0 0.361719 0.048148 0.001563 0.005556
0 0.364062 0.100926 0.002083 0.011111
0 0.364583 0.101389 0.002083 0.010185
0 0.350000 0.382407 0.007292 0.035185
0 0.389062 0.060185 0.001042 0.007407
0 0.401563 0.117130 0.002083 0.012037
0 0.419010 0.189352 0.002604 0.019444
0 0.404948 0.131944 0.002604 0.013889