6 0.382812 0.072685 0.002083 0.004630
6 0.382812 0.071296 0.001042 0.005556
6 0.383333 0.070833 0.001042 0.004630
8 0.403125 0.063426 0.001042 0.006481
8 0.403125 0.065741 0.001042 0.007407
7 0.403125 0.064815 0.002083 0.007407
2 0.394792 0.080093 0.009375 0.026852
1 0.400000 0.056944 0.006250 0.006481
1 0.395312 0.100000 0.006250 0.012963
2 0.394792 0.064352 0.008333 0.021296
1 0.402865 0.062500 0.003646 0.006481
1 0.441406 0.416204 0.027604 0.069444
8 0.401823 0.054630 0.001563 0.005556
0 0.382292 0.056019 0.001042 0.006481
0 0.318750 0.545833 0.011458 0.045370
0 0.387500 0.055556 0.001042 0.003704
0 0.413021 0.062963 0.001042 0.007407
0 0.344792 0.418519 0.008333 0.037037
0 0.368750 0.248148 0.005208 0.024074
0 0.420833 0.126389 0.002083 0.013889
0 0.248958 0.946759 0.023958 0.067593
0 0.384375 0.047685 0.001042 0.006481
0 0.385156 0.100926 0.001563 0.011111
0 0.385677 0.101852 0.001563 0.011111
0 0.362500 0.396759 0.008333 0.036111
0 0.410937 0.060185 0.001042 0.007407
0 0.422135 0.118981 0.001563 0.012037
0 0.438281 0.193056 0.002604 0.019444
0 0.425260 0.133796 0.001563 0.013889