4 0.019271 0.096759 0.038542 0.021296
6 0.441146 0.074074 0.002083 0.005556
6 0.441146 0.073148 0.001042 0.005556
8 0.461719 0.064815 0.000521 0.007407
8 0.461979 0.067130 0.001042 0.008333
7 0.461719 0.066204 0.001563 0.006481
2 0.452344 0.083333 0.008854 0.027778
1 0.459896 0.057870 0.005208 0.006481
1 0.452083 0.105093 0.006250 0.013889
2 0.453385 0.066667 0.007812 0.022222
1 0.461719 0.063889 0.003646 0.007407
1 0.485156 0.496296 0.029687 0.088889
8 0.461198 0.054630 0.001563 0.005556
0 0.440625 0.056481 0.001042 0.007407
0 0.325781 0.685185 0.014062 0.053704
0 0.446875 0.055556 0.001042 0.003704
0 0.039323 0.067593 0.002604 0.005556
0 0.472135 0.064815 0.000521 0.007407
0 0.371615 0.497222 0.008854 0.042593
0 0.415885 0.269907 0.004688 0.025000
0 0.476562 0.132407 0.002083 0.012963
0 0.035417 0.067130 0.003125 0.008333
0 0.444792 0.048148 0.001042 0.005556
0 0.015885 0.070833 0.003646 0.008333
0 0.441406 0.104630 0.001563 0.011111
0 0.441927 0.105556 0.001563 0.011111
0 0.395052 0.456944 0.007812 0.039815
0 0.470313 0.061574 0.001042 0.006481
0 0.018229 0.060185 0.003125 0.007407
0 0.478385 0.125000 0.001563 0.012963
0 0.491927 0.208333 0.002604 0.020370
0 0.480990 0.140278 0.001563 0.013889
4 0.019271 0.096759 0.038542 0.021296