6 0.420312 0.073148 0.002083 0.005556
6 0.420312 0.071759 0.001042 0.004630
6 0.420833 0.070833 0.001042 0.004630
8 0.440625 0.063889 0.001042 0.007407
8 0.440885 0.065741 0.000521 0.007407
7 0.440885 0.065278 0.001563 0.006481
2 0.431771 0.081019 0.009375 0.026852
1 0.438281 0.056944 0.005729 0.006481
1 0.431771 0.101389 0.006250 0.013889
2 0.432552 0.064815 0.007812 0.022222
1 0.440625 0.062963 0.004167 0.007407
1 0.470052 0.443519 0.027604 0.075926
8 0.439844 0.054630 0.001563 0.005556
0 0.420052 0.056019 0.001563 0.006481
0 0.334896 0.588889 0.011458 0.048148
0 0.425521 0.055093 0.001042 0.004630
0 0.011719 0.068981 0.002604 0.004630
0 0.451042 0.062963 0.001042 0.007407
0 0.368229 0.442593 0.008333 0.038889
0 0.400521 0.254630 0.005208 0.024074
0 0.025521 0.071759 0.003125 0.006481
0 0.456771 0.128241 0.002083 0.013889
0 0.007812 0.068519 0.003125 0.007407
0 0.423438 0.047685 0.001042 0.006481
0 0.421615 0.101852 0.001563 0.011111
0 0.422135 0.102778 0.001563 0.011111
0 0.388021 0.416204 0.007292 0.037963
0 0.448958 0.060648 0.001042 0.006481
0 0.458073 0.120833 0.001563 0.012037
0 0.472656 0.198611 0.002604 0.019444
0 0.460938 0.135648 0.002083 0.013889
0 0.023958 0.064815 0.003125 0.007407