6 0.433333 0.073611 0.002083 0.004630
6 0.433333 0.072222 0.001042 0.005556
6 0.433854 0.071296 0.001042 0.005556
8 0.453906 0.063889 0.000521 0.007407
8 0.453906 0.066667 0.000521 0.007407
7 0.453906 0.065741 0.001563 0.007407
2 0.444792 0.081944 0.009375 0.026852
1 0.451823 0.056944 0.005729 0.006481
1 0.444271 0.102778 0.006250 0.012963
2 0.445312 0.065741 0.007292 0.022222
1 0.453906 0.063426 0.003646 0.006481
1 0.479688 0.468519 0.028125 0.081481
8 0.452865 0.054630 0.001563 0.005556
0 0.432813 0.056019 0.001042 0.006481
0 0.333073 0.632870 0.013021 0.050926
0 0.439063 0.055556 0.001042 0.003704
0 0.029948 0.068056 0.002604 0.004630
0 0.464063 0.063889 0.001042 0.007407
0 0.372396 0.468056 0.008333 0.039815
0 0.410677 0.261574 0.004688 0.025000
0 0.469010 0.130093 0.001563 0.013889
0 0.026042 0.067593 0.003125 0.007407
0 0.436458 0.048148 0.001042 0.005556
0 0.006510 0.071296 0.003646 0.007407
0 0.434115 0.103241 0.001563 0.010185
0 0.434635 0.103704 0.001563 0.011111
0 0.393750 0.435185 0.007292 0.038889
0 0.461979 0.061111 0.001042 0.007407
0 0.007812 0.060185 0.003125 0.007407
0 0.470573 0.123148 0.001563 0.012963
0 0.484375 0.203241 0.002083 0.019444
0 0.473177 0.137963 0.001563 0.014815
0 0.042448 0.063889 0.002604 0.007407