4 0.018750 0.096759 0.037500 0.021296
6 0.439063 0.074074 0.002083 0.005556
6 0.439583 0.072685 0.001042 0.004630
6 0.440104 0.071759 0.001042 0.004630
8 0.460156 0.064815 0.000521 0.007407
8 0.460156 0.066667 0.000521 0.007407
7 0.460156 0.066204 0.001563 0.006481
2 0.450521 0.082870 0.009375 0.026852
1 0.458073 0.057407 0.005729 0.005556
1 0.450260 0.104167 0.005729 0.013889
2 0.451562 0.066204 0.007292 0.023148
1 0.460156 0.063889 0.003646 0.007407
1 0.483854 0.486574 0.029167 0.086111
8 0.459115 0.054630 0.001563 0.005556
0 0.439063 0.056481 0.001042 0.007407
0 0.329167 0.666204 0.013542 0.052778
0 0.445312 0.055556 0.001042 0.003704
0 0.037760 0.067593 0.002604 0.005556
0 0.470313 0.063889 0.001042 0.007407
0 0.372656 0.487500 0.008854 0.041667
0 0.415104 0.267130 0.005208 0.025000
0 0.474740 0.131944 0.001563 0.013889
0 0.033854 0.067130 0.003125 0.008333
0 0.443229 0.048148 0.001042 0.005556
0 0.014323 0.070833 0.003646 0.008333
0 0.439844 0.103704 0.001563 0.011111
0 0.440365 0.104630 0.001563 0.011111
0 0.395312 0.449537 0.007292 0.039815
0 0.468229 0.061111 0.001042 0.007407
0 0.016406 0.060185 0.002604 0.007407
0 0.476823 0.124074 0.001563 0.012963
0 0.490104 0.206481 0.002083 0.020370
0 0.479427 0.139815 0.001563 0.014815
4 0.018750 0.096759 0.037500 0.021296