4 0.020312 0.097222 0.040625 0.022222
6 0.445312 0.075000 0.002083 0.005556
6 0.445833 0.074074 0.001042 0.005556
8 0.466667 0.065741 0.001042 0.007407
8 0.466667 0.067593 0.001042 0.007407
7 0.466667 0.066667 0.002083 0.007407
2 0.456771 0.084722 0.009375 0.028704
1 0.465104 0.057870 0.005208 0.006481
1 0.456250 0.106944 0.006250 0.013889
2 0.458073 0.067593 0.007812 0.022222
1 0.466406 0.064815 0.003646 0.007407
1 0.488542 0.527315 0.031250 0.097222
8 0.465885 0.055556 0.001563 0.005556
0 0.445312 0.056944 0.001042 0.006481
0 0.314323 0.746296 0.016146 0.057407
0 0.451562 0.056481 0.001042 0.003704
0 0.043490 0.068056 0.002604 0.004630
0 0.477083 0.064815 0.001042 0.007407
0 0.367708 0.530556 0.009375 0.044444
0 0.418490 0.278241 0.004688 0.026852
0 0.480990 0.134722 0.001563 0.013889
0 0.039583 0.067593 0.003125 0.007407
0 0.450000 0.048611 0.001042 0.006481
0 0.019792 0.071296 0.003125 0.007407
0 0.445573 0.106481 0.001563 0.011111
0 0.446354 0.106944 0.002083 0.012037
0 0.393490 0.481019 0.007812 0.041667
0 0.475000 0.062037 0.001042 0.007407
0 0.023438 0.060185 0.003125 0.007407
0 0.483073 0.127315 0.001563 0.013889
0 0.496354 0.213426 0.002083 0.021296
0 0.485417 0.143056 0.002083 0.013889
4 0.020312 0.097222 0.040625 0.022222