6 0.423438 0.073148 0.002083 0.005556
6 0.423438 0.072222 0.001042 0.005556
6 0.423958 0.070833 0.001042 0.004630
8 0.443750 0.063889 0.001042 0.007407
8 0.444010 0.065741 0.000521 0.007407
7 0.444010 0.065278 0.001563 0.006481
2 0.434896 0.081019 0.009375 0.026852
1 0.441406 0.056944 0.005729 0.006481
1 0.434896 0.101852 0.006250 0.012963
2 0.435417 0.064815 0.007292 0.022222
1 0.443490 0.062963 0.003646 0.007407
1 0.472135 0.451852 0.027604 0.077778
8 0.442969 0.054630 0.001563 0.005556
0 0.422917 0.056019 0.001042 0.006481
0 0.333333 0.603241 0.012500 0.049074
0 0.428646 0.055556 0.001042 0.003704
0 0.015885 0.068519 0.002604 0.005556
0 0.368750 0.450926 0.008333 0.038889
0 0.402865 0.257407 0.004688 0.024074
0 0.029427 0.071296 0.002604 0.005556
0 0.459375 0.129167 0.002083 0.013889
0 0.011719 0.068056 0.003646 0.008333
0 0.426562 0.047685 0.001042 0.006481
0 0.424740 0.102778 0.001563 0.011111
0 0.425000 0.103241 0.002083 0.010185
0 0.388802 0.422685 0.007812 0.037963
0 0.452083 0.060648 0.001042 0.006481
0 0.461198 0.121296 0.001563 0.012963
0 0.475260 0.199537 0.002604 0.019444
0 0.463802 0.136574 0.001563 0.013889
0 0.027865 0.063889 0.002604 0.007407