6 0.442708 0.077778 0.002083 0.005556
6 0.442708 0.075926 0.001042 0.005556
6 0.443750 0.075000 0.001042 0.005556
8 0.464323 0.067593 0.000521 0.007407
8 0.464583 0.069907 0.001042 0.008333
7 0.464323 0.068981 0.001563 0.006481
2 0.453906 0.088889 0.009896 0.029630
1 0.463281 0.059722 0.004688 0.006481
1 0.453125 0.112963 0.006250 0.014815
2 0.455469 0.070370 0.007812 0.024074
1 0.464323 0.066667 0.003646 0.007407
1 0.485156 0.635648 0.036979 0.128704
8 0.463802 0.056481 0.001563 0.005556
0 0.441667 0.058796 0.001042 0.006481
0 0.251302 0.982870 0.025521 0.034259
0 0.448958 0.057870 0.001042 0.004630
0 0.475000 0.067130 0.001042 0.008333
0 0.337500 0.653241 0.013542 0.052778
0 0.410677 0.306944 0.005729 0.028704
0 0.478385 0.141667 0.001563 0.014815
0 0.447917 0.050000 0.001042 0.005556
0 0.003385 0.073611 0.003646 0.008333
0 0.439583 0.128241 0.002083 0.013889
0 0.442448 0.110648 0.001563 0.012037
0 0.442708 0.111574 0.002083 0.012037
0 0.372917 0.566667 0.009375 0.048148
0 0.473437 0.063889 0.001042 0.007407
0 0.480990 0.133796 0.001563 0.013889
0 0.494531 0.229630 0.002604 0.022222
0 0.483333 0.150463 0.002083 0.015741