6 0.442448 0.077778 0.002604 0.005556
6 0.442708 0.076852 0.001042 0.005556
6 0.443229 0.075463 0.001042 0.004630
8 0.464323 0.067593 0.000521 0.007407
8 0.464583 0.069907 0.001042 0.008333
7 0.464323 0.069444 0.001563 0.007407
2 0.453906 0.089352 0.009896 0.028704
1 0.463281 0.059722 0.004688 0.006481
1 0.452865 0.112963 0.006771 0.014815
2 0.455208 0.070370 0.008333 0.024074
1 0.464323 0.066667 0.003646 0.007407
1 0.485156 0.652315 0.038021 0.134259
8 0.463802 0.056481 0.001563 0.005556
0 0.448958 0.057870 0.001042 0.004630
0 0.475000 0.067593 0.001042 0.007407
0 0.332812 0.672685 0.013542 0.052778
0 0.409635 0.310185 0.005729 0.029630
0 0.478125 0.142593 0.002083 0.014815
0 0.447917 0.050000 0.001042 0.005556
0 0.001823 0.074537 0.003646 0.008333
0 0.439323 0.128704 0.001563 0.012963
0 0.442187 0.111574 0.002083 0.012037
0 0.442448 0.112500 0.001563 0.012037
0 0.370052 0.579167 0.009896 0.049074
0 0.473437 0.063889 0.001042 0.007407
0 0.480990 0.134722 0.001563 0.013889
0 0.494531 0.231944 0.002604 0.023148
0 0.483333 0.151389 0.002083 0.015741