6 0.444271 0.076852 0.002083 0.005556
6 0.444271 0.075926 0.001042 0.005556
6 0.445312 0.074537 0.001042 0.004630
8 0.465885 0.066667 0.000521 0.007407
8 0.466146 0.069444 0.001042 0.007407
7 0.465885 0.068519 0.001563 0.007407
2 0.455469 0.087500 0.009896 0.028704
1 0.464583 0.058796 0.005208 0.006481
1 0.454948 0.111111 0.006771 0.014815
2 0.457031 0.069444 0.007812 0.024074
1 0.465885 0.065741 0.003646 0.007407
1 0.486979 0.604167 0.035417 0.119444
8 0.465365 0.056481 0.001563 0.005556
0 0.443750 0.058333 0.001042 0.007407
0 0.271354 0.921296 0.022917 0.064815
0 0.450521 0.057407 0.001042 0.003704
0 0.476562 0.066667 0.001042 0.007407
0 0.347135 0.617593 0.011979 0.050000
0 0.413542 0.299074 0.005208 0.027778
0 0.479948 0.139815 0.001563 0.014815
0 0.449479 0.049537 0.001042 0.006481
0 0.009375 0.072685 0.003125 0.008333
0 0.441406 0.126852 0.001563 0.012963
0 0.444010 0.109722 0.001563 0.012037
0 0.444531 0.110648 0.001563 0.012037
0 0.379427 0.542593 0.008854 0.046296
0 0.474740 0.063889 0.000521 0.007407
0 0.015365 0.061574 0.002604 0.006481
0 0.482552 0.131944 0.001563 0.013889
0 0.496094 0.225463 0.002604 0.021296
0 0.484635 0.148148 0.001563 0.014815