4 0.016667 0.099074 0.033333 0.022222
6 0.444271 0.075926 0.002083 0.005556
6 0.444271 0.075000 0.001042 0.005556
6 0.445312 0.073611 0.001042 0.004630
8 0.465625 0.066204 0.001042 0.008333
8 0.465885 0.068519 0.000521 0.007407
7 0.465885 0.067593 0.001563 0.007407
2 0.455729 0.086111 0.009375 0.027778
1 0.464323 0.058796 0.004688 0.006481
1 0.454948 0.108796 0.006771 0.013889
2 0.457031 0.068519 0.007812 0.022222
1 0.465885 0.065278 0.003646 0.006481
1 0.487240 0.563889 0.032812 0.107407
8 0.465365 0.055556 0.001563 0.005556
0 0.443750 0.057870 0.001042 0.006481
0 0.294010 0.825926 0.019271 0.061111
0 0.450521 0.056944 0.001042 0.004630
0 0.476042 0.065741 0.001042 0.007407
0 0.357552 0.571759 0.010937 0.047222
0 0.415365 0.288889 0.005729 0.027778
0 0.479948 0.137500 0.001563 0.013889
0 0.448958 0.049074 0.001042 0.005556
0 0.013542 0.072222 0.003125 0.007407
0 0.441927 0.125000 0.001563 0.012963
0 0.444531 0.107870 0.001563 0.012037
0 0.444792 0.108796 0.002083 0.012037
0 0.386458 0.511111 0.008333 0.044444
0 0.474479 0.062963 0.001042 0.007407
0 0.018229 0.061111 0.003125 0.007407
0 0.482552 0.129630 0.001563 0.012963
0 0.495573 0.219907 0.002604 0.021296
0 0.484635 0.145370 0.001563 0.014815
4 0.016667 0.099074 0.033333 0.022222