6 0.445052 0.077778 0.002604 0.005556
6 0.445312 0.076852 0.001042 0.005556
6 0.445833 0.075463 0.001042 0.004630
8 0.467187 0.068056 0.001042 0.008333
8 0.467187 0.070370 0.001042 0.007407
7 0.467187 0.069444 0.002083 0.007407
2 0.456510 0.089815 0.009896 0.029630
1 0.465885 0.059722 0.004688 0.006481
1 0.455469 0.113889 0.006771 0.014815
2 0.457812 0.070833 0.008333 0.023148
1 0.466927 0.066667 0.003646 0.007407
1 0.486719 0.669907 0.039062 0.139815
8 0.466406 0.056944 0.001563 0.006481
0 0.444271 0.059259 0.001042 0.007407
0 0.451562 0.058333 0.001042 0.003704
0 0.477865 0.067593 0.000521 0.007407
0 0.330208 0.692130 0.014583 0.054630
0 0.411719 0.313889 0.005729 0.029630
0 0.480729 0.143519 0.002083 0.014815
0 0.450521 0.050463 0.001042 0.006481
0 0.004948 0.074537 0.003646 0.008333
0 0.441667 0.129630 0.002083 0.012963
0 0.444531 0.112037 0.001563 0.011111
0 0.445052 0.112500 0.001563 0.012037
0 0.369010 0.591667 0.009896 0.050000
0 0.476042 0.064815 0.001042 0.007407
0 0.483594 0.135648 0.001563 0.013889
0 0.497135 0.234259 0.002604 0.022222
0 0.485938 0.152315 0.002083 0.015741