6 0.457292 0.081481 0.002083 0.005556
6 0.457292 0.079630 0.001042 0.005556
6 0.458333 0.078704 0.001042 0.005556
8 0.479948 0.070370 0.000521 0.007407
8 0.479948 0.072685 0.000521 0.008333
7 0.479948 0.072222 0.001563 0.007407
2 0.468229 0.095370 0.010417 0.031481
1 0.479167 0.061574 0.004167 0.006481
1 0.466927 0.122222 0.006771 0.016667
2 0.470313 0.074537 0.008333 0.025000
1 0.479948 0.069444 0.003646 0.007407
1 0.492969 0.900000 0.053646 0.200000
8 0.479948 0.058333 0.001563 0.005556
0 0.464583 0.059722 0.001042 0.004630
0 0.491146 0.070370 0.001042 0.007407
0 0.272135 0.973611 0.024479 0.052778
0 0.415365 0.358333 0.006771 0.033333
0 0.492708 0.152315 0.002083 0.015741
0 0.464063 0.051852 0.001042 0.005556
0 0.452344 0.137037 0.001563 0.014815
0 0.455729 0.118056 0.002083 0.012037
0 0.455990 0.118981 0.001563 0.012037
0 0.341927 0.760185 0.014062 0.059259
0 0.489323 0.066667 0.000521 0.007407
0 0.496615 0.145370 0.001563 0.014815
0 0.509896 0.258796 0.003125 0.025000
0 0.498437 0.162963 0.002083 0.016667