6 0.456771 0.079630 0.002083 0.005556
6 0.456771 0.078704 0.001042 0.005556
6 0.457812 0.077315 0.001042 0.004630
8 0.479167 0.069444 0.001042 0.007407
8 0.479167 0.071759 0.001042 0.008333
7 0.479167 0.071296 0.002083 0.007407
2 0.467708 0.093056 0.010417 0.030556
1 0.478385 0.060648 0.004688 0.006481
1 0.466406 0.118981 0.006771 0.015741
2 0.469792 0.073148 0.008333 0.024074
1 0.479167 0.068519 0.004167 0.007407
1 0.493490 0.798148 0.046354 0.183333
8 0.478906 0.057870 0.001563 0.006481
0 0.463542 0.059259 0.001042 0.003704
0 0.490104 0.069444 0.001042 0.007407
0 0.304688 0.838889 0.018750 0.061111
0 0.417708 0.338889 0.006250 0.031481
0 0.492188 0.148611 0.002083 0.015741
0 0.463021 0.051389 0.001042 0.006481
0 0.452344 0.133796 0.001563 0.013889
0 0.455469 0.115278 0.001563 0.012037
0 0.455990 0.116204 0.001563 0.012037
0 0.358594 0.681019 0.011979 0.054630
0 0.488281 0.065741 0.000521 0.007407
0 0.495573 0.141204 0.001563 0.013889
0 0.508594 0.248611 0.002604 0.023148
0 0.497656 0.158796 0.001563 0.015741