6 0.456510 0.078704 0.002604 0.005556
6 0.456771 0.077778 0.001042 0.005556
6 0.457292 0.076389 0.001042 0.004630
8 0.478646 0.068519 0.001042 0.007407
8 0.478906 0.070833 0.000521 0.008333
7 0.478906 0.070370 0.001563 0.007407
2 0.467708 0.091667 0.010417 0.029630
1 0.477865 0.059722 0.004688 0.006481
1 0.466406 0.116204 0.006771 0.015741
2 0.469531 0.072222 0.007812 0.024074
1 0.478906 0.067593 0.003646 0.007407
1 0.494010 0.727315 0.042188 0.158333
8 0.478385 0.057407 0.001563 0.005556
0 0.463542 0.058333 0.001042 0.003704
0 0.489583 0.068519 0.001042 0.007407
0 0.323177 0.755556 0.016146 0.057407
0 0.419792 0.325463 0.006250 0.030556
0 0.491927 0.145370 0.001563 0.014815
0 0.462500 0.050463 0.001042 0.006481
0 0.452344 0.131481 0.001563 0.012963
0 0.455729 0.113426 0.002083 0.012037
0 0.455990 0.114352 0.001563 0.012037
0 0.368750 0.631481 0.010417 0.051852
0 0.487760 0.064815 0.000521 0.007407
0 0.495052 0.138426 0.001563 0.013889
0 0.508073 0.241204 0.002604 0.023148
0 0.497135 0.155093 0.001563 0.015741