6 0.456250 0.080556 0.002083 0.005556
6 0.456250 0.078704 0.001042 0.005556
6 0.457292 0.077778 0.001042 0.005556
8 0.478906 0.069444 0.000521 0.007407
8 0.478906 0.072222 0.000521 0.007407
7 0.478906 0.071296 0.001563 0.007407
2 0.467448 0.093981 0.009896 0.030556
1 0.478125 0.060648 0.004167 0.006481
1 0.466146 0.119907 0.007292 0.015741
2 0.469271 0.073611 0.008333 0.025000
1 0.478906 0.068519 0.003646 0.007407
1 0.493229 0.824537 0.047917 0.193519
8 0.478385 0.057870 0.001563 0.006481
0 0.463542 0.059259 0.001042 0.003704
0 0.489844 0.069444 0.000521 0.007407
0 0.297135 0.871296 0.020312 0.062963
0 0.416667 0.343519 0.006250 0.031481
0 0.491927 0.149537 0.001563 0.015741
0 0.463021 0.051389 0.001042 0.006481
0 0.451823 0.134722 0.001563 0.013889
0 0.455208 0.116204 0.002083 0.012037
0 0.455469 0.117130 0.001563 0.012037
0 0.354167 0.700000 0.012500 0.055556
0 0.488021 0.065741 0.001042 0.007407
0 0.495313 0.142593 0.002083 0.014815
0 0.508594 0.250926 0.002604 0.024074
0 0.497396 0.159722 0.002083 0.015741