6 0.456771 0.079630 0.002083 0.005556
6 0.456771 0.077778 0.001042 0.005556
6 0.457812 0.076389 0.001042 0.004630
8 0.479167 0.068981 0.001042 0.008333
8 0.479167 0.071296 0.001042 0.007407
7 0.479167 0.070370 0.002083 0.007407
2 0.467969 0.092130 0.009896 0.030556
1 0.478125 0.060648 0.004167 0.006481
1 0.466927 0.117130 0.006771 0.015741
2 0.469792 0.072222 0.008333 0.024074
1 0.478906 0.067593 0.003646 0.007407
1 0.494010 0.749537 0.043229 0.165741
8 0.478906 0.057407 0.001563 0.005556
0 0.463542 0.058796 0.001042 0.004630
0 0.490104 0.068519 0.001042 0.007407
0 0.317708 0.781018 0.016667 0.058333
0 0.419271 0.329167 0.006250 0.030556
0 0.492188 0.146759 0.002083 0.015741
0 0.463021 0.050926 0.001042 0.005556
0 0.452604 0.131944 0.002083 0.013889
0 0.455729 0.114352 0.002083 0.012037
0 0.456250 0.115278 0.002083 0.012037
0 0.365885 0.646759 0.010937 0.052778
0 0.488021 0.065278 0.001042 0.008333
0 0.495573 0.139352 0.001563 0.013889
0 0.508594 0.243056 0.002604 0.023148
0 0.497396 0.156019 0.002083 0.015741