6 0.450000 0.078704 0.002083 0.005556
6 0.450000 0.076852 0.001042 0.005556
8 0.472135 0.068056 0.000521 0.008333
8 0.472135 0.070833 0.000521 0.008333
7 0.472135 0.069444 0.001563 0.007407
2 0.461198 0.090741 0.009896 0.029630
1 0.471094 0.059722 0.004688 0.006481
1 0.460156 0.114815 0.006771 0.014815
2 0.462760 0.071296 0.007812 0.024074
1 0.472135 0.067593 0.003646 0.007407
1 0.490104 0.687963 0.039583 0.146296
8 0.471615 0.056944 0.001563 0.006481
0 0.449219 0.059259 0.001563 0.007407
0 0.456771 0.058333 0.001042 0.003704
0 0.482812 0.068056 0.001042 0.008333
0 0.329167 0.711574 0.014583 0.054630
0 0.415365 0.317593 0.005729 0.029630
0 0.485417 0.143981 0.002083 0.013889
0 0.455729 0.050463 0.001042 0.006481
0 0.012240 0.073611 0.003646 0.008333
0 0.446354 0.130093 0.002083 0.013889
0 0.449479 0.112500 0.002083 0.012037
0 0.449740 0.113426 0.001563 0.012037
0 0.370052 0.603704 0.009896 0.050000
0 0.481250 0.064815 0.001042 0.007407
0 0.488802 0.136574 0.001563 0.013889
0 0.501823 0.236574 0.002604 0.023148
0 0.490625 0.153241 0.002083 0.015741