6 0.465104 0.084259 0.002083 0.005556
6 0.465104 0.082407 0.001042 0.005556
6 0.466146 0.081019 0.001042 0.004630
8 0.488542 0.072685 0.001042 0.008333
8 0.488542 0.075463 0.001042 0.008333
7 0.488542 0.074537 0.002083 0.008333
2 0.476302 0.100463 0.010937 0.032407
1 0.488021 0.062500 0.004167 0.006481
1 0.474219 0.129630 0.007812 0.016667
2 0.478385 0.077778 0.008854 0.025926
1 0.488542 0.071296 0.004167 0.007407
8 0.488281 0.059722 0.001563 0.006481
0 0.472917 0.061574 0.001042 0.004630
0 0.500000 0.072685 0.001042 0.008333
0 0.415885 0.403241 0.007812 0.036111
0 0.501042 0.161111 0.002083 0.016667
0 0.472656 0.053241 0.000521 0.006481
0 0.458854 0.143519 0.002083 0.014815
0 0.463021 0.123148 0.002083 0.012963
0 0.463281 0.124074 0.001563 0.012963
0 0.301562 0.973611 0.020833 0.052778
0 0.498177 0.068519 0.000521 0.007407
0 0.505469 0.154167 0.001563 0.015741
0 0.519271 0.282407 0.003125 0.025926
0 0.507292 0.172222 0.002083 0.016667