6 0.464844 0.083333 0.002604 0.005556
6 0.465104 0.081481 0.001042 0.005556
6 0.465885 0.080556 0.001563 0.005556
8 0.488281 0.071759 0.000521 0.008333
8 0.488281 0.074537 0.000521 0.008333
7 0.488281 0.073611 0.001563 0.008333
2 0.476042 0.099537 0.010417 0.032407
1 0.487500 0.062500 0.004167 0.006481
1 0.473958 0.127778 0.007292 0.016667
2 0.478125 0.076852 0.008333 0.025926
1 0.488281 0.071296 0.003646 0.007407
8 0.488281 0.059259 0.001563 0.005556
0 0.472396 0.061111 0.001042 0.003704
0 0.499479 0.071759 0.001042 0.008333
0 0.417448 0.390278 0.006771 0.036111
0 0.500521 0.158796 0.002083 0.015741
0 0.472396 0.052778 0.001042 0.005556
0 0.459115 0.141667 0.001563 0.014815
0 0.463021 0.122222 0.002083 0.012963
0 0.463281 0.123148 0.001563 0.012963
0 0.315625 0.912037 0.018750 0.066667
0 0.497917 0.068056 0.001042 0.008333
0 0.504948 0.151389 0.001563 0.015741
0 0.518750 0.275926 0.003125 0.025926
0 0.506771 0.169907 0.002083 0.017593