6 0.464583 0.082870 0.002083 0.006481
6 0.465104 0.081481 0.001042 0.005556
6 0.465625 0.079630 0.001042 0.005556
8 0.488021 0.071759 0.001042 0.008333
8 0.488021 0.074537 0.001042 0.008333
7 0.488021 0.073611 0.002083 0.008333
2 0.475781 0.098611 0.010937 0.032407
1 0.487500 0.062500 0.004167 0.006481
1 0.473958 0.126852 0.007292 0.016667
2 0.478125 0.076852 0.008333 0.025926
1 0.488021 0.070833 0.004167 0.008333
1 0.496354 0.976852 0.066667 0.046296
8 0.487760 0.059259 0.001563 0.005556
0 0.472396 0.060648 0.001042 0.004630
0 0.499219 0.071759 0.000521 0.008333
0 0.418229 0.384259 0.007292 0.035185
0 0.500521 0.157870 0.002083 0.015741
0 0.471875 0.052315 0.001042 0.006481
0 0.459115 0.140741 0.001563 0.014815
0 0.462760 0.121296 0.001563 0.012963
0 0.463281 0.122222 0.001563 0.012963
0 0.322135 0.880093 0.017188 0.065741
0 0.497396 0.067593 0.001042 0.007407
0 0.504427 0.150463 0.001563 0.015741
0 0.518229 0.272685 0.003125 0.025000
0 0.506510 0.168519 0.001563 0.016667