6 0.464844 0.082407 0.002604 0.005556
6 0.465104 0.081019 0.001042 0.006481
6 0.465885 0.079630 0.001563 0.005556
8 0.488021 0.071759 0.001042 0.008333
8 0.488021 0.074537 0.001042 0.008333
7 0.488021 0.073148 0.002083 0.007407
2 0.476042 0.097685 0.010417 0.032407
1 0.487500 0.061574 0.004167 0.006481
1 0.474219 0.125926 0.006771 0.016667
2 0.478125 0.076389 0.008333 0.025000
1 0.488021 0.070370 0.004167 0.007407
1 0.496354 0.958796 0.063542 0.082407
8 0.487760 0.058796 0.001563 0.006481
0 0.472396 0.060648 0.001042 0.004630
0 0.499219 0.071759 0.000521 0.008333
0 0.419010 0.378241 0.006771 0.034259
0 0.500521 0.156481 0.002083 0.016667
0 0.472135 0.052315 0.000521 0.006481
0 0.459375 0.139815 0.002083 0.014815
0 0.463021 0.120370 0.002083 0.012963
0 0.463281 0.121296 0.001563 0.012963
0 0.328125 0.851389 0.016667 0.063889
0 0.497396 0.067593 0.001042 0.007407
0 0.504427 0.149537 0.001563 0.015741
0 0.517708 0.269907 0.003125 0.025000
0 0.506250 0.167593 0.002083 0.016667