6 0.463542 0.081481 0.002083 0.005556
6 0.464063 0.080556 0.001042 0.005556
6 0.464583 0.079167 0.001042 0.004630
8 0.486719 0.070833 0.000521 0.008333
8 0.486719 0.073611 0.000521 0.008333
7 0.486719 0.072685 0.001563 0.008333
2 0.475000 0.096296 0.010417 0.031481
1 0.485938 0.061574 0.004167 0.006481
1 0.473177 0.124074 0.006771 0.016667
2 0.477083 0.075463 0.008333 0.025000
1 0.486719 0.069907 0.003646 0.008333
1 0.496354 0.928241 0.058333 0.143519
8 0.486719 0.058796 0.001563 0.006481
0 0.471354 0.060185 0.001042 0.003704
0 0.497917 0.070833 0.001042 0.008333
0 0.419531 0.368056 0.006771 0.034259
0 0.499219 0.154167 0.001563 0.015741
0 0.470833 0.052315 0.001042 0.006481
0 0.458333 0.138426 0.002083 0.013889
0 0.461979 0.119444 0.002083 0.012963
0 0.462240 0.120370 0.001563 0.012963
0 0.337240 0.803241 0.015104 0.062037
0 0.496094 0.067130 0.000521 0.008333
0 0.503125 0.147222 0.002083 0.014815
0 0.516406 0.264352 0.002604 0.025000
0 0.504948 0.164815 0.001563 0.016667