6 0.464844 0.084259 0.002604 0.005556
6 0.465104 0.082870 0.001042 0.006481
6 0.465885 0.081481 0.001563 0.005556
8 0.488542 0.072685 0.001042 0.008333
8 0.488542 0.075463 0.001042 0.008333
7 0.488542 0.074537 0.002083 0.008333
2 0.475781 0.100926 0.010937 0.033333
1 0.488021 0.062500 0.004167 0.006481
1 0.473958 0.130556 0.007292 0.016667
2 0.478385 0.078704 0.008854 0.025926
1 0.488542 0.071759 0.004167 0.008333
8 0.488281 0.059722 0.001563 0.006481
0 0.472396 0.061574 0.001042 0.004630
0 0.500000 0.072685 0.001042 0.008333
0 0.414844 0.410185 0.007812 0.037037
0 0.501042 0.162037 0.002083 0.016667
0 0.472396 0.053241 0.001042 0.006481
0 0.458854 0.144444 0.002083 0.014815
0 0.462500 0.124074 0.002083 0.012963
0 0.463021 0.125000 0.002083 0.012963
0 0.293490 0.991667 0.022396 0.016667
0 0.498177 0.068981 0.000521 0.008333
0 0.505469 0.155093 0.001563 0.015741
0 0.519531 0.285648 0.003646 0.026852
0 0.507292 0.173611 0.002083 0.017593