6 0.463281 0.087963 0.002604 0.005556
6 0.463542 0.086111 0.001042 0.005556
6 0.464583 0.084259 0.001042 0.005556
8 0.488021 0.075463 0.001042 0.008333
8 0.488021 0.078704 0.001042 0.009259
7 0.488021 0.077315 0.002083 0.008333
2 0.474479 0.107407 0.011458 0.035185
1 0.487500 0.064352 0.004167 0.006481
1 0.472396 0.140741 0.008333 0.018519
2 0.477344 0.082870 0.008854 0.026852
1 0.488021 0.074537 0.004167 0.008333
8 0.487760 0.061574 0.001563 0.006481
0 0.471875 0.063426 0.001042 0.004630
0 0.499740 0.075926 0.000521 0.009259
0 0.403906 0.483333 0.008854 0.042593
0 0.500260 0.173148 0.002604 0.016667
0 0.471615 0.055093 0.000521 0.006481
0 0.456250 0.153241 0.002083 0.015741
0 0.460417 0.131481 0.002083 0.012963
0 0.460938 0.132407 0.002083 0.012963
0 0.497917 0.071296 0.001042 0.007407
0 0.505729 0.166667 0.002083 0.016667
0 0.521615 0.319444 0.003646 0.029630
0 0.507292 0.186111 0.002083 0.018519