6 0.464063 0.086111 0.002083 0.005556
6 0.464323 0.084722 0.001563 0.006481
6 0.465104 0.083333 0.001042 0.005556
8 0.488281 0.074537 0.000521 0.008333
8 0.488281 0.077315 0.000521 0.008333
7 0.488281 0.076389 0.001563 0.008333
2 0.475260 0.105093 0.010937 0.034259
1 0.487760 0.063889 0.003646 0.007407
1 0.473177 0.135648 0.007812 0.017593
2 0.477865 0.081019 0.008854 0.026852
1 0.488281 0.073148 0.003646 0.007407
8 0.488281 0.060648 0.001563 0.006481
0 0.472396 0.062500 0.001042 0.004630
0 0.500000 0.074537 0.001042 0.008333
0 0.409375 0.446296 0.008333 0.040741
0 0.500521 0.167593 0.002083 0.016667
0 0.472135 0.054167 0.000521 0.006481
0 0.457292 0.149074 0.002083 0.014815
0 0.461458 0.128241 0.002083 0.013889
0 0.461979 0.128704 0.002083 0.012963
0 0.498177 0.069907 0.000521 0.008333
0 0.505729 0.161111 0.002083 0.016667
0 0.520573 0.302778 0.003646 0.027778
0 0.507292 0.180093 0.002083 0.017593