6 0.463542 0.088426 0.002083 0.006481
6 0.463542 0.086574 0.001042 0.006481
6 0.464583 0.085185 0.001042 0.005556
8 0.488281 0.076389 0.000521 0.008333
8 0.488281 0.079167 0.000521 0.008333
7 0.488281 0.078241 0.001563 0.008333
2 0.474479 0.109259 0.011458 0.035185
1 0.488021 0.064815 0.004167 0.007407
1 0.472396 0.142593 0.008333 0.018519
2 0.477344 0.083333 0.008854 0.027778
1 0.488021 0.075000 0.004167 0.007407
8 0.488281 0.061574 0.001563 0.006481
0 0.471875 0.063889 0.001042 0.003704
0 0.500000 0.076389 0.001042 0.008333
0 0.401563 0.501852 0.009375 0.044444
0 0.500521 0.175463 0.002083 0.017593
0 0.471875 0.055093 0.001042 0.006481
0 0.456250 0.155093 0.002083 0.015741
0 0.460417 0.132870 0.002083 0.013889
0 0.460938 0.133796 0.002083 0.013889
0 0.498437 0.071759 0.001042 0.008333
0 0.506250 0.168981 0.002083 0.017593
0 0.522396 0.327778 0.004167 0.029630
0 0.507812 0.188889 0.002083 0.018519