6 0.464323 0.085185 0.002604 0.005556
6 0.464583 0.083796 0.001042 0.006481
6 0.465625 0.082407 0.001042 0.005556
8 0.488281 0.073611 0.000521 0.008333
8 0.488281 0.076389 0.000521 0.008333
7 0.488281 0.075463 0.001563 0.008333
2 0.475521 0.103241 0.011458 0.034259
1 0.488021 0.063426 0.004167 0.006481
1 0.473437 0.133796 0.007292 0.017593
2 0.477865 0.079630 0.008854 0.025926
1 0.488281 0.072685 0.003646 0.008333
8 0.488281 0.060185 0.001563 0.005556
0 0.472396 0.062037 0.001042 0.003704
0 0.500000 0.073611 0.001042 0.008333
0 0.411719 0.431481 0.007812 0.038889
0 0.500521 0.165741 0.002083 0.016667
0 0.472396 0.054167 0.001042 0.006481
0 0.457812 0.147222 0.002083 0.014815
0 0.461979 0.126852 0.002083 0.012963
0 0.462240 0.127778 0.001563 0.012963
0 0.498177 0.069907 0.000521 0.008333
0 0.505469 0.158796 0.001563 0.015741
0 0.520052 0.296296 0.003646 0.027778
0 0.507292 0.177315 0.002083 0.017593