6 0.463802 0.087037 0.002604 0.005556
6 0.464063 0.085185 0.001042 0.005556
6 0.465104 0.084259 0.001042 0.005556
8 0.488281 0.075000 0.000521 0.009259
8 0.488281 0.077778 0.000521 0.009259
7 0.488281 0.076852 0.001563 0.007407
2 0.475000 0.106019 0.011458 0.034259
1 0.487760 0.064352 0.003646 0.006481
1 0.472656 0.137963 0.007812 0.018519
2 0.477604 0.081944 0.009375 0.026852
1 0.488021 0.074074 0.004167 0.007407
8 0.488281 0.061111 0.001563 0.005556
0 0.472135 0.062963 0.001563 0.003704
0 0.500000 0.075463 0.001042 0.008333
0 0.406771 0.464352 0.008333 0.041667
0 0.500521 0.170370 0.002083 0.016667
0 0.471875 0.055093 0.001042 0.006481
0 0.456771 0.151389 0.002083 0.015741
0 0.460938 0.129630 0.002083 0.012963
0 0.461719 0.130556 0.001563 0.012963
0 0.498177 0.070833 0.000521 0.008333
0 0.505729 0.163889 0.002083 0.016667
0 0.521094 0.311574 0.003646 0.028704
0 0.507552 0.183333 0.001563 0.018519