6 0.506250 0.091667 0.002083 0.005556
6 0.506771 0.089815 0.001042 0.007407
6 0.507812 0.087963 0.001042 0.005556
6 0.218490 0.532407 0.021354 0.042593
8 0.532292 0.079167 0.001042 0.008333
8 0.532292 0.082407 0.001042 0.009259
7 0.532292 0.081019 0.002083 0.008333
2 0.516927 0.113426 0.011979 0.032407
1 0.532292 0.066667 0.004167 0.007407
1 0.513542 0.151852 0.009375 0.020370
2 0.520833 0.087500 0.009375 0.028704
1 0.532292 0.077315 0.004167 0.008333
8 0.532552 0.063426 0.001563 0.006481
0 0.515625 0.065278 0.001042 0.004630
0 0.544271 0.079630 0.001042 0.009259
0 0.423177 0.590741 0.009896 0.050000
0 0.542448 0.187037 0.002604 0.018519
0 0.073437 0.073611 0.003125 0.008333
0 0.515885 0.056944 0.000521 0.006481
0 0.496354 0.163426 0.002083 0.015741
0 0.501562 0.139815 0.002083 0.014815
0 0.502344 0.140741 0.001563 0.014815
0 0.542708 0.074537 0.001042 0.008333
0 0.072917 0.063889 0.003125 0.007407
0 0.061198 0.063889 0.002604 0.007407
0 0.549219 0.181481 0.002604 0.018519
0 0.498177 0.111574 0.001563 0.012037
0 0.563542 0.368519 0.005208 0.033333
0 0.550260 0.202778 0.002604 0.020370