6 0.462760 0.089352 0.002604 0.006481
6 0.463021 0.087500 0.001042 0.006481
6 0.464063 0.086111 0.001042 0.005556
6 0.208854 0.489352 0.018750 0.037963
8 0.488021 0.076852 0.001042 0.009259
8 0.488021 0.079630 0.001042 0.009259
7 0.487760 0.079167 0.001563 0.008333
2 0.474219 0.110648 0.011979 0.036111
1 0.487500 0.065278 0.004167 0.006481
1 0.471615 0.144907 0.008854 0.019444
2 0.477083 0.084722 0.009375 0.028704
1 0.488021 0.075463 0.004167 0.008333
8 0.487760 0.062037 0.001563 0.005556
0 0.471354 0.064352 0.001042 0.004630
0 0.500000 0.077315 0.001042 0.008333
0 0.398177 0.523148 0.009896 0.046296
0 0.500000 0.178241 0.002083 0.017593
0 0.471615 0.056019 0.000521 0.006481
0 0.455208 0.156944 0.002083 0.015741
0 0.459896 0.134722 0.002083 0.013889
0 0.460156 0.135648 0.001563 0.013889
0 0.498177 0.072685 0.000521 0.008333
0 0.506250 0.171759 0.002083 0.017593
0 0.522656 0.336574 0.003646 0.030556
0 0.507812 0.192130 0.002083 0.019444