6 0.477083 0.091204 0.002083 0.006481
6 0.477344 0.089352 0.001563 0.006481
6 0.478125 0.087500 0.001042 0.006481
6 0.200521 0.523611 0.020833 0.041667
8 0.502344 0.078241 0.000521 0.008333
8 0.502344 0.081481 0.000521 0.009259
7 0.502344 0.080093 0.001563 0.008333
2 0.487760 0.112963 0.011979 0.033333
1 0.502344 0.066204 0.003646 0.006481
1 0.485156 0.149537 0.008854 0.019444
2 0.491146 0.086574 0.009375 0.028704
1 0.502604 0.077315 0.004167 0.008333
8 0.502604 0.062500 0.002083 0.006481
0 0.485938 0.065278 0.001042 0.004630
0 0.034635 0.077315 0.002604 0.006481
0 0.514583 0.078704 0.001042 0.009259
0 0.403646 0.567593 0.010417 0.048148
0 0.514063 0.183796 0.002083 0.017593
0 0.028385 0.076389 0.003646 0.008333
0 0.486198 0.056481 0.000521 0.007407
0 0.468229 0.161111 0.002083 0.016667
0 0.472917 0.137963 0.002083 0.014815
0 0.473698 0.138889 0.001563 0.014815
0 0.513021 0.073611 0.001042 0.008333
0 0.027083 0.066667 0.003125 0.007407
0 0.014583 0.067130 0.003125 0.008333
0 0.520573 0.177315 0.002604 0.017593
0 0.536719 0.356019 0.004688 0.032407
0 0.521875 0.198611 0.002083 0.019444