6 0.491146 0.091204 0.002083 0.006481
6 0.491667 0.089352 0.001042 0.006481
6 0.492448 0.087963 0.001563 0.005556
6 0.208854 0.528241 0.020833 0.041667
8 0.516667 0.078704 0.001042 0.009259
8 0.516667 0.081481 0.001042 0.009259
7 0.516667 0.080093 0.002083 0.008333
2 0.501823 0.113426 0.011979 0.032407
1 0.516667 0.066204 0.004167 0.006481
1 0.498698 0.150463 0.008854 0.019444
2 0.505729 0.087500 0.009375 0.028704
1 0.516667 0.077315 0.004167 0.008333
8 0.516927 0.063426 0.001563 0.006481
0 0.500521 0.065278 0.001042 0.004630
0 0.056510 0.075926 0.002604 0.005556
0 0.413021 0.579167 0.010417 0.049074
0 0.527604 0.185185 0.002083 0.018519
0 0.050521 0.074537 0.003125 0.008333
0 0.500521 0.056944 0.001042 0.006481
0 0.481771 0.162037 0.002083 0.016667
0 0.486979 0.138889 0.002083 0.014815
0 0.487240 0.139815 0.001563 0.014815
0 0.527344 0.073611 0.000521 0.008333
0 0.049479 0.064815 0.003125 0.007407
0 0.037500 0.065741 0.003125 0.007407
0 0.534375 0.179167 0.002083 0.017593
0 0.549479 0.361574 0.005208 0.032407
0 0.535677 0.200463 0.002604 0.019444