6 0.460677 0.090278 0.002604 0.006481
6 0.460938 0.088426 0.001042 0.006481
6 0.461979 0.087037 0.001042 0.005556
6 0.195833 0.509722 0.019792 0.039815
8 0.485938 0.077315 0.001042 0.008333
8 0.485938 0.080556 0.001042 0.009259
7 0.485938 0.079167 0.002083 0.008333
2 0.471875 0.112037 0.012500 0.035185
1 0.485677 0.065741 0.003646 0.007407
1 0.469531 0.146759 0.008854 0.019444
2 0.475000 0.085648 0.009375 0.028704
1 0.485938 0.076389 0.004167 0.008333
8 0.485938 0.062500 0.002083 0.006481
0 0.469792 0.064815 0.001042 0.003704
0 0.497917 0.077778 0.001042 0.009259
0 0.394010 0.544907 0.009896 0.047222
0 0.498437 0.181019 0.002083 0.017593
0 0.469531 0.056019 0.000521 0.006481
0 0.453125 0.159722 0.002083 0.015741
0 0.457292 0.136574 0.002083 0.013889
0 0.458073 0.137500 0.001563 0.013889
0 0.496354 0.072685 0.001042 0.008333
0 0.504687 0.174537 0.002083 0.017593
0 0.521615 0.345370 0.003646 0.031481
0 0.506250 0.194907 0.002083 0.019444