6 0.643750 0.097222 0.003125 0.007407
6 0.644531 0.095370 0.001563 0.007407
6 0.645573 0.093519 0.001563 0.005556
6 0.320052 0.534722 0.020312 0.043519
8 0.673177 0.084722 0.001563 0.010185
8 0.672917 0.087963 0.002083 0.009259
7 0.672917 0.087037 0.003125 0.009259
2 0.654688 0.120833 0.015625 0.036111
1 0.673958 0.071296 0.005208 0.007407
1 0.647917 0.163889 0.011458 0.022222
2 0.659896 0.094444 0.012500 0.031481
1 0.673177 0.083333 0.005729 0.009259
8 0.674219 0.067593 0.002604 0.007407
0 0.109375 0.062963 0.002083 0.005556
0 0.136458 0.084259 0.003125 0.009259
0 0.146354 0.122222 0.004167 0.012963
0 0.655990 0.069907 0.001563 0.004630
0 0.686719 0.086111 0.001563 0.009259
0 0.520312 0.658796 0.008333 0.052778
0 0.677865 0.204630 0.004688 0.020370
0 0.656510 0.060648 0.001563 0.006481
0 0.196354 0.052315 0.002083 0.006481
0 0.628646 0.173611 0.003125 0.017593
0 0.635938 0.149074 0.003125 0.014815
0 0.636458 0.150000 0.003125 0.014815
0 0.129688 0.085185 0.003125 0.009259
0 0.685156 0.080093 0.001563 0.008333
0 0.242708 0.054630 0.002083 0.007407
0 0.686719 0.199537 0.004688 0.019444
0 0.635156 0.118519 0.002604 0.012963
0 0.692708 0.419444 0.008333 0.037037
0 0.686719 0.223148 0.004688 0.022222