6 0.565365 0.093981 0.002604 0.006481
6 0.565625 0.091667 0.001042 0.007407
6 0.566667 0.090278 0.001042 0.006481
6 0.260156 0.539352 0.021354 0.043519
8 0.592188 0.081019 0.001042 0.008333
8 0.592188 0.084259 0.001042 0.009259
7 0.592188 0.082870 0.002083 0.008333
2 0.575521 0.115278 0.013542 0.034259
1 0.592708 0.068056 0.004167 0.006481
1 0.571094 0.156944 0.009896 0.021296
2 0.580208 0.090741 0.010417 0.029630
1 0.592448 0.079630 0.004688 0.009259
8 0.592969 0.064352 0.001563 0.006481
0 0.022396 0.093981 0.004167 0.010185
0 0.037240 0.134722 0.005729 0.013889
0 0.575521 0.067130 0.001042 0.004630
0 0.464844 0.626852 0.008854 0.051852
0 0.600000 0.194444 0.003125 0.018519
0 0.576042 0.058333 0.001042 0.007407
0 0.091406 0.057870 0.002604 0.006481
0 0.553125 0.167593 0.002083 0.016667
0 0.559115 0.143519 0.002604 0.014815
0 0.559896 0.144444 0.002083 0.014815
0 0.014323 0.093981 0.004688 0.010185
0 0.603385 0.076389 0.001563 0.008333
0 0.145833 0.059259 0.002083 0.007407
0 0.607813 0.188889 0.003125 0.018519
0 0.557031 0.114352 0.001563 0.012037
0 0.618490 0.391667 0.006771 0.035185
0 0.608333 0.211111 0.003125 0.020370