4 0.038542 0.343519 0.077083 0.198148
4 0.184635 0.097222 0.092188 0.042593
4 0.275260 0.058333 0.053646 0.025926
6 0.950260 0.126852 0.005729 0.009259
6 0.951302 0.124537 0.003646 0.008333
6 0.237240 0.361111 0.013021 0.029630
6 0.206250 0.331019 0.012500 0.026852
6 0.222135 0.346296 0.013021 0.027778
6 0.194531 0.319444 0.011979 0.025926
6 0.952865 0.122685 0.003646 0.008333
6 0.497656 0.568981 0.020312 0.043519
8 0.997917 0.114352 0.004167 0.012037
8 0.997396 0.118519 0.004167 0.012963
8 0.114583 0.118519 0.008333 0.011111
7 0.997135 0.117130 0.005729 0.012037
2 0.966667 0.161574 0.031250 0.047222
7 0.142448 0.114352 0.008854 0.010185
1 0.997917 0.095833 0.004167 0.010185
1 0.951823 0.216667 0.021354 0.029630
2 0.976562 0.127315 0.026042 0.041667
1 0.996615 0.112500 0.006771 0.012037
8 0.128385 0.115741 0.008854 0.012963
2 0.016406 0.228241 0.032812 0.076852
0 0.310417 0.084259 0.002083 0.009259
0 0.970833 0.092593 0.003125 0.005556
0 0.383594 0.075926 0.001563 0.005556
0 0.717188 0.863889 0.018750 0.064815
0 0.302083 0.079167 0.002083 0.008333
0 0.996354 0.279167 0.007292 0.026852
0 0.972917 0.081019 0.003125 0.008333
0 0.458333 0.045370 0.001042 0.005556
0 0.920833 0.225000 0.008333 0.022222
0 0.933854 0.193981 0.007292 0.019444
0 0.934635 0.195833 0.006771 0.019444
0 0.402344 0.071759 0.001563 0.008333
0 0.936458 0.154167 0.006250 0.015741
0 0.301823 0.079630 0.002604 0.009259
4 0.038021 0.343056 0.076042 0.197222
4 0.184635 0.097222 0.092188 0.042593
4 0.275260 0.058333 0.053646 0.025926