4 0.006250 0.363889 0.012500 0.203704
4 0.113281 0.102778 0.102604 0.046296
4 0.211198 0.061111 0.058854 0.027778
6 0.865104 0.116204 0.005208 0.008333
6 0.865625 0.114352 0.003125 0.008333
6 0.861198 0.125926 0.003646 0.009259
6 0.185156 0.368981 0.015104 0.028704
6 0.150260 0.340741 0.014062 0.025926
6 0.168229 0.354630 0.014583 0.027778
6 0.136979 0.329630 0.013542 0.025926
6 0.867448 0.112037 0.002604 0.007407
6 0.457812 0.546296 0.019792 0.042593
8 0.905990 0.103704 0.003646 0.011111
8 0.905469 0.107870 0.003646 0.012037
8 0.035417 0.126389 0.010417 0.012037
7 0.905469 0.106481 0.004688 0.011111
2 0.878906 0.145833 0.025521 0.043519
7 0.067188 0.122222 0.010417 0.011111
1 0.908073 0.087037 0.007812 0.009259
1 0.866146 0.197685 0.017708 0.026852
2 0.887500 0.115278 0.020833 0.037963
1 0.906250 0.101852 0.008333 0.011111
8 0.908854 0.082870 0.004167 0.008333
0 0.334635 0.052778 0.001563 0.003704
0 0.351823 0.072685 0.001563 0.008333
0 0.883073 0.084259 0.002604 0.005556
0 0.925260 0.106481 0.003646 0.011111
0 0.663281 0.781944 0.015104 0.060185
0 0.904948 0.252315 0.008854 0.025000
0 0.884635 0.073611 0.002604 0.008333
0 0.403125 0.046296 0.001042 0.005556
0 0.839323 0.206481 0.005729 0.020370
0 0.850781 0.177315 0.005729 0.017593
0 0.851302 0.179167 0.005729 0.017593
0 0.346615 0.072685 0.001563 0.008333
0 0.923698 0.099074 0.003646 0.011111
0 0.440625 0.049537 0.001042 0.006481
0 0.918490 0.248148 0.008854 0.024074
0 0.852865 0.141204 0.004688 0.013889
0 0.912760 0.536574 0.017188 0.047222
0 0.916667 0.276852 0.009375 0.025926
4 0.005729 0.363426 0.011458 0.202778
4 0.113281 0.102778 0.102604 0.046296
4 0.211198 0.061111 0.058854 0.027778