1 0.311719 0.062500 0.008854 0.006481
4 0.023698 0.352315 0.047396 0.200926
4 0.151562 0.099537 0.096875 0.043519
4 0.245573 0.059259 0.055729 0.025926
6 0.908073 0.121759 0.005729 0.008333
6 0.908854 0.118981 0.003125 0.008333
6 0.903906 0.131481 0.003646 0.009259
6 0.213281 0.364352 0.014062 0.028704
6 0.180469 0.334722 0.013021 0.026852
6 0.196875 0.350000 0.013542 0.027778
6 0.167969 0.324074 0.013021 0.025926
6 0.910677 0.117130 0.003646 0.008333
6 0.478646 0.556944 0.019792 0.043519
8 0.952344 0.108796 0.003646 0.012037
8 0.951563 0.113426 0.004167 0.012037
8 0.078125 0.121759 0.009375 0.012037
7 0.951823 0.111574 0.005729 0.012037
2 0.922917 0.153241 0.028125 0.045370
7 0.107813 0.117593 0.009375 0.011111
1 0.954427 0.091667 0.008854 0.009259
1 0.909115 0.206944 0.019271 0.028704
2 0.932552 0.120833 0.023438 0.039815
1 0.952604 0.106944 0.009375 0.012037
8 0.093229 0.119444 0.009375 0.012963
8 0.955469 0.087037 0.004688 0.009259
0 0.282031 0.085185 0.002604 0.009259
0 0.365104 0.052315 0.001042 0.004630
0 0.380990 0.071759 0.001563 0.008333
0 0.927344 0.087963 0.002604 0.005556
0 0.357031 0.076389 0.001563 0.006481
0 0.973177 0.112500 0.004688 0.012037
0 0.690104 0.820833 0.016667 0.062037
0 0.951302 0.265278 0.009896 0.025000
0 0.929167 0.077315 0.003125 0.008333
0 0.432292 0.045833 0.001042 0.006481
0 0.880469 0.215278 0.006771 0.021296
0 0.892448 0.185185 0.006771 0.018519
0 0.893229 0.187037 0.006250 0.018519
0 0.376302 0.071759 0.001563 0.008333
0 0.971354 0.104167 0.004167 0.012037
0 0.469271 0.049537 0.001042 0.006481
0 0.966146 0.261574 0.010417 0.025000
0 0.895052 0.147222 0.005729 0.014815
0 0.960677 0.569907 0.020312 0.049074
0 0.964323 0.291667 0.010937 0.027778
1 0.311719 0.062500 0.008854 0.006481
4 0.023177 0.351852 0.046354 0.200000
4 0.151562 0.099537 0.096875 0.043519
4 0.245573 0.059259 0.055729 0.025926