4 0.030990 0.073148 0.061979 0.033333
6 0.698698 0.100926 0.003646 0.007407
6 0.699219 0.098611 0.001563 0.006481
6 0.700521 0.096759 0.002083 0.006481
6 0.358854 0.532407 0.019792 0.042593
8 0.729688 0.088426 0.002083 0.010185
8 0.729688 0.092130 0.002083 0.010185
7 0.729688 0.090741 0.003125 0.009259
2 0.709635 0.125463 0.017188 0.037963
1 0.730990 0.074074 0.005729 0.007407
1 0.701563 0.169907 0.012500 0.023148
2 0.715625 0.098611 0.014583 0.032407
1 0.729948 0.087037 0.005729 0.009259
8 0.731510 0.070370 0.002604 0.007407
0 0.201823 0.080093 0.002604 0.008333
0 0.209896 0.116667 0.004167 0.012963
0 0.711719 0.072222 0.001563 0.005556
0 0.744531 0.089815 0.002604 0.009259
0 0.557292 0.681481 0.010417 0.053704
0 0.732813 0.213889 0.005208 0.020370
0 0.712760 0.062963 0.001563 0.007407
0 0.258073 0.050000 0.001563 0.005556
0 0.680990 0.180093 0.003646 0.017593
0 0.688802 0.154167 0.003646 0.015741
0 0.689583 0.155093 0.003125 0.015741
0 0.195833 0.080093 0.003125 0.008333
0 0.742969 0.083333 0.002604 0.009259
0 0.300781 0.052315 0.001563 0.006481
0 0.742188 0.208333 0.005208 0.020370
0 0.689062 0.122222 0.003125 0.012963
0 0.744792 0.441667 0.010417 0.038889
0 0.741927 0.233333 0.005729 0.022222
4 0.030990 0.073148 0.061979 0.033333