1 0.175260 0.071759 0.014062 0.006481
4 0.195833 0.304167 0.066667 0.182407
4 0.348437 0.087500 0.075000 0.036111
4 0.428906 0.054630 0.046354 0.022222
6 0.367188 0.349074 0.010417 0.029630
6 0.343490 0.313889 0.008854 0.025926
6 0.355208 0.331481 0.009375 0.027778
6 0.334635 0.301389 0.008854 0.025000
6 0.187760 0.097685 0.002604 0.006481
6 0.185156 0.093056 0.002604 0.006481
6 0.609375 0.640741 0.026042 0.046296
6 0.196615 0.103241 0.005729 0.008333
6 0.202083 0.104167 0.005208 0.008333
6 0.186458 0.095833 0.002083 0.006481
2 0.173177 0.131944 0.022396 0.043519
8 0.289583 0.104167 0.006250 0.010185
1 0.159115 0.156019 0.011979 0.017593
7 0.312240 0.101852 0.006771 0.009259
2 0.144792 0.078704 0.022917 0.025926
7 0.171615 0.211111 0.008854 0.022222
8 0.300781 0.102778 0.006771 0.011111
2 0.197135 0.196759 0.032812 0.065741
0 0.457552 0.080556 0.001563 0.009259
0 0.538021 0.051389 0.001042 0.004630
0 0.167448 0.110648 0.003646 0.012037
0 0.183073 0.107870 0.003646 0.012037
0 0.180469 0.191204 0.005729 0.019444
0 0.130990 0.106019 0.003646 0.012037
0 0.125000 0.065741 0.002083 0.007407
0 0.026302 0.076389 0.002604 0.006481
0 0.127344 0.069444 0.002604 0.007407
0 0.528385 0.075000 0.001563 0.005556
0 0.451302 0.075463 0.001563 0.008333
0 0.129688 0.079167 0.003125 0.008333
0 0.605469 0.047222 0.001563 0.005556
0 0.130208 0.084259 0.003125 0.009259
0 0.546354 0.071759 0.001042 0.008333
0 0.643490 0.052315 0.001563 0.006481
0 0.450521 0.075926 0.001042 0.009259
1 0.175521 0.071759 0.013542 0.006481
4 0.195573 0.304167 0.066146 0.182407
4 0.348437 0.087500 0.075000 0.036111
4 0.428906 0.054630 0.046354 0.022222