1 0.238542 0.063426 0.006250 0.006481
1 0.624740 0.070370 0.007812 0.007407
1 0.379687 0.063426 0.010417 0.006481
4 0.364583 0.294907 0.038542 0.184259
4 0.529688 0.087037 0.070833 0.033333
4 0.613281 0.056481 0.049479 0.022222
6 0.076042 0.122685 0.005208 0.010185
6 0.519010 0.374537 0.008854 0.032407
6 0.499219 0.329167 0.006771 0.028704
6 0.509115 0.351389 0.007812 0.030556
6 0.492188 0.312963 0.006250 0.025926
6 0.386719 0.088426 0.001563 0.006481
6 0.384896 0.084259 0.001042 0.005556
6 0.091406 0.114815 0.007812 0.007407
6 0.793750 0.879630 0.043750 0.053704
6 0.392969 0.093981 0.003646 0.008333
6 0.397396 0.094907 0.004167 0.008333
6 0.385677 0.086111 0.001563 0.005556
2 0.369792 0.119444 0.014583 0.038889
8 0.472656 0.100000 0.004688 0.009259
1 0.355729 0.142130 0.008333 0.015741
7 0.493490 0.099074 0.005729 0.009259
2 0.354688 0.068981 0.016667 0.023148
7 0.358594 0.198148 0.005729 0.020370
2 0.177604 0.058333 0.017708 0.020370
8 0.482812 0.099074 0.005208 0.011111
2 0.380469 0.184722 0.022396 0.062037
0 0.639583 0.086111 0.002083 0.009259
0 0.734115 0.057407 0.001563 0.005556
0 0.747135 0.081481 0.002604 0.009259
0 0.369010 0.099074 0.001563 0.011111
0 0.381250 0.097222 0.002083 0.011111
0 0.365625 0.177315 0.003125 0.017593
0 0.340625 0.093056 0.002083 0.010185
0 0.340885 0.056019 0.001563 0.006481
0 0.117188 0.081481 0.003125 0.009259
0 0.342708 0.060185 0.001042 0.007407
0 0.721354 0.083796 0.002083 0.006481
0 0.879427 0.076389 0.002604 0.006481
0 0.634635 0.080093 0.001563 0.008333
0 0.342969 0.068519 0.001563 0.007407
0 0.873438 0.074537 0.003125 0.008333
0 0.849479 0.075926 0.003125 0.009259
0 0.817708 0.056019 0.002083 0.006481
0 0.342708 0.073611 0.002083 0.008333
0 0.741667 0.081019 0.002083 0.008333
0 0.713281 0.082407 0.002604 0.009259
0 0.880729 0.064815 0.003125 0.007407
0 0.633073 0.080093 0.001563 0.008333
0 0.646354 0.092130 0.002083 0.010185
0 0.584115 0.088889 0.001563 0.009259
1 0.238542 0.063426 0.006250 0.006481
1 0.624740 0.070370 0.007812 0.007407
1 0.379687 0.063426 0.010417 0.006481
4 0.364062 0.294444 0.038542 0.183333
4 0.529688 0.087037 0.070833 0.033333
4 0.613281 0.056481 0.049479 0.022222