1 0.037760 0.075463 0.008854 0.008333
1 0.519531 0.060185 0.007812 0.005556
1 0.473958 0.067130 0.007292 0.006481
1 0.215885 0.069444 0.013021 0.007407
4 0.229427 0.299074 0.059896 0.181481
4 0.381771 0.087037 0.072917 0.035185
4 0.461979 0.054167 0.045833 0.023148
6 0.394792 0.349537 0.009375 0.028704
6 0.371875 0.313426 0.008333 0.026852
6 0.383594 0.331481 0.008854 0.027778
6 0.363802 0.300463 0.007812 0.025000
6 0.227083 0.094907 0.002083 0.006481
6 0.224479 0.090278 0.002083 0.006481
6 0.636719 0.665278 0.027604 0.047222
6 0.235417 0.100463 0.005208 0.008333
6 0.226042 0.093056 0.002083 0.006481
2 0.212240 0.128241 0.020312 0.041667
8 0.324219 0.102315 0.005729 0.010185
1 0.198437 0.151852 0.011458 0.016667
7 0.346094 0.100463 0.006771 0.010185
2 0.187240 0.075926 0.021354 0.025926
7 0.208854 0.206019 0.008333 0.021296
8 0.335156 0.100926 0.005729 0.011111
2 0.233333 0.192593 0.030208 0.064815
0 0.489323 0.080556 0.001563 0.009259
0 0.207552 0.107407 0.002604 0.011111
0 0.222396 0.104630 0.003125 0.011111
0 0.217187 0.187037 0.005208 0.018519
0 0.173438 0.102778 0.003125 0.011111
0 0.168750 0.062963 0.002083 0.007407
0 0.077604 0.072222 0.002083 0.005556
0 0.171354 0.067130 0.002083 0.008333
0 0.560938 0.075926 0.001042 0.005556
0 0.483594 0.075463 0.001563 0.008333
0 0.172917 0.076389 0.002083 0.008333
0 0.640104 0.048148 0.001042 0.005556
0 0.173438 0.081481 0.003125 0.009259
0 0.579167 0.072685 0.001042 0.008333
0 0.553646 0.075000 0.001042 0.009259
0 0.679167 0.053241 0.001042 0.006481
0 0.482812 0.075926 0.001042 0.009259
1 0.519531 0.060185 0.007812 0.005556
1 0.037760 0.075463 0.008854 0.008333
1 0.473958 0.067130 0.007292 0.006481
1 0.216146 0.069444 0.012500 0.007407
4 0.228906 0.298611 0.059896 0.180556
4 0.381771 0.087037 0.072917 0.035185
4 0.461979 0.054167 0.045833 0.023148