1 0.160156 0.067593 0.006771 0.007407
1 0.559115 0.068519 0.007812 0.007407
1 0.313021 0.065278 0.011458 0.006481
4 0.309635 0.293056 0.046354 0.180556
4 0.466406 0.086111 0.070312 0.033333
4 0.547396 0.054630 0.046875 0.022222
6 0.465625 0.358796 0.008333 0.030556
6 0.444792 0.318056 0.007292 0.026852
6 0.455208 0.338426 0.007292 0.028704
6 0.437240 0.303704 0.006771 0.025926
6 0.321354 0.090278 0.002083 0.006481
6 0.319531 0.085648 0.001563 0.006481
6 0.717969 0.761111 0.034896 0.050000
6 0.328646 0.095833 0.004167 0.008333
6 0.320573 0.087963 0.001563 0.005556
2 0.305729 0.121759 0.016667 0.039815
8 0.410417 0.100000 0.005208 0.009259
1 0.291927 0.143981 0.009896 0.015741
7 0.431250 0.098611 0.005208 0.010185
2 0.286979 0.071296 0.017708 0.024074
7 0.297656 0.199074 0.006771 0.020370
8 0.420833 0.098611 0.005208 0.010185
2 0.320312 0.185648 0.025000 0.062037
0 0.573698 0.082407 0.001563 0.009259
0 0.660937 0.054167 0.001042 0.004630
0 0.673698 0.076852 0.001563 0.009259
0 0.303385 0.100926 0.002604 0.011111
0 0.316406 0.099074 0.002604 0.011111
0 0.305208 0.179167 0.004167 0.017593
0 0.273177 0.095833 0.002604 0.010185
0 0.271615 0.058333 0.001563 0.007407
0 0.194010 0.065741 0.001563 0.005556
0 0.273698 0.062037 0.001563 0.007407
0 0.649479 0.079167 0.002083 0.006481
0 0.568490 0.077315 0.001563 0.008333
0 0.274479 0.070833 0.002083 0.008333
0 0.785937 0.068056 0.002083 0.008333
0 0.736198 0.051389 0.001563 0.006481
0 0.274479 0.075926 0.002083 0.009259
0 0.668750 0.076389 0.002083 0.008333
0 0.641927 0.078241 0.001563 0.008333
0 0.779948 0.057870 0.001563 0.006481
0 0.567448 0.077315 0.001563 0.008333
0 0.579427 0.088889 0.001563 0.009259
1 0.160156 0.067593 0.006771 0.007407
1 0.559115 0.068519 0.007812 0.007407
1 0.313021 0.065278 0.011458 0.006481
4 0.309375 0.293056 0.045833 0.180556
4 0.466406 0.086111 0.070312 0.033333
4 0.547396 0.054630 0.046875 0.022222