1 0.256771 0.062963 0.006250 0.007407
1 0.692187 0.065278 0.009375 0.006481
1 0.641667 0.071296 0.008333 0.007407
1 0.395573 0.063426 0.009896 0.006481
4 0.376823 0.297222 0.038021 0.187037
4 0.545573 0.087500 0.071354 0.032407
4 0.630208 0.057407 0.050000 0.022222
6 0.532552 0.380556 0.008854 0.033333
6 0.512760 0.333796 0.006771 0.028704
6 0.522656 0.356944 0.007812 0.030556
6 0.505729 0.317130 0.006250 0.026852
6 0.402344 0.087963 0.001563 0.005556
6 0.112500 0.112963 0.007292 0.007407
6 0.817969 0.925926 0.047396 0.055556
6 0.408594 0.093981 0.003646 0.008333
6 0.412760 0.094907 0.003646 0.008333
6 0.401302 0.086111 0.001563 0.005556
2 0.384896 0.118981 0.014583 0.039815
8 0.487760 0.100926 0.004688 0.009259
1 0.370833 0.142130 0.008333 0.015741
7 0.508594 0.099537 0.005729 0.010185
2 0.370573 0.068981 0.016146 0.023148
7 0.372917 0.199074 0.005208 0.020370
2 0.197135 0.057870 0.017188 0.019444
8 0.498177 0.099537 0.004688 0.010185
2 0.394792 0.185648 0.021875 0.062037
0 0.656250 0.087037 0.002083 0.009259
0 0.766406 0.083333 0.002604 0.009259
0 0.384635 0.098611 0.001563 0.010185
0 0.396615 0.097222 0.001563 0.011111
0 0.379687 0.177315 0.003125 0.017593
0 0.356510 0.093056 0.001563 0.010185
0 0.357292 0.056019 0.001042 0.006481
0 0.138021 0.080093 0.003125 0.008333
0 0.359115 0.059722 0.001563 0.006481
0 0.740365 0.085648 0.002604 0.006481
0 0.903906 0.078241 0.002604 0.006481
0 0.651823 0.081481 0.001563 0.009259
0 0.359375 0.068519 0.001042 0.007407
0 0.897396 0.076389 0.003125 0.008333
0 0.872396 0.077778 0.003125 0.009259
0 0.839583 0.056944 0.002083 0.006481
0 0.359115 0.073611 0.001563 0.008333
0 0.761198 0.082407 0.002604 0.009259
0 0.732031 0.084259 0.002604 0.009259
0 0.905208 0.066667 0.003125 0.007407
0 0.650000 0.081019 0.002083 0.008333
0 0.663542 0.093981 0.002083 0.010185
0 0.600521 0.089815 0.002083 0.009259
1 0.692187 0.065741 0.009375 0.007407
1 0.256771 0.062963 0.006250 0.007407
1 0.641667 0.071296 0.008333 0.007407
1 0.395573 0.063426 0.009896 0.006481
4 0.376302 0.296759 0.038021 0.186111
4 0.545573 0.087500 0.071354 0.032407
4 0.630208 0.057407 0.050000 0.022222