1 0.320833 0.061574 0.005208 0.006481
1 0.710417 0.075926 0.009375 0.007407
1 0.454948 0.063889 0.009896 0.007407
4 0.420573 0.318056 0.038021 0.206481
4 0.608073 0.091667 0.076563 0.033333
4 0.697917 0.060648 0.055208 0.023148
4 0.909896 0.115278 0.094792 0.045370
6 0.169531 0.115741 0.004688 0.009259
6 0.589063 0.424537 0.010417 0.037963
6 0.567969 0.366667 0.007812 0.031481
6 0.578385 0.394907 0.008854 0.034259
6 0.560417 0.346296 0.007292 0.029630
6 0.458854 0.084259 0.001042 0.005556
6 0.183594 0.107870 0.006771 0.006481
6 0.466406 0.095833 0.003646 0.008333
6 0.470573 0.096296 0.003646 0.009259
6 0.459635 0.087037 0.001563 0.005556
2 0.441406 0.120833 0.013021 0.039815
8 0.546875 0.104167 0.005208 0.010185
1 0.426562 0.145833 0.008333 0.015741
7 0.568490 0.103241 0.006771 0.010185
2 0.430208 0.068981 0.015625 0.023148
7 0.425521 0.208333 0.005208 0.022222
2 0.265625 0.055556 0.015625 0.018519
8 0.557813 0.103241 0.005208 0.010185
2 0.448177 0.192593 0.020312 0.064815
0 0.725781 0.093056 0.002604 0.010185
0 0.834375 0.063889 0.002083 0.005556
0 0.849479 0.091204 0.003125 0.010185
0 0.442969 0.100000 0.001563 0.011111
0 0.454427 0.098148 0.001563 0.011111
0 0.431510 0.183333 0.002604 0.018519
0 0.414844 0.093981 0.001563 0.010185
0 0.417188 0.056019 0.001042 0.006481
0 0.419271 0.059259 0.001042 0.007407
0 0.820833 0.093056 0.003125 0.006481
0 0.721615 0.087037 0.002604 0.009259
0 0.419010 0.068056 0.001563 0.008333
0 0.973177 0.087500 0.003646 0.010185
0 0.933854 0.063889 0.003125 0.007407
0 0.417969 0.073611 0.001563 0.008333
0 0.843229 0.090278 0.003125 0.010185
0 0.811979 0.091204 0.003125 0.010185
0 0.719010 0.086574 0.002604 0.010185
0 0.836198 0.062037 0.002604 0.007407
0 0.666927 0.094907 0.002604 0.010185
1 0.320833 0.061574 0.005208 0.006481
1 0.710417 0.075926 0.009375 0.007407
1 0.454948 0.063889 0.009896 0.007407
4 0.420052 0.317593 0.038021 0.205556
4 0.608073 0.091667 0.076563 0.033333
4 0.697917 0.060648 0.055208 0.023148
4 0.909896 0.115278 0.094792 0.045370