1 0.304427 0.061574 0.005729 0.006481
1 0.689844 0.074074 0.008854 0.007407
1 0.438802 0.062963 0.009896 0.007407
4 0.410156 0.305556 0.036979 0.194444
4 0.589844 0.089352 0.074479 0.032407
4 0.678125 0.059259 0.053125 0.022222
6 0.571354 0.401852 0.009375 0.035185
6 0.551042 0.349537 0.007292 0.030556
6 0.560938 0.375463 0.008333 0.032407
6 0.544010 0.331019 0.006771 0.028704
6 0.444531 0.088426 0.001563 0.006481
6 0.166927 0.108796 0.006771 0.006481
6 0.450781 0.093981 0.003646 0.008333
6 0.454948 0.094907 0.003646 0.008333
6 0.444010 0.086111 0.001563 0.005556
2 0.426562 0.119444 0.013542 0.038889
8 0.530208 0.102315 0.005208 0.010185
1 0.411979 0.143056 0.008333 0.015741
7 0.551562 0.101389 0.006250 0.010185
2 0.414323 0.068056 0.015104 0.023148
7 0.411979 0.202315 0.005208 0.021296
2 0.248177 0.056019 0.016146 0.019444
8 0.540885 0.101389 0.004688 0.010185
8 0.466146 0.500000 0.142708 1.000000
2 0.434375 0.187963 0.020833 0.062963
0 0.704948 0.090741 0.002604 0.009259
0 0.809635 0.061574 0.001563 0.004630
0 0.823958 0.087963 0.003125 0.009259
0 0.427344 0.098611 0.001563 0.010185
0 0.438802 0.097222 0.001563 0.011111
0 0.418490 0.179167 0.002604 0.017593
0 0.399219 0.092593 0.001563 0.009259
0 0.401563 0.055093 0.001042 0.006481
0 0.403125 0.059259 0.001042 0.007407
0 0.796094 0.090278 0.002604 0.006481
0 0.977083 0.084722 0.003125 0.006481
0 0.700781 0.084259 0.002604 0.009259
0 0.983333 0.091204 0.003125 0.006481
0 0.403125 0.067593 0.001042 0.007407
0 0.969531 0.083333 0.003646 0.009259
0 0.941406 0.084259 0.003646 0.009259
0 0.904427 0.061574 0.002604 0.006481
0 0.402344 0.072685 0.001563 0.008333
0 0.817969 0.087500 0.002604 0.010185
0 0.787240 0.088426 0.002604 0.010185
0 0.978906 0.071759 0.003646 0.008333
0 0.698438 0.084259 0.002083 0.009259
0 0.713542 0.097685 0.003125 0.010185
0 0.647135 0.093056 0.002604 0.010185
1 0.304427 0.061574 0.005729 0.006481
1 0.689844 0.074074 0.008854 0.007407
1 0.438802 0.062963 0.009896 0.007407
4 0.409896 0.304630 0.037500 0.194444
4 0.589844 0.089352 0.074479 0.032407
4 0.678125 0.059259 0.053125 0.022222