1 0.289844 0.061574 0.005729 0.006481
1 0.674740 0.073148 0.008854 0.007407
1 0.425781 0.062963 0.009896 0.007407
4 0.400000 0.302315 0.037500 0.191667
4 0.576042 0.089352 0.073958 0.032407
4 0.663021 0.058333 0.052083 0.022222
6 0.558854 0.394444 0.009375 0.035185
6 0.539062 0.344444 0.007292 0.029630
6 0.548958 0.368981 0.008333 0.032407
6 0.532031 0.325926 0.006771 0.027778
6 0.431510 0.087963 0.001563 0.005556
6 0.429948 0.083333 0.001563 0.005556
6 0.150521 0.109722 0.007292 0.006481
6 0.437760 0.093981 0.003646 0.008333
6 0.441927 0.094907 0.003646 0.008333
6 0.430729 0.086111 0.001042 0.005556
2 0.413542 0.119444 0.013542 0.038889
8 0.516927 0.101852 0.004688 0.009259
1 0.399479 0.142130 0.008333 0.015741
7 0.538021 0.100926 0.006250 0.009259
2 0.401042 0.068519 0.015625 0.024074
7 0.400000 0.200926 0.005208 0.020370
2 0.232812 0.056019 0.016667 0.019444
8 0.527604 0.100463 0.005208 0.010185
2 0.422135 0.187037 0.021354 0.062963
0 0.689583 0.089352 0.002083 0.010185
0 0.791667 0.060648 0.002083 0.004630
0 0.805469 0.086574 0.002604 0.010185
0 0.414323 0.098611 0.001563 0.010185
0 0.425781 0.097222 0.001563 0.011111
0 0.406771 0.178241 0.003125 0.017593
0 0.386198 0.092593 0.001563 0.009259
0 0.388021 0.055556 0.001042 0.007407
0 0.389583 0.059259 0.001042 0.007407
0 0.778125 0.088426 0.002083 0.006481
0 0.953125 0.082870 0.003125 0.006481
0 0.685417 0.083333 0.002083 0.009259
0 0.959375 0.088889 0.003125 0.007407
0 0.389583 0.068056 0.001042 0.008333
0 0.946094 0.080556 0.003646 0.009259
0 0.919010 0.081944 0.003646 0.008333
0 0.883594 0.060185 0.002604 0.007407
0 0.389323 0.072685 0.001563 0.008333
0 0.799740 0.086111 0.002604 0.009259
0 0.769531 0.087037 0.002604 0.009259
0 0.954948 0.069907 0.003646 0.008333
0 0.683333 0.083333 0.002083 0.009259
0 0.697656 0.096296 0.002604 0.011111
0 0.632292 0.091667 0.002083 0.009259
1 0.289844 0.061574 0.005729 0.006481
1 0.674740 0.073148 0.008854 0.007407
1 0.425781 0.062963 0.009896 0.007407
4 0.399479 0.301852 0.037500 0.190741
4 0.576042 0.089352 0.073958 0.032407
4 0.663021 0.058333 0.052083 0.022222