1 0.320052 0.061574 0.005729 0.006481
1 0.711979 0.076389 0.009375 0.008333
1 0.454948 0.063889 0.009896 0.007407
4 0.417708 0.327778 0.039583 0.214815
4 0.608854 0.092593 0.077083 0.033333
4 0.699479 0.061111 0.055208 0.022222
4 0.914583 0.116667 0.096875 0.044444
6 0.592188 0.439815 0.010417 0.038889
6 0.569792 0.377778 0.008333 0.033333
6 0.580729 0.408333 0.009375 0.035185
6 0.562240 0.356019 0.007812 0.030556
6 0.460156 0.089815 0.001563 0.005556
6 0.458594 0.085185 0.001563 0.005556
6 0.180990 0.109722 0.006771 0.006481
6 0.466406 0.096296 0.003646 0.009259
6 0.470573 0.097222 0.003646 0.009259
6 0.459375 0.087963 0.001042 0.005556
2 0.440885 0.121759 0.013021 0.039815
8 0.547396 0.105093 0.005208 0.010185
1 0.425781 0.147685 0.007812 0.015741
7 0.569271 0.104630 0.006250 0.011111
2 0.429688 0.069444 0.015625 0.024074
7 0.424479 0.212963 0.005208 0.022222
2 0.264323 0.056019 0.016146 0.019444
8 0.558333 0.104167 0.005208 0.010185
2 0.447396 0.196296 0.020833 0.064815
0 0.491927 0.101389 0.001563 0.006481
0 0.727344 0.093981 0.002604 0.010185
0 0.836458 0.064352 0.002083 0.004630
0 0.851823 0.092130 0.003646 0.010185
0 0.442448 0.100926 0.001563 0.011111
0 0.454167 0.099074 0.001042 0.011111
0 0.429688 0.186111 0.003125 0.018519
0 0.413802 0.094907 0.001563 0.010185
0 0.416667 0.056019 0.001042 0.006481
0 0.883073 0.090741 0.003646 0.009259
0 0.418750 0.059722 0.001042 0.006481
0 0.823698 0.093981 0.002604 0.006481
0 0.723698 0.087500 0.002604 0.010185
0 0.418750 0.068519 0.001042 0.007407
0 0.976562 0.088426 0.004167 0.010185
0 0.936719 0.064815 0.002604 0.007407
0 0.417448 0.073611 0.001563 0.008333
0 0.845833 0.091204 0.003125 0.010185
0 0.814844 0.092130 0.003646 0.010185
0 0.720833 0.087037 0.002083 0.009259
0 0.838281 0.062963 0.002604 0.007407
0 0.668750 0.095833 0.002083 0.010185
1 0.320052 0.061574 0.005729 0.006481
1 0.711979 0.076389 0.009375 0.008333
1 0.454948 0.063889 0.009896 0.007407
4 0.417188 0.326852 0.039583 0.214815
4 0.608854 0.092593 0.077083 0.033333
4 0.699479 0.061111 0.055208 0.022222
4 0.914583 0.116667 0.096875 0.044444