1 0.326823 0.062963 0.005729 0.007407
1 0.728385 0.079167 0.009896 0.008333
1 0.463802 0.065741 0.009896 0.007407
4 0.415104 0.366667 0.045833 0.251852
4 0.622656 0.096296 0.080729 0.033333
4 0.715104 0.063426 0.057292 0.023148
4 0.946094 0.123611 0.106771 0.049074
6 0.613281 0.503704 0.013021 0.046296
6 0.586719 0.424537 0.009896 0.037963
6 0.599479 0.462500 0.011458 0.041667
6 0.577344 0.397222 0.008854 0.035185
6 0.468750 0.093056 0.001042 0.006481
6 0.467448 0.087963 0.001563 0.005556
6 0.183073 0.112500 0.006771 0.006481
6 0.474740 0.099537 0.003646 0.008333
6 0.479427 0.100463 0.003646 0.008333
6 0.467969 0.090278 0.001563 0.006481
2 0.447917 0.126852 0.013542 0.044444
8 0.558854 0.108796 0.005208 0.010185
1 0.431771 0.155556 0.008333 0.016667
7 0.581510 0.108796 0.006771 0.010185
2 0.438021 0.071296 0.015625 0.024074
7 0.428385 0.231481 0.005729 0.024074
2 0.271094 0.056944 0.016146 0.019444
8 0.570052 0.108333 0.005729 0.011111
2 0.453385 0.209259 0.021354 0.070370
0 0.500260 0.105093 0.001563 0.006481
0 0.744531 0.098148 0.002604 0.011111
0 0.857292 0.066667 0.002083 0.005556
0 0.874740 0.096296 0.003646 0.011111
0 0.451302 0.104630 0.001563 0.011111
0 0.462240 0.102778 0.001563 0.011111
0 0.890885 0.147685 0.005729 0.015741
0 0.432292 0.197685 0.003125 0.019444
0 0.421094 0.097685 0.001563 0.010185
0 0.424479 0.056944 0.001042 0.006481
0 0.907552 0.094907 0.003646 0.010185
0 0.427083 0.061111 0.001042 0.007407
0 0.847396 0.098148 0.003125 0.007407
0 0.741927 0.091204 0.002604 0.010185
0 0.426562 0.070370 0.001042 0.007407
0 0.942187 0.093981 0.004167 0.010185
0 0.963021 0.067593 0.003125 0.007407
0 0.425260 0.075926 0.001563 0.009259
0 0.869010 0.095833 0.003646 0.010185
0 0.838281 0.096296 0.003646 0.011111
0 0.359115 0.177315 0.003646 0.012037
0 0.737760 0.090278 0.002604 0.010185
0 0.858333 0.065278 0.002083 0.008333
0 0.758333 0.106019 0.003125 0.012037
0 0.915104 0.101852 0.004167 0.011111
0 0.685677 0.099537 0.002604 0.010185
1 0.326823 0.062963 0.005729 0.007407
1 0.728385 0.079167 0.009896 0.008333
1 0.463802 0.065741 0.009896 0.007407
4 0.415104 0.365741 0.045833 0.251852
4 0.622656 0.096296 0.080729 0.033333
4 0.715104 0.063426 0.057292 0.023148
4 0.946094 0.123611 0.106771 0.049074