1 0.347135 0.062963 0.005729 0.007407
1 0.816406 0.076852 0.011979 0.007407
1 0.756250 0.082407 0.010417 0.009259
1 0.483854 0.066667 0.010417 0.007407
4 0.427344 0.393056 0.052604 0.278704
4 0.646615 0.099537 0.083854 0.034259
4 0.741927 0.065278 0.059896 0.023148
4 0.966146 0.131019 0.067708 0.052778
6 0.640885 0.554167 0.015104 0.052778
6 0.610677 0.459722 0.010937 0.041667
6 0.625260 0.505556 0.013021 0.046296
6 0.600781 0.428241 0.009896 0.037963
6 0.487240 0.089352 0.001563 0.006481
6 0.202865 0.112500 0.006771 0.006481
6 0.494792 0.101389 0.004167 0.008333
6 0.499219 0.102315 0.003646 0.008333
6 0.488021 0.092130 0.001042 0.006481
2 0.466927 0.130093 0.013021 0.043519
8 0.580469 0.112500 0.005729 0.010185
1 0.450000 0.160648 0.008333 0.017593
7 0.603646 0.112037 0.007292 0.011111
2 0.457812 0.072222 0.015625 0.024074
7 0.444792 0.242593 0.006250 0.025926
2 0.292188 0.056944 0.015625 0.019444
8 0.591927 0.111111 0.005729 0.011111
2 0.470833 0.217593 0.021875 0.072222
0 0.519531 0.107407 0.001563 0.007407
0 0.772917 0.101852 0.003125 0.011111
0 0.910937 0.100926 0.004167 0.011111
0 0.470573 0.106481 0.001563 0.011111
0 0.482031 0.104630 0.001563 0.011111
0 0.932813 0.156019 0.006250 0.015741
0 0.447656 0.204167 0.002604 0.019444
0 0.440365 0.099537 0.001563 0.010185
0 0.444271 0.057870 0.001042 0.006481
0 0.946354 0.100000 0.004167 0.011111
0 0.446875 0.062037 0.001042 0.007407
0 0.882812 0.102778 0.003125 0.007407
0 0.770573 0.094907 0.002604 0.010185
0 0.446354 0.070833 0.001042 0.008333
0 0.983594 0.099537 0.004688 0.010185
0 0.445052 0.076852 0.001563 0.009259
0 0.904688 0.100463 0.004167 0.010185
0 0.873438 0.100926 0.004167 0.011111
0 0.376042 0.181944 0.003125 0.012037
0 0.766146 0.093981 0.003125 0.010185
0 0.789062 0.110648 0.003125 0.012037
0 0.955990 0.107870 0.004688 0.012037
0 0.712760 0.103241 0.002604 0.010185
1 0.816406 0.076852 0.011979 0.007407
1 0.347135 0.062963 0.005729 0.007407
1 0.756250 0.082407 0.010417 0.009259
1 0.483854 0.066667 0.010417 0.007407
4 0.426823 0.391667 0.052604 0.277778
4 0.646615 0.099537 0.083854 0.034259
4 0.741927 0.065278 0.059896 0.023148
4 0.966146 0.131019 0.067708 0.052778