1 0.319531 0.062963 0.005729 0.007407
1 0.719271 0.078241 0.009375 0.008333
1 0.456250 0.065741 0.010417 0.007407
4 0.410417 0.361574 0.044792 0.247222
4 0.614323 0.095833 0.079687 0.034259
4 0.705990 0.062500 0.056771 0.023148
4 0.931771 0.121296 0.103125 0.048148
6 0.159115 0.120833 0.004688 0.010185
6 0.604948 0.492130 0.013021 0.045370
6 0.578906 0.416667 0.009896 0.037037
6 0.591406 0.453704 0.010937 0.040741
6 0.570052 0.390278 0.008854 0.034259
6 0.461458 0.092593 0.001042 0.005556
6 0.460156 0.087500 0.001563 0.006481
6 0.175000 0.112500 0.007292 0.006481
6 0.467708 0.099074 0.004167 0.009259
6 0.472135 0.100000 0.003646 0.009259
6 0.460938 0.089815 0.001042 0.005556
2 0.441146 0.126389 0.013542 0.043519
8 0.551042 0.108796 0.005208 0.010185
1 0.425000 0.154630 0.008333 0.016667
7 0.573698 0.107870 0.006771 0.010185
2 0.430729 0.071296 0.015625 0.024074
7 0.422135 0.228704 0.005729 0.024074
2 0.263021 0.056944 0.016667 0.019444
8 0.562240 0.107407 0.005729 0.011111
2 0.446875 0.207870 0.021875 0.069444
0 0.492969 0.104630 0.001563 0.007407
0 0.734896 0.096759 0.003125 0.010185
0 0.845833 0.065741 0.002083 0.005556
0 0.863021 0.094907 0.003125 0.010185
0 0.444010 0.103704 0.001563 0.011111
0 0.455208 0.101852 0.001042 0.011111
0 0.877865 0.145370 0.005729 0.014815
0 0.426042 0.195833 0.003125 0.019444
0 0.414323 0.097685 0.001563 0.010185
0 0.417188 0.056944 0.001042 0.006481
0 0.895052 0.093981 0.003646 0.010185
0 0.419792 0.061111 0.001042 0.007407
0 0.835677 0.097222 0.002604 0.007407
0 0.732031 0.090278 0.002604 0.010185
0 0.419271 0.070370 0.001042 0.007407
0 0.949219 0.066204 0.002604 0.008333
0 0.417969 0.075463 0.001563 0.008333
0 0.857031 0.094444 0.003646 0.011111
0 0.826823 0.094907 0.003646 0.010185
0 0.728385 0.089815 0.002604 0.009259
0 0.847135 0.064815 0.002604 0.007407
0 0.748438 0.104630 0.003125 0.011111
0 0.902083 0.100926 0.004167 0.011111
0 0.676823 0.098611 0.002604 0.010185
1 0.319531 0.062963 0.005729 0.007407
1 0.719271 0.078241 0.009375 0.008333
1 0.456510 0.065741 0.009896 0.007407
4 0.409896 0.360185 0.044792 0.246296
4 0.614323 0.095833 0.079687 0.034259
4 0.705990 0.062500 0.056771 0.023148
4 0.931771 0.121296 0.103125 0.048148