1 0.319271 0.062037 0.005208 0.007407
1 0.713542 0.077315 0.009375 0.008333
1 0.454948 0.064815 0.009896 0.007407
4 0.415104 0.338426 0.041667 0.225000
4 0.610417 0.093519 0.078125 0.033333
4 0.700781 0.061574 0.055729 0.023148
4 0.919271 0.118056 0.098958 0.045370
6 0.595833 0.456019 0.011458 0.041667
6 0.572396 0.390278 0.008333 0.034259
6 0.584115 0.422222 0.009896 0.037037
6 0.564323 0.367130 0.007812 0.032407
6 0.460156 0.090741 0.001563 0.005556
6 0.458594 0.086111 0.001563 0.005556
6 0.178385 0.110648 0.006771 0.006481
6 0.466406 0.097222 0.003646 0.009259
6 0.470573 0.098148 0.003646 0.009259
6 0.459375 0.088426 0.001042 0.006481
2 0.440625 0.123611 0.013542 0.041667
8 0.547917 0.106019 0.005208 0.010185
1 0.425000 0.150000 0.008333 0.016667
7 0.570052 0.106019 0.006771 0.010185
2 0.429688 0.070370 0.015625 0.024074
7 0.423177 0.218056 0.005729 0.023148
2 0.263281 0.056019 0.016146 0.019444
8 0.559115 0.105556 0.005729 0.011111
2 0.446875 0.200000 0.020833 0.066667
0 0.491927 0.102315 0.001563 0.006481
0 0.729427 0.094907 0.002604 0.010185
0 0.839063 0.064815 0.002083 0.005556
0 0.854948 0.093056 0.003646 0.010185
0 0.442448 0.101852 0.001563 0.011111
0 0.453906 0.100000 0.001563 0.011111
0 0.865625 0.141204 0.005208 0.013889
0 0.428125 0.189352 0.003125 0.019444
0 0.413802 0.095833 0.001563 0.010185
0 0.416146 0.056481 0.001042 0.007407
0 0.886198 0.091667 0.003646 0.009259
0 0.418750 0.060185 0.001042 0.007407
0 0.827083 0.094907 0.003125 0.006481
0 0.725781 0.088426 0.002604 0.010185
0 0.418229 0.068981 0.001042 0.008333
0 0.940104 0.064815 0.003125 0.007407
0 0.417188 0.074537 0.001042 0.008333
0 0.848958 0.092130 0.003125 0.010185
0 0.818229 0.093056 0.003125 0.010185
0 0.722656 0.087963 0.002604 0.009259
0 0.840365 0.062963 0.002604 0.007407
0 0.740625 0.102778 0.003125 0.011111
0 0.891146 0.098611 0.004167 0.010185
0 0.670833 0.096759 0.002083 0.010185
1 0.319271 0.062037 0.005208 0.007407
1 0.713542 0.077315 0.009375 0.008333
1 0.454948 0.064815 0.009896 0.007407
4 0.414844 0.337500 0.041146 0.225000
4 0.610417 0.093519 0.078125 0.033333
4 0.700781 0.061574 0.055729 0.023148
4 0.919271 0.118056 0.098958 0.045370