1 0.354948 0.062963 0.005729 0.007407
1 0.829167 0.078241 0.012500 0.008333
1 0.767708 0.083796 0.010417 0.008333
1 0.491667 0.066667 0.010417 0.007407
4 0.431510 0.406944 0.055729 0.293519
4 0.656771 0.100926 0.085417 0.035185
4 0.753125 0.066667 0.061458 0.024074
4 0.974740 0.134722 0.050521 0.054630
6 0.653906 0.581944 0.016146 0.054630
6 0.621875 0.479167 0.011458 0.043519
6 0.637240 0.528241 0.014062 0.049074
6 0.611458 0.444907 0.010417 0.039815
6 0.495052 0.090278 0.001563 0.006481
6 0.210156 0.112500 0.006771 0.006481
6 0.502604 0.102315 0.004167 0.008333
6 0.507031 0.103704 0.003646 0.009259
6 0.495833 0.093056 0.001042 0.006481
2 0.474479 0.131944 0.013542 0.043519
8 0.589323 0.113426 0.005729 0.010185
1 0.457031 0.162963 0.008854 0.018519
1 0.445312 0.317593 0.018750 0.050000
7 0.613021 0.113426 0.007292 0.012037
2 0.465625 0.072685 0.015625 0.025000
7 0.451042 0.249074 0.006250 0.025926
2 0.300000 0.056944 0.015625 0.019444
8 0.601042 0.112963 0.006250 0.011111
2 0.477604 0.222222 0.021875 0.074074
0 0.527344 0.108796 0.001563 0.006481
0 0.784896 0.103704 0.003125 0.011111
0 0.906510 0.071296 0.002604 0.005556
0 0.926562 0.103704 0.004167 0.011111
0 0.478646 0.107407 0.001042 0.011111
0 0.489583 0.105556 0.001042 0.011111
0 0.453646 0.207407 0.003125 0.020370
0 0.447656 0.100000 0.001563 0.011111
0 0.452083 0.057870 0.001042 0.006481
0 0.963281 0.102778 0.004688 0.011111
0 0.454688 0.062037 0.001042 0.007407
0 0.898177 0.105093 0.003646 0.008333
0 0.782812 0.096759 0.003125 0.010185
0 0.454167 0.071759 0.001042 0.008333
0 0.999479 0.101852 0.001042 0.011111
0 0.452604 0.077315 0.001042 0.008333
0 0.920313 0.102778 0.004167 0.011111
0 0.888542 0.102778 0.004167 0.011111
0 0.382812 0.184259 0.003125 0.012963
0 0.777865 0.095833 0.002604 0.010185
0 0.906510 0.069444 0.002604 0.007407
0 0.802344 0.112500 0.003646 0.012037
0 0.974219 0.110185 0.004688 0.011111
0 0.724219 0.104630 0.002604 0.011111
1 0.829427 0.078241 0.011979 0.008333
1 0.354948 0.062963 0.005729 0.007407
1 0.767708 0.083796 0.010417 0.008333
1 0.491667 0.066667 0.010417 0.007407
4 0.430990 0.406019 0.055729 0.291667
4 0.656771 0.100926 0.085417 0.035185
4 0.753125 0.066667 0.061458 0.024074
4 0.974740 0.134722 0.050521 0.054630