1 0.356510 0.063889 0.005729 0.007407
1 0.836979 0.079630 0.012500 0.007407
1 0.774479 0.085185 0.010417 0.009259
1 0.494792 0.067593 0.010417 0.007407
4 0.429688 0.432407 0.061458 0.320370
4 0.662240 0.102778 0.086979 0.035185
4 0.759375 0.067593 0.062500 0.024074
4 0.980729 0.138426 0.038542 0.056481
6 0.667969 0.627315 0.018229 0.060185
6 0.631771 0.509722 0.012500 0.047222
6 0.648958 0.565741 0.015625 0.053704
6 0.620313 0.471296 0.011458 0.042593
6 0.499219 0.096759 0.001563 0.006481
6 0.497917 0.091204 0.001042 0.006481
6 0.505469 0.103704 0.003646 0.009259
6 0.509896 0.105093 0.004167 0.008333
6 0.498698 0.093981 0.001563 0.006481
2 0.476562 0.134722 0.013542 0.043519
8 0.593490 0.115741 0.005729 0.011111
1 0.458854 0.167593 0.009375 0.018519
1 0.445833 0.330556 0.019792 0.051852
7 0.617448 0.115741 0.007812 0.011111
2 0.467969 0.073611 0.016146 0.025000
7 0.452083 0.259259 0.006250 0.027778
2 0.301562 0.056944 0.015625 0.019444
8 0.605469 0.114815 0.005729 0.011111
2 0.479688 0.229167 0.022917 0.076852
0 0.529948 0.110648 0.001563 0.006481
0 0.791927 0.105556 0.003646 0.011111
0 0.915365 0.072222 0.002604 0.005556
0 0.936458 0.105556 0.004167 0.011111
0 0.481510 0.109259 0.001563 0.011111
0 0.492448 0.106944 0.001563 0.012037
0 0.454427 0.212963 0.002604 0.020370
0 0.450000 0.101852 0.001042 0.011111
0 0.454688 0.058796 0.001042 0.006481
0 0.973698 0.104630 0.004688 0.011111
0 0.457292 0.062963 0.001042 0.007407
0 0.908594 0.106944 0.003646 0.008333
0 0.790365 0.098611 0.003646 0.010185
0 0.456510 0.072685 0.001563 0.008333
0 0.454948 0.078241 0.001563 0.008333
0 0.930469 0.104630 0.004688 0.011111
0 0.898958 0.104630 0.004167 0.011111
0 0.383333 0.188889 0.003125 0.012963
0 0.784896 0.097222 0.003125 0.011111
0 0.914583 0.070833 0.003125 0.008333
0 0.811198 0.115278 0.003646 0.012037
0 0.986979 0.112500 0.005208 0.012037
0 0.731250 0.106944 0.003125 0.012037
1 0.836979 0.079630 0.012500 0.007407
1 0.356510 0.063889 0.005729 0.007407
1 0.774479 0.085185 0.010417 0.009259
1 0.494792 0.067593 0.010417 0.007407
4 0.429167 0.431019 0.061458 0.319444
4 0.662240 0.102778 0.086979 0.035185
4 0.759375 0.067593 0.062500 0.024074
4 0.980729 0.138426 0.038542 0.056481