1 0.356771 0.063889 0.005208 0.007407
1 0.839063 0.080093 0.012500 0.008333
1 0.776302 0.085185 0.010937 0.009259
1 0.495313 0.068056 0.010417 0.008333
4 0.428125 0.442130 0.063542 0.330556
4 0.663802 0.103704 0.088021 0.035185
4 0.761198 0.067593 0.063021 0.024074
4 0.982552 0.139815 0.034896 0.057407
6 0.672917 0.644907 0.018750 0.062037
6 0.635156 0.521296 0.013021 0.048148
6 0.653125 0.580093 0.015625 0.054630
6 0.623177 0.481481 0.011979 0.044444
6 0.499740 0.097685 0.001563 0.006481
6 0.506250 0.104630 0.004167 0.009259
6 0.510677 0.105556 0.003646 0.009259
6 0.499219 0.094907 0.001563 0.006481
2 0.477083 0.135648 0.013542 0.043519
8 0.594531 0.116204 0.005729 0.010185
1 0.459115 0.168519 0.008854 0.018519
1 0.445573 0.335648 0.020312 0.052778
7 0.618750 0.116204 0.007292 0.012037
2 0.468490 0.074074 0.016146 0.025926
7 0.452083 0.262963 0.006250 0.027778
2 0.301562 0.057407 0.015625 0.020370
8 0.606771 0.115278 0.006250 0.012037
2 0.480208 0.231944 0.022917 0.078704
0 0.530469 0.111111 0.001563 0.007407
0 0.794010 0.106481 0.003646 0.011111
0 0.917448 0.072222 0.002604 0.005556
0 0.939323 0.106019 0.004688 0.012037
0 0.482031 0.109722 0.001563 0.012037
0 0.492969 0.107407 0.001563 0.011111
0 0.454167 0.215278 0.003125 0.021296
0 0.450260 0.102315 0.001563 0.010185
0 0.454688 0.058796 0.001042 0.006481
0 0.977083 0.105556 0.005208 0.011111
0 0.457812 0.062963 0.001042 0.007407
0 0.911719 0.107870 0.003646 0.008333
0 0.792708 0.099074 0.003125 0.011111
0 0.456771 0.072685 0.001042 0.008333
0 0.455208 0.078704 0.001042 0.009259
0 0.933333 0.105556 0.004167 0.011111
0 0.902083 0.105556 0.004167 0.011111
0 0.383333 0.190278 0.003125 0.013889
0 0.786979 0.097685 0.003125 0.010185
0 0.917188 0.070833 0.003125 0.008333
0 0.813542 0.115741 0.004167 0.012963
0 0.990625 0.113426 0.005208 0.012037
0 0.733333 0.107407 0.003125 0.011111
1 0.839063 0.080093 0.012500 0.008333
1 0.356771 0.063889 0.005208 0.007407
1 0.776302 0.085185 0.010937 0.009259
1 0.495313 0.068056 0.010417 0.008333
4 0.428125 0.440741 0.063542 0.329630
4 0.663802 0.103704 0.088021 0.035185
4 0.761198 0.067593 0.063021 0.024074
4 0.982552 0.139815 0.034896 0.057407