1 0.356510 0.063426 0.005729 0.006481
1 0.832812 0.078704 0.012500 0.007407
1 0.771094 0.084259 0.010937 0.009259
1 0.493750 0.067593 0.010417 0.007407
4 0.431771 0.414815 0.057292 0.301852
4 0.659375 0.101852 0.086458 0.035185
4 0.756510 0.066667 0.061979 0.024074
4 0.977344 0.136111 0.045313 0.055556
6 0.658854 0.596296 0.016667 0.057407
6 0.625781 0.488889 0.011979 0.044444
6 0.641667 0.540278 0.014583 0.050926
6 0.614844 0.453704 0.010937 0.040741
6 0.498437 0.095833 0.001042 0.006481
6 0.496875 0.090278 0.001042 0.006481
6 0.504427 0.102778 0.003646 0.009259
6 0.508854 0.103704 0.004167 0.009259
6 0.497656 0.093056 0.001563 0.006481
2 0.476042 0.132870 0.013542 0.043519
8 0.591406 0.114352 0.005729 0.010185
1 0.458594 0.164352 0.008854 0.017593
1 0.446354 0.321759 0.018750 0.050926
7 0.615104 0.113889 0.007292 0.011111
2 0.467448 0.073148 0.016146 0.024074
7 0.452083 0.252315 0.006250 0.026852
2 0.301562 0.056944 0.015625 0.019444
8 0.603385 0.113426 0.005729 0.012037
2 0.479167 0.224537 0.021875 0.075000
0 0.529167 0.109259 0.002083 0.007407
0 0.788281 0.104630 0.003646 0.011111
0 0.910677 0.071296 0.002604 0.005556
0 0.931250 0.104630 0.004167 0.011111
0 0.480469 0.107870 0.001563 0.012037
0 0.491667 0.105556 0.001042 0.011111
0 0.454688 0.209259 0.003125 0.020370
0 0.449479 0.100926 0.001042 0.011111
0 0.453646 0.058333 0.001042 0.007407
0 0.967969 0.103704 0.004688 0.011111
0 0.456771 0.062500 0.001042 0.006481
0 0.903125 0.106019 0.003125 0.008333
0 0.786458 0.097222 0.003125 0.011111
0 0.455729 0.071759 0.001042 0.008333
0 0.454167 0.077778 0.001042 0.009259
0 0.925000 0.103704 0.004167 0.011111
0 0.893229 0.103704 0.004167 0.011111
0 0.383854 0.185185 0.003125 0.012963
0 0.781250 0.095833 0.003125 0.010185
0 0.910677 0.069907 0.002604 0.008333
0 0.806250 0.113426 0.004167 0.012037
0 0.979688 0.111111 0.005208 0.011111
0 0.727604 0.105556 0.003125 0.011111
1 0.833073 0.078704 0.011979 0.007407
1 0.356510 0.063426 0.005729 0.006481
1 0.771094 0.084259 0.010937 0.009259
1 0.493750 0.067593 0.010417 0.007407
4 0.431250 0.413889 0.057292 0.300000
4 0.659375 0.101852 0.086458 0.035185
4 0.756510 0.066667 0.061979 0.024074
4 0.977344 0.136111 0.045313 0.055556