1 0.357552 0.064352 0.005729 0.006481
1 0.841927 0.080556 0.013021 0.007407
1 0.778906 0.086111 0.010937 0.009259
1 0.496354 0.068519 0.010417 0.007407
4 0.427604 0.452315 0.065625 0.341667
4 0.666146 0.104167 0.088542 0.036111
4 0.763802 0.068519 0.063021 0.024074
4 0.985156 0.141204 0.029687 0.058333
6 0.678646 0.663889 0.019792 0.064815
6 0.639323 0.533796 0.014062 0.049074
6 0.658073 0.595370 0.016146 0.057407
6 0.626823 0.492130 0.011979 0.045370
6 0.499740 0.092130 0.001563 0.006481
6 0.507292 0.105093 0.004167 0.008333
6 0.511979 0.106481 0.004167 0.009259
6 0.500521 0.094907 0.001042 0.006481
2 0.478125 0.137037 0.013542 0.044444
8 0.596354 0.117130 0.006250 0.010185
1 0.459896 0.170370 0.009375 0.018519
1 0.446094 0.340278 0.020312 0.054630
7 0.620573 0.117130 0.007812 0.012037
2 0.469792 0.074537 0.016667 0.025000
7 0.452344 0.267130 0.006771 0.028704
2 0.302344 0.057407 0.016146 0.020370
8 0.608333 0.116204 0.006250 0.012037
2 0.480990 0.234722 0.023438 0.078704
0 0.531771 0.112037 0.002083 0.007407
0 0.796875 0.107407 0.003125 0.011111
0 0.921094 0.073148 0.002604 0.005556
0 0.943490 0.106944 0.004688 0.012037
0 0.483594 0.110648 0.001563 0.012037
0 0.494271 0.108333 0.001042 0.011111
0 0.454427 0.217593 0.002604 0.020370
0 0.451302 0.102778 0.001563 0.011111
0 0.455729 0.059259 0.001042 0.007407
0 0.981510 0.106019 0.004688 0.012037
0 0.458854 0.063889 0.001042 0.007407
0 0.915885 0.108796 0.003646 0.008333
0 0.795573 0.099537 0.003646 0.010185
0 0.457812 0.072685 0.001042 0.008333
0 0.456250 0.079167 0.001042 0.008333
0 0.937240 0.106481 0.004688 0.011111
0 0.906250 0.106481 0.004167 0.011111
0 0.383854 0.191667 0.003125 0.012963
0 0.789583 0.098148 0.003125 0.011111
0 0.920313 0.071759 0.003125 0.008333
0 0.817187 0.116667 0.004167 0.012963
0 0.995573 0.114352 0.005729 0.012037
0 0.736458 0.108333 0.003125 0.011111
1 0.842188 0.080556 0.012500 0.007407
1 0.357552 0.064352 0.005729 0.006481
1 0.778906 0.086111 0.010937 0.009259
1 0.496354 0.068519 0.010417 0.007407
4 0.427344 0.450926 0.066146 0.340741
4 0.666146 0.104167 0.088542 0.036111
4 0.763802 0.068519 0.063021 0.024074
4 0.985156 0.141204 0.029687 0.058333