1 0.375260 0.066667 0.005729 0.007407
1 0.890365 0.087500 0.014062 0.008333
1 0.822396 0.093519 0.012500 0.009259
1 0.518490 0.071759 0.010937 0.008333
4 0.418229 0.626852 0.108333 0.551852
4 0.702604 0.114352 0.097917 0.037963
4 0.804167 0.074074 0.069792 0.025926
6 0.795052 0.986111 0.042188 0.027778
6 0.714583 0.750000 0.023958 0.075926
6 0.751042 0.875926 0.031250 0.092593
6 0.692187 0.671759 0.019792 0.065741
6 0.523177 0.104167 0.001563 0.006481
6 0.521615 0.098611 0.001563 0.006481
6 0.216667 0.121296 0.007292 0.007407
6 0.529688 0.112500 0.004167 0.010185
6 0.534635 0.114352 0.004688 0.010185
6 0.522396 0.101389 0.001042 0.006481
2 0.498177 0.150000 0.015104 0.048148
8 0.625781 0.127315 0.006771 0.012037
1 0.477083 0.193981 0.010417 0.021296
1 0.455208 0.416667 0.026042 0.070370
7 0.652344 0.127315 0.008854 0.012037
2 0.490365 0.078704 0.017188 0.025926
7 0.465365 0.321296 0.007812 0.035185
8 0.639063 0.126852 0.007292 0.012963
2 0.499740 0.273611 0.026563 0.093519
0 0.553125 0.120370 0.002083 0.007407
0 0.842708 0.118056 0.004167 0.012037
0 0.505469 0.118981 0.001563 0.012037
0 0.515625 0.115278 0.001042 0.012037
0 0.463542 0.246759 0.003125 0.023148
0 0.470052 0.110648 0.001563 0.012037
0 0.476042 0.062037 0.001042 0.007407
0 0.708073 0.198611 0.004688 0.019444
0 0.479427 0.066667 0.000521 0.007407
0 0.981250 0.120833 0.004167 0.008333
0 0.842969 0.109259 0.003646 0.011111
0 0.478125 0.076389 0.001042 0.008333
0 0.476042 0.083796 0.001042 0.008333
0 0.697135 0.062500 0.001563 0.004630
0 0.999219 0.118519 0.001563 0.012963
0 0.970833 0.118056 0.005208 0.012037
0 0.395833 0.213889 0.003125 0.014815
0 0.834896 0.107407 0.004167 0.011111
0 0.872396 0.129167 0.005208 0.013889
1 0.890625 0.087500 0.014583 0.008333
1 0.375260 0.066667 0.005729 0.007407
1 0.822396 0.093519 0.012500 0.009259
1 0.518490 0.071759 0.010937 0.008333
4 0.418229 0.624074 0.108333 0.548148
4 0.702604 0.114352 0.097917 0.037963
4 0.804167 0.074074 0.069792 0.025926