1 0.375781 0.065741 0.005729 0.007407
1 0.884635 0.086574 0.014062 0.008333
1 0.817448 0.092130 0.011979 0.010185
1 0.517448 0.070833 0.010937 0.008333
4 0.425781 0.574074 0.095312 0.485185
4 0.698438 0.112037 0.095833 0.037037
4 0.800000 0.072685 0.068750 0.025000
6 0.762760 0.917130 0.033854 0.099074
6 0.696875 0.687500 0.020833 0.067593
6 0.726823 0.792593 0.026563 0.081481
6 0.677604 0.620833 0.017708 0.060185
6 0.522135 0.102778 0.001563 0.007407
6 0.520833 0.096759 0.001042 0.006481
6 0.528646 0.111111 0.004167 0.009259
6 0.533333 0.112037 0.004167 0.009259
6 0.521615 0.099537 0.001563 0.006481
2 0.497396 0.146759 0.014583 0.047222
8 0.623177 0.125000 0.006771 0.011111
1 0.477344 0.187963 0.009896 0.020370
1 0.456771 0.395833 0.023958 0.065741
7 0.648958 0.125000 0.008333 0.012963
2 0.489844 0.077778 0.017188 0.025926
7 0.466146 0.307407 0.007292 0.033333
8 0.636198 0.124537 0.006771 0.012037
2 0.499219 0.263426 0.025521 0.089815
0 0.552344 0.118519 0.001563 0.007407
0 0.837500 0.116204 0.004167 0.012037
0 0.998438 0.117130 0.003125 0.012037
0 0.504427 0.116667 0.001563 0.012963
0 0.514844 0.113426 0.001563 0.012037
0 0.465365 0.239352 0.003646 0.023148
0 0.470052 0.108333 0.001563 0.011111
0 0.475521 0.061111 0.001042 0.007407
0 0.478906 0.065741 0.000521 0.007407
0 0.972396 0.118519 0.004167 0.009259
0 0.837240 0.107407 0.003646 0.011111
0 0.477604 0.075463 0.001042 0.008333
0 0.475521 0.082407 0.001042 0.009259
0 0.992708 0.116204 0.005208 0.012037
0 0.961979 0.116204 0.005208 0.012037
0 0.397135 0.207870 0.003646 0.013889
0 0.829427 0.105556 0.003646 0.011111
0 0.864844 0.126852 0.004688 0.012963
1 0.885156 0.086574 0.014062 0.008333
1 0.375781 0.065741 0.005729 0.007407
1 0.817448 0.092130 0.011979 0.010185
1 0.517448 0.070833 0.010937 0.008333
4 0.425260 0.571759 0.095312 0.482407
4 0.698438 0.112037 0.095833 0.037037
4 0.800000 0.072685 0.068750 0.025000