1 0.373698 0.064815 0.005729 0.007407
1 0.872396 0.083796 0.013542 0.008333
1 0.806510 0.089815 0.011979 0.009259
1 0.513542 0.069907 0.010417 0.008333
4 0.432813 0.506019 0.079167 0.402778
4 0.689323 0.108796 0.093229 0.036111
4 0.790104 0.070833 0.066667 0.025000
6 0.720573 0.775926 0.025521 0.079630
6 0.670833 0.604630 0.016667 0.057407
6 0.694271 0.684722 0.020833 0.067593
6 0.655729 0.551852 0.014583 0.051852
6 0.517969 0.100463 0.001563 0.006481
6 0.516667 0.094444 0.001042 0.005556
6 0.524479 0.108333 0.004167 0.009259
6 0.529167 0.109259 0.004167 0.009259
6 0.517448 0.097685 0.001563 0.006481
2 0.494010 0.141667 0.014062 0.046296
8 0.616146 0.121296 0.006250 0.011111
1 0.474740 0.179167 0.009896 0.019444
1 0.457031 0.366204 0.022396 0.060185
7 0.641667 0.121759 0.008333 0.012037
2 0.486458 0.075926 0.016667 0.025926
7 0.465104 0.285648 0.007292 0.030556
2 0.318490 0.057870 0.016146 0.019444
8 0.628906 0.120833 0.006771 0.012037
2 0.495833 0.248148 0.023958 0.083333
0 0.548437 0.115278 0.002083 0.006481
0 0.825260 0.112500 0.003646 0.012037
0 0.982292 0.112963 0.005208 0.011111
0 0.500260 0.113426 0.001563 0.012037
0 0.510938 0.110648 0.001042 0.012037
0 0.466146 0.227778 0.003125 0.022222
0 0.466927 0.105556 0.001563 0.011111
0 0.472396 0.060185 0.001042 0.007407
0 0.475521 0.064815 0.001042 0.007407
0 0.954167 0.114352 0.004167 0.008333
0 0.824740 0.104630 0.003646 0.011111
0 0.474479 0.074537 0.001042 0.008333
0 0.472656 0.080556 0.001563 0.009259
0 0.975521 0.112500 0.005208 0.012037
0 0.943750 0.112500 0.005208 0.012037
0 0.396875 0.199537 0.003125 0.013889
0 0.817969 0.102778 0.003646 0.011111
0 0.849479 0.122222 0.004167 0.012963
0 0.763542 0.112963 0.003125 0.011111
1 0.872396 0.083796 0.013542 0.008333
1 0.373698 0.064815 0.005729 0.007407
1 0.806510 0.089815 0.011979 0.009259
1 0.513802 0.069907 0.010937 0.008333
4 0.432292 0.504167 0.079167 0.400926
4 0.689323 0.108796 0.093229 0.036111
4 0.790104 0.070833 0.066667 0.025000