1 0.375781 0.065278 0.005729 0.006481
1 0.880990 0.085648 0.014062 0.008333
1 0.814323 0.091204 0.011979 0.010185
1 0.516927 0.070370 0.010937 0.007407
4 0.429688 0.543981 0.088542 0.447222
4 0.695833 0.110648 0.094792 0.036111
4 0.796875 0.071759 0.067708 0.025000
6 0.744792 0.854167 0.030208 0.089815
6 0.686198 0.651389 0.019271 0.063889
6 0.713021 0.744907 0.023958 0.075000
6 0.669010 0.590741 0.016146 0.055556
6 0.521615 0.101852 0.001563 0.007407
6 0.520052 0.095833 0.001563 0.006481
6 0.528125 0.109722 0.004167 0.010185
6 0.532812 0.111111 0.004167 0.009259
6 0.520833 0.098611 0.001042 0.006481
2 0.497135 0.144444 0.014062 0.046296
8 0.621354 0.123148 0.006250 0.011111
1 0.477344 0.184259 0.009896 0.020370
1 0.457812 0.383333 0.022917 0.062963
7 0.647135 0.123611 0.007812 0.012037
2 0.489583 0.076852 0.016667 0.025926
7 0.466667 0.298148 0.007292 0.031481
8 0.634115 0.122685 0.006771 0.012037
2 0.498437 0.256481 0.025000 0.087037
0 0.551823 0.117130 0.001563 0.006481
0 0.833854 0.114352 0.004167 0.012037
0 0.994271 0.115278 0.005208 0.012037
0 0.503906 0.115278 0.001563 0.012037
0 0.514323 0.112500 0.001563 0.012037
0 0.466667 0.234259 0.003125 0.022222
0 0.469792 0.107407 0.001042 0.011111
0 0.475521 0.060648 0.001042 0.006481
0 0.478646 0.065278 0.001042 0.008333
0 0.966406 0.117130 0.004688 0.008333
0 0.833594 0.106481 0.003646 0.011111
0 0.477344 0.075463 0.001563 0.008333
0 0.475521 0.081944 0.001042 0.008333
0 0.987500 0.115278 0.005208 0.012037
0 0.955990 0.114352 0.004688 0.012037
0 0.398177 0.204167 0.003646 0.013889
0 0.826042 0.104630 0.003125 0.011111
0 0.859635 0.125000 0.004688 0.012963
0 0.675521 0.115278 0.002083 0.012037
1 0.881510 0.085648 0.014062 0.008333
1 0.375781 0.065278 0.005729 0.006481
1 0.814323 0.091204 0.011979 0.010185
1 0.516927 0.070370 0.010937 0.007407
4 0.429427 0.542130 0.088021 0.445370
4 0.695833 0.110648 0.094792 0.036111
4 0.796875 0.071759 0.067708 0.025000