1 0.375521 0.068519 0.006250 0.007407
1 0.910937 0.091667 0.015625 0.009259
1 0.522917 0.074537 0.011458 0.008333
4 0.381771 0.712500 0.178125 0.575000
4 0.717708 0.120833 0.104167 0.039815
4 0.820312 0.077315 0.072917 0.026852
6 0.186719 0.137500 0.005729 0.012037
6 0.799219 0.988889 0.042188 0.022222
6 0.758073 0.893056 0.032812 0.095370
6 0.527865 0.109259 0.001563 0.007407
6 0.526563 0.102778 0.001042 0.007407
6 0.207552 0.127778 0.007812 0.007407
6 0.535156 0.118981 0.004688 0.010185
6 0.540365 0.119907 0.004688 0.010185
6 0.527344 0.106019 0.001563 0.006481
2 0.502083 0.160648 0.015625 0.052778
8 0.636458 0.134722 0.007292 0.012037
1 0.478906 0.214815 0.011979 0.024074
1 0.450521 0.494907 0.031250 0.089815
7 0.646875 0.065278 0.005208 0.006481
7 0.664583 0.135185 0.009375 0.012963
2 0.494271 0.082407 0.017708 0.027778
7 0.463802 0.371759 0.009896 0.041667
8 0.650521 0.134259 0.007292 0.012963
2 0.503646 0.309259 0.030208 0.107407
0 0.557813 0.127315 0.002083 0.008333
0 0.863281 0.125000 0.004688 0.012963
0 0.510677 0.125000 0.001563 0.012963
0 0.520052 0.121759 0.001563 0.012037
0 0.458594 0.273148 0.003646 0.025926
0 0.472656 0.116667 0.001563 0.012963
0 0.479167 0.063889 0.001042 0.007407
0 0.482812 0.068981 0.001042 0.008333
0 0.864062 0.115278 0.004167 0.012037
0 0.481510 0.079630 0.001563 0.009259
0 0.478906 0.087500 0.001563 0.010185
0 0.705990 0.065278 0.001563 0.004630
0 0.392969 0.233796 0.003646 0.015741
0 0.854688 0.112500 0.004167 0.012037
0 0.900000 0.137500 0.005208 0.013889
1 0.911198 0.091667 0.015104 0.009259
1 0.375521 0.068519 0.006250 0.007407
1 0.522917 0.074537 0.011458 0.008333
4 0.381771 0.712037 0.177083 0.575926
4 0.717708 0.120833 0.104167 0.039815
4 0.820312 0.077315 0.072917 0.026852