1 0.376302 0.068519 0.005729 0.007407
1 0.907292 0.090741 0.015625 0.009259
1 0.837240 0.096759 0.013021 0.010185
1 0.522917 0.073611 0.011458 0.008333
4 0.395052 0.702315 0.154687 0.595370
4 0.714844 0.119444 0.102604 0.038889
4 0.817448 0.076389 0.072396 0.026852
6 0.774219 0.948611 0.035937 0.102778
6 0.739323 0.827315 0.028646 0.086111
6 0.527865 0.108333 0.001563 0.007407
6 0.526302 0.101389 0.001563 0.006481
6 0.210938 0.125926 0.007292 0.007407
6 0.534896 0.117130 0.004167 0.010185
6 0.539844 0.118981 0.004688 0.010185
6 0.527083 0.105093 0.001042 0.006481
2 0.502083 0.158333 0.015625 0.051852
8 0.634896 0.132870 0.007292 0.012037
1 0.479167 0.209722 0.011458 0.023148
1 0.452865 0.472685 0.029687 0.084259
7 0.662240 0.133333 0.008854 0.012963
2 0.494271 0.081019 0.017708 0.026852
7 0.465104 0.358333 0.009375 0.038889
8 0.648698 0.132407 0.007812 0.012963
2 0.503646 0.299537 0.029167 0.102778
0 0.557813 0.125463 0.002083 0.008333
0 0.859635 0.123148 0.004688 0.012963
0 0.510417 0.123611 0.002083 0.012037
0 0.520052 0.119907 0.001563 0.012037
0 0.460677 0.267130 0.003646 0.025000
0 0.472656 0.115278 0.001563 0.012037
0 0.479167 0.063426 0.001042 0.006481
0 0.252344 0.086111 0.002604 0.009259
0 0.482812 0.068519 0.001042 0.007407
0 0.860156 0.114352 0.003646 0.012037
0 0.481771 0.078704 0.001042 0.009259
0 0.479167 0.086574 0.001042 0.010185
0 0.704948 0.064352 0.001563 0.004630
0 0.997135 0.124074 0.005729 0.012963
0 0.394531 0.228241 0.003646 0.015741
0 0.851042 0.111574 0.004167 0.012037
0 0.894531 0.135648 0.005729 0.013889
1 0.907552 0.090741 0.015104 0.009259
1 0.376302 0.068519 0.005729 0.007407
1 0.837240 0.096759 0.013021 0.010185
1 0.522917 0.073611 0.011458 0.008333
4 0.394792 0.701389 0.154167 0.597222
4 0.714844 0.119444 0.102604 0.038889
4 0.817448 0.076389 0.072396 0.026852