1 0.377344 0.067593 0.005729 0.007407
1 0.903906 0.089815 0.015104 0.009259
1 0.834115 0.095833 0.013021 0.010185
1 0.522396 0.073611 0.011458 0.008333
4 0.404427 0.693519 0.138021 0.612963
4 0.712240 0.117593 0.101562 0.038889
4 0.814844 0.075926 0.071354 0.025926
6 0.753906 0.880093 0.031771 0.093519
6 0.723958 0.773611 0.025000 0.078704
6 0.527344 0.106944 0.001563 0.006481
6 0.525781 0.100463 0.001563 0.006481
6 0.214062 0.124074 0.007292 0.007407
6 0.534375 0.115741 0.004167 0.009259
6 0.539323 0.117130 0.004688 0.010185
6 0.526823 0.103704 0.001563 0.007407
2 0.501823 0.155556 0.015104 0.050000
8 0.633073 0.131019 0.006771 0.012037
1 0.479688 0.204630 0.011458 0.022222
1 0.454427 0.454630 0.028646 0.079630
7 0.660417 0.131481 0.008333 0.012963
2 0.494010 0.080556 0.017188 0.027778
7 0.466146 0.346296 0.008333 0.038889
8 0.646875 0.130556 0.007292 0.012963
2 0.503125 0.291204 0.028125 0.100926
0 0.557292 0.124074 0.002083 0.007407
0 0.855729 0.122222 0.004167 0.012963
0 0.510156 0.122222 0.001563 0.012963
0 0.519792 0.118981 0.001042 0.012037
0 0.462500 0.260185 0.003125 0.024074
0 0.473177 0.113426 0.001563 0.012037
0 0.479167 0.062963 0.001042 0.007407
0 0.482812 0.067593 0.001042 0.007407
0 0.999219 0.125000 0.001563 0.009259
0 0.856250 0.112500 0.004167 0.012037
0 0.481771 0.078241 0.001042 0.008333
0 0.479167 0.085648 0.001042 0.010185
0 0.990885 0.122222 0.005729 0.012963
0 0.396094 0.224074 0.003646 0.014815
0 0.847396 0.110185 0.004167 0.011111
0 0.889063 0.133796 0.005208 0.013889
1 0.903906 0.089815 0.015104 0.009259
1 0.377344 0.067593 0.005729 0.007407
1 0.834115 0.095833 0.013021 0.010185
1 0.522396 0.073611 0.011458 0.008333
4 0.404167 0.692593 0.137500 0.614815
4 0.712240 0.117593 0.101562 0.038889
4 0.814844 0.075926 0.071354 0.025926