1 0.376042 0.068519 0.006250 0.007407
1 0.909115 0.091667 0.015104 0.009259
1 0.838802 0.097685 0.013021 0.010185
1 0.522917 0.074537 0.011458 0.008333
4 0.389062 0.707407 0.165625 0.585185
4 0.716406 0.120370 0.103646 0.038889
4 0.819010 0.076852 0.072396 0.025926
6 0.786198 0.968056 0.039062 0.063889
6 0.748438 0.859259 0.030208 0.090741
6 0.527865 0.108796 0.001563 0.006481
6 0.526302 0.102315 0.001563 0.006481
6 0.209375 0.126852 0.007292 0.007407
6 0.534896 0.118056 0.004167 0.010185
6 0.540104 0.118981 0.004167 0.010185
6 0.527344 0.105556 0.001563 0.007407
2 0.502083 0.159259 0.015625 0.051852
8 0.635938 0.133796 0.007292 0.012037
1 0.479167 0.212037 0.011458 0.024074
1 0.451823 0.483333 0.030729 0.087037
7 0.663542 0.134259 0.009375 0.012963
2 0.494271 0.081481 0.017708 0.027778
7 0.464583 0.364815 0.009375 0.040741
8 0.649479 0.133333 0.007292 0.012963
2 0.503385 0.304630 0.029687 0.105556
0 0.557813 0.126389 0.002083 0.008333
0 0.861458 0.124074 0.004167 0.012963
0 0.510677 0.124074 0.001563 0.012963
0 0.520052 0.120833 0.001563 0.012037
0 0.459635 0.270370 0.003646 0.025926
0 0.472656 0.116204 0.001563 0.012037
0 0.479167 0.063889 0.001042 0.007407
0 0.251302 0.086111 0.002604 0.009259
0 0.482812 0.068519 0.001042 0.007407
0 0.862240 0.114815 0.003646 0.012963
0 0.481771 0.079167 0.001042 0.008333
0 0.479167 0.087037 0.001042 0.009259
0 0.705469 0.064815 0.001563 0.003704
0 0.998698 0.125000 0.002604 0.012963
0 0.393750 0.231019 0.004167 0.015741
0 0.852604 0.112500 0.004167 0.012037
0 0.897396 0.136574 0.005208 0.013889
1 0.909375 0.091667 0.015625 0.009259
1 0.376042 0.068519 0.006250 0.007407
1 0.838802 0.097685 0.013021 0.010185
1 0.522917 0.074537 0.011458 0.008333
4 0.388802 0.706481 0.165104 0.587037
4 0.716406 0.120370 0.103646 0.038889
4 0.819010 0.076852 0.072396 0.025926