1 0.377865 0.067593 0.005729 0.007407
1 0.902344 0.089815 0.015104 0.009259
1 0.833073 0.095833 0.013021 0.010185
1 0.522656 0.073148 0.010937 0.007407
4 0.408594 0.689352 0.130729 0.621296
4 0.711458 0.117130 0.101042 0.037963
4 0.813802 0.075463 0.071354 0.026852
6 0.745833 0.850463 0.030208 0.089815
6 0.792969 0.979167 0.041146 0.041667
6 0.717708 0.750926 0.023958 0.075926
6 0.527604 0.106481 0.001042 0.007407
6 0.526042 0.100463 0.001042 0.006481
6 0.215625 0.123611 0.007292 0.006481
6 0.534375 0.115278 0.004167 0.010185
6 0.539323 0.116204 0.004688 0.010185
6 0.526823 0.103241 0.001563 0.006481
2 0.501823 0.154630 0.015104 0.050000
8 0.632812 0.130556 0.007292 0.011111
1 0.479948 0.202778 0.010937 0.022222
1 0.455469 0.446296 0.027604 0.077778
7 0.659896 0.130556 0.008333 0.012963
2 0.494531 0.080093 0.017188 0.026852
7 0.466927 0.340741 0.008854 0.037037
8 0.646354 0.129630 0.007292 0.012963
2 0.503385 0.287500 0.027604 0.099074
0 0.557292 0.123148 0.002083 0.007407
0 0.854427 0.121296 0.004688 0.012963
0 0.510156 0.121296 0.001563 0.012963
0 0.520052 0.118056 0.001563 0.012037
0 0.463542 0.257407 0.003125 0.024074
0 0.473437 0.112963 0.001042 0.011111
0 0.479688 0.062963 0.001042 0.007407
0 0.483333 0.067593 0.001042 0.007407
0 0.998177 0.124074 0.003646 0.009259
0 0.855208 0.112500 0.004167 0.012037
0 0.481771 0.077778 0.001042 0.009259
0 0.479688 0.085185 0.001042 0.009259
0 0.988281 0.121759 0.005729 0.012037
0 0.397135 0.221759 0.003646 0.015741
0 0.846354 0.109722 0.004167 0.012037
0 0.887240 0.132870 0.004688 0.013889
1 0.902865 0.089815 0.015104 0.009259
1 0.377865 0.067593 0.005729 0.007407
1 0.833073 0.095833 0.013021 0.010185
1 0.522656 0.073148 0.010937 0.007407
4 0.408333 0.688889 0.130208 0.622222
4 0.711458 0.117130 0.101042 0.037963
4 0.813802 0.075463 0.071354 0.026852