1 0.376823 0.066667 0.005729 0.007407
1 0.894792 0.088426 0.014583 0.008333
1 0.826302 0.093981 0.013021 0.010185
1 0.520573 0.072222 0.010937 0.007407
4 0.416927 0.645833 0.113021 0.576852
4 0.705729 0.115278 0.098958 0.037963
4 0.807813 0.074074 0.069792 0.025926
6 0.722656 0.773611 0.025521 0.078704
6 0.761198 0.908333 0.033854 0.098148
6 0.698958 0.690278 0.020833 0.067593
6 0.525260 0.105093 0.001563 0.006481
6 0.523698 0.098611 0.001563 0.006481
6 0.217708 0.121759 0.007292 0.006481
6 0.531771 0.113426 0.004167 0.010185
6 0.536979 0.114815 0.004167 0.009259
6 0.524479 0.101852 0.001042 0.007407
2 0.500000 0.151389 0.014583 0.049074
8 0.628385 0.128241 0.006771 0.012037
1 0.478906 0.196296 0.010937 0.022222
1 0.456250 0.423611 0.026042 0.073148
7 0.655208 0.128241 0.008333 0.012037
2 0.492448 0.079167 0.017188 0.026852
7 0.466667 0.325926 0.008333 0.035185
8 0.641927 0.127778 0.006771 0.012963
2 0.501562 0.276852 0.027083 0.094444
0 0.555208 0.121296 0.002083 0.007407
0 0.847135 0.118981 0.004688 0.012037
0 0.507552 0.119444 0.001563 0.012963
0 0.517708 0.116204 0.001042 0.012037
0 0.464583 0.249537 0.003125 0.023148
0 0.472135 0.111111 0.001563 0.011111
0 0.478125 0.062037 0.001042 0.007407
0 0.481250 0.066667 0.001042 0.007407
0 0.987240 0.121759 0.004688 0.008333
0 0.847656 0.110185 0.003646 0.011111
0 0.480208 0.076852 0.001042 0.009259
0 0.478125 0.084259 0.001042 0.009259
0 0.977083 0.119444 0.005208 0.012963
0 0.397135 0.215741 0.003646 0.014815
0 0.839063 0.107870 0.004167 0.012037
0 0.877604 0.130093 0.005208 0.013889
1 0.895052 0.088426 0.015104 0.008333
1 0.376823 0.066667 0.005729 0.007407
1 0.826302 0.093981 0.013021 0.010185
1 0.520573 0.072222 0.010937 0.007407
4 0.416667 0.643056 0.113542 0.573148
4 0.705729 0.115278 0.098958 0.037963
4 0.807813 0.074074 0.069792 0.025926