1 0.374740 0.069444 0.005729 0.007407
1 0.914583 0.092593 0.015625 0.009259
1 0.522917 0.075463 0.011458 0.008333
4 0.366406 0.723148 0.206771 0.553704
4 0.720312 0.122685 0.105208 0.039815
4 0.822656 0.078241 0.073437 0.026852
6 0.778385 0.955556 0.036979 0.088889
6 0.528385 0.110648 0.001563 0.006481
6 0.526823 0.103704 0.001563 0.007407
6 0.203906 0.129167 0.007812 0.006481
6 0.535677 0.119907 0.004688 0.010185
6 0.540885 0.121759 0.004688 0.010185
6 0.527604 0.107407 0.001042 0.007407
2 0.501823 0.163889 0.016146 0.053704
8 0.638021 0.136574 0.007292 0.012037
1 0.478385 0.219907 0.011979 0.025000
1 0.448177 0.516204 0.032812 0.095370
7 0.646615 0.066204 0.005729 0.006481
7 0.666667 0.137037 0.009375 0.012963
2 0.494010 0.082870 0.018229 0.028704
7 0.462240 0.385648 0.009896 0.043519
8 0.652344 0.136111 0.007812 0.012963
2 0.503646 0.318519 0.031250 0.111111
0 0.558073 0.129167 0.002604 0.008333
0 0.866927 0.126852 0.004688 0.012963
0 0.511198 0.126389 0.001563 0.013889
0 0.520573 0.123148 0.001563 0.012963
0 0.456510 0.279630 0.003646 0.025926
0 0.472135 0.118056 0.001563 0.012037
0 0.479167 0.064815 0.001042 0.007407
0 0.248177 0.087500 0.002604 0.010185
0 0.716927 0.217130 0.005729 0.021296
0 0.482812 0.069907 0.001042 0.008333
0 0.867708 0.116667 0.004167 0.012963
0 0.481250 0.080093 0.001042 0.008333
0 0.478646 0.088426 0.001042 0.010185
0 0.707031 0.065278 0.001563 0.004630
0 0.391146 0.238889 0.004167 0.016667
0 0.857813 0.114352 0.004167 0.012037
0 0.905469 0.139352 0.005729 0.013889
1 0.914583 0.092593 0.015625 0.009259
1 0.374740 0.069444 0.005729 0.007407
1 0.522917 0.075463 0.011458 0.008333
4 0.366406 0.722222 0.205729 0.555556
4 0.720312 0.122685 0.105208 0.039815
4 0.822656 0.078241 0.073437 0.026852