1 0.370833 0.072222 0.006250 0.007407
1 0.523698 0.078241 0.011979 0.008333
4 0.231250 0.783796 0.462500 0.432407
4 0.732552 0.130556 0.111979 0.042593
4 0.834635 0.081481 0.076563 0.027778
6 0.165365 0.148148 0.006771 0.012963
6 0.529427 0.116204 0.001563 0.008333
6 0.527865 0.108796 0.001563 0.006481
6 0.188802 0.136574 0.007812 0.008333
6 0.537240 0.126852 0.004688 0.011111
6 0.542708 0.127778 0.005208 0.011111
6 0.528906 0.112963 0.001563 0.007407
2 0.502344 0.176389 0.017188 0.058333
8 0.646094 0.145370 0.007812 0.012963
1 0.475781 0.246759 0.013021 0.028704
1 0.436198 0.637037 0.042188 0.129630
7 0.675781 0.144907 0.009896 0.013889
2 0.493750 0.086574 0.018750 0.028704
7 0.455469 0.459722 0.011979 0.052778
8 0.660677 0.143981 0.007812 0.013889
2 0.504427 0.365741 0.035937 0.131481
0 0.558854 0.136574 0.002083 0.008333
0 0.513021 0.133796 0.002083 0.013889
0 0.521354 0.129630 0.002083 0.012963
0 0.446615 0.315741 0.005729 0.029630
0 0.470573 0.125000 0.001563 0.012963
0 0.478385 0.067130 0.000521 0.008333
0 0.739062 0.237500 0.006250 0.023148
0 0.748177 0.242130 0.006771 0.023148
0 0.482292 0.072685 0.001042 0.008333
0 0.481250 0.083333 0.001042 0.009259
0 0.477865 0.092130 0.001563 0.010185
0 0.711458 0.068056 0.002083 0.004630
0 0.383073 0.263426 0.004688 0.017593
0 0.930469 0.148148 0.005729 0.014815
1 0.370833 0.072222 0.006250 0.007407
1 0.523698 0.078241 0.011979 0.008333
4 0.230990 0.782407 0.461979 0.435185
4 0.732552 0.130556 0.111979 0.042593
4 0.834635 0.081481 0.076563 0.027778