1 0.371354 0.071759 0.006250 0.008333
1 0.928646 0.096296 0.016667 0.009259
1 0.523698 0.077778 0.011979 0.009259
4 0.231771 0.775463 0.463542 0.449074
4 0.731250 0.129630 0.111458 0.042593
4 0.833333 0.080556 0.076042 0.027778
6 0.167448 0.146759 0.006771 0.012037
6 0.529427 0.115741 0.001563 0.007407
6 0.527865 0.108333 0.001563 0.007407
6 0.190625 0.135648 0.008333 0.008333
6 0.537240 0.125926 0.004688 0.011111
6 0.542448 0.127315 0.004688 0.010185
6 0.528646 0.112037 0.001042 0.007407
2 0.502083 0.175000 0.016667 0.057407
8 0.645052 0.143981 0.007812 0.012037
1 0.476042 0.243519 0.013542 0.027778
1 0.438021 0.621296 0.040625 0.124074
7 0.646615 0.068056 0.005729 0.006481
7 0.674740 0.143981 0.009896 0.013889
2 0.494010 0.086111 0.018229 0.029630
7 0.456510 0.450000 0.011979 0.051852
8 0.659896 0.143056 0.008333 0.013889
2 0.504167 0.359722 0.035417 0.128704
0 0.558854 0.135648 0.002083 0.008333
0 0.512760 0.132870 0.001563 0.013889
0 0.521094 0.128704 0.001563 0.012963
0 0.447656 0.311111 0.004688 0.029630
0 0.470573 0.124074 0.001563 0.012963
0 0.478385 0.066667 0.000521 0.007407
0 0.736458 0.235185 0.006250 0.022222
0 0.482292 0.071759 0.001042 0.008333
0 0.481250 0.083333 0.001042 0.009259
0 0.477865 0.092130 0.001563 0.010185
0 0.710938 0.067130 0.002083 0.004630
0 0.384115 0.260185 0.004688 0.016667
0 0.871875 0.118981 0.004167 0.012037
0 0.927604 0.147222 0.006250 0.014815
1 0.928646 0.096296 0.016667 0.009259
1 0.371354 0.071759 0.006250 0.008333
1 0.523698 0.077778 0.011979 0.009259
4 0.231510 0.774074 0.463021 0.451852
4 0.731250 0.129630 0.111458 0.042593
4 0.833333 0.080556 0.076042 0.027778