1 0.374219 0.069444 0.005729 0.007407
1 0.523177 0.075463 0.011979 0.008333
4 0.357292 0.728241 0.222917 0.543519
4 0.721875 0.123611 0.106250 0.039815
4 0.823958 0.078241 0.073958 0.026852
6 0.181250 0.140278 0.006250 0.012037
6 0.788802 0.972685 0.040104 0.054630
6 0.528385 0.111111 0.001563 0.007407
6 0.526823 0.104167 0.001563 0.006481
6 0.202344 0.129630 0.007812 0.007407
6 0.535677 0.120833 0.004688 0.010185
6 0.540885 0.122222 0.004688 0.011111
6 0.527865 0.107870 0.001563 0.006481
2 0.501823 0.164815 0.016146 0.053704
8 0.639063 0.137500 0.007292 0.012037
1 0.477865 0.222685 0.011979 0.025000
1 0.447396 0.526852 0.033333 0.098148
7 0.646615 0.066204 0.005729 0.006481
7 0.667448 0.137500 0.008854 0.013889
2 0.494010 0.083333 0.018229 0.027778
7 0.461719 0.392593 0.009896 0.044444
8 0.653385 0.136574 0.007812 0.013889
2 0.503646 0.323148 0.031250 0.112963
0 0.558333 0.129630 0.002083 0.007407
0 0.869010 0.127778 0.004688 0.012963
0 0.511458 0.126852 0.002083 0.012963
0 0.520573 0.124074 0.001563 0.012963
0 0.455208 0.282870 0.004167 0.026852
0 0.472135 0.118519 0.001563 0.012963
0 0.478906 0.064815 0.000521 0.007407
0 0.247135 0.087963 0.002604 0.009259
0 0.719010 0.219907 0.005729 0.021296
0 0.482552 0.069907 0.000521 0.008333
0 0.869792 0.117593 0.004167 0.012963
0 0.481250 0.080556 0.001042 0.009259
0 0.478646 0.088889 0.001042 0.009259
0 0.707292 0.065741 0.002083 0.003704
0 0.390625 0.241204 0.004167 0.015741
0 0.859896 0.114352 0.004167 0.012037
0 0.908073 0.140278 0.005729 0.013889
1 0.374219 0.069444 0.005729 0.007407
1 0.523177 0.075463 0.011979 0.008333
4 0.357812 0.727778 0.221875 0.544444
4 0.721875 0.123611 0.106250 0.039815
4 0.823958 0.078241 0.073958 0.026852