1 0.372917 0.070370 0.006250 0.007407
1 0.921354 0.094444 0.016667 0.009259
1 0.523438 0.076389 0.011458 0.008333
4 0.321094 0.745833 0.291146 0.508333
4 0.725521 0.125926 0.108333 0.040741
4 0.827865 0.079167 0.074479 0.026852
6 0.175521 0.143056 0.006250 0.012037
6 0.528906 0.112963 0.001563 0.007407
6 0.527344 0.106019 0.001563 0.006481
6 0.197656 0.132407 0.007812 0.007407
6 0.536198 0.122685 0.004688 0.010185
6 0.541406 0.124537 0.004688 0.010185
6 0.527865 0.109259 0.001563 0.007407
2 0.502083 0.168981 0.016667 0.054630
8 0.641406 0.140278 0.007812 0.012037
1 0.477083 0.231019 0.012500 0.026852
1 0.443750 0.562963 0.036458 0.107407
7 0.670313 0.140278 0.009375 0.013889
2 0.494010 0.084259 0.018229 0.027778
7 0.459635 0.415278 0.010937 0.047222
8 0.655990 0.139352 0.007812 0.013889
2 0.503906 0.337500 0.032812 0.119444
0 0.558333 0.131944 0.002083 0.008333
0 0.511979 0.129630 0.002083 0.012963
0 0.520573 0.125926 0.001563 0.012963
0 0.452083 0.294444 0.004167 0.027778
0 0.471615 0.120833 0.001563 0.012037
0 0.478646 0.065741 0.001042 0.007407
0 0.244010 0.089352 0.002604 0.010185
0 0.482292 0.070833 0.001042 0.008333
0 0.481250 0.081481 0.001042 0.009259
0 0.478385 0.090278 0.001563 0.010185
0 0.708854 0.066204 0.002083 0.004630
0 0.388021 0.249074 0.004167 0.016667
0 0.915885 0.143056 0.005729 0.013889
1 0.921615 0.094444 0.016146 0.009259
1 0.372917 0.070370 0.006250 0.007407
1 0.523438 0.076389 0.011458 0.008333
4 0.321875 0.744907 0.288542 0.510185
4 0.725521 0.125926 0.108333 0.040741
4 0.827865 0.079167 0.074479 0.026852