1 0.367188 0.074537 0.006250 0.008333
1 0.946354 0.100926 0.017708 0.009259
1 0.524479 0.081019 0.012500 0.008333
4 0.745313 0.137963 0.118750 0.044444
4 0.846354 0.084722 0.079167 0.028704
6 0.147396 0.156481 0.007292 0.012963
6 0.530990 0.121759 0.001563 0.008333
6 0.528906 0.113889 0.001563 0.007407
6 0.173438 0.143981 0.008333 0.008333
6 0.539062 0.132870 0.005208 0.012037
6 0.544792 0.134722 0.005208 0.012037
6 0.529948 0.117593 0.001563 0.007407
2 0.502344 0.189352 0.018229 0.062037
8 0.653646 0.153241 0.008333 0.013889
1 0.473177 0.276389 0.015104 0.032407
1 0.419010 0.808333 0.056771 0.185185
7 0.684896 0.153704 0.010417 0.014815
2 0.493750 0.090278 0.019792 0.030556
7 0.446354 0.555093 0.015625 0.067593
8 0.669271 0.152778 0.008333 0.014815
2 0.504687 0.423148 0.041667 0.155556
0 0.559896 0.143519 0.002083 0.009259
0 0.514844 0.140741 0.001563 0.014815
0 0.522135 0.136111 0.001563 0.014815
0 0.436458 0.357407 0.006250 0.033333
0 0.469271 0.131944 0.002083 0.013889
0 0.477604 0.069444 0.001042 0.007407
0 0.228646 0.094907 0.003125 0.010185
0 0.763281 0.259259 0.007812 0.024074
0 0.766927 0.264352 0.007812 0.025000
0 0.481771 0.074537 0.001042 0.008333
0 0.480990 0.086111 0.001563 0.009259
0 0.476823 0.096296 0.001563 0.011111
0 0.374479 0.290278 0.005208 0.019444
1 0.946354 0.100926 0.017708 0.009259
1 0.367188 0.074537 0.006250 0.008333
1 0.524479 0.081019 0.012500 0.008333
4 0.745313 0.137963 0.118750 0.044444
4 0.846354 0.084722 0.079167 0.028704