1 0.370313 0.072222 0.006250 0.007407
1 0.932292 0.097222 0.016667 0.009259
1 0.523698 0.078241 0.011979 0.008333
4 0.230729 0.792593 0.461458 0.414815
4 0.734115 0.131481 0.113021 0.042593
6 0.163281 0.149074 0.006771 0.012963
6 0.529948 0.116667 0.001563 0.007407
6 0.527865 0.109259 0.001563 0.007407
6 0.186979 0.137500 0.008333 0.008333
6 0.537500 0.127315 0.005208 0.010185
6 0.542969 0.128704 0.004688 0.011111
6 0.528906 0.112963 0.001563 0.007407
2 0.502083 0.178241 0.017708 0.058333
8 0.646615 0.146296 0.007812 0.012963
1 0.475521 0.250000 0.013542 0.029630
1 0.434635 0.654167 0.043229 0.134259
7 0.646615 0.068519 0.005729 0.007407
7 0.676823 0.145833 0.009896 0.013889
2 0.493750 0.087037 0.018750 0.029630
7 0.454688 0.469907 0.012500 0.054630
8 0.661719 0.144907 0.007812 0.013889
2 0.504167 0.372222 0.036458 0.133333
0 0.559115 0.137037 0.002604 0.009259
0 0.513281 0.134722 0.001563 0.013889
0 0.521354 0.130093 0.002083 0.013889
0 0.445312 0.319907 0.005208 0.030556
0 0.470573 0.125926 0.001563 0.012963
0 0.478125 0.067593 0.001042 0.007407
0 0.741927 0.240278 0.006771 0.023148
0 0.750260 0.244444 0.006771 0.024074
0 0.482031 0.072685 0.000521 0.008333
0 0.887240 0.123148 0.004688 0.012963
0 0.480990 0.083333 0.001563 0.009259
0 0.477604 0.093056 0.001042 0.010185
0 0.711979 0.068056 0.002083 0.004630
0 0.382031 0.266204 0.004688 0.017593
0 0.933333 0.149074 0.006250 0.014815
1 0.932552 0.097222 0.017188 0.009259
1 0.370313 0.072222 0.006250 0.007407
1 0.523958 0.078241 0.011458 0.008333
4 0.230469 0.791204 0.460938 0.417593
4 0.734115 0.131481 0.113021 0.042593