1 0.367708 0.074074 0.006250 0.007407
1 0.944271 0.100463 0.017708 0.010185
1 0.524479 0.080556 0.012500 0.009259
4 0.743750 0.137037 0.117708 0.044444
4 0.844792 0.083796 0.079167 0.028704
6 0.149479 0.155556 0.007292 0.012963
6 0.530469 0.120833 0.001563 0.008333
6 0.528906 0.112963 0.001563 0.007407
6 0.175521 0.143056 0.008333 0.008333
6 0.538802 0.132407 0.004688 0.011111
6 0.544271 0.133796 0.005208 0.012037
6 0.529948 0.117130 0.001563 0.008333
2 0.502344 0.187500 0.018229 0.062037
8 0.652604 0.152315 0.008333 0.013889
1 0.473437 0.272685 0.014583 0.032407
1 0.421615 0.781944 0.054688 0.175000
7 0.683854 0.152778 0.010417 0.014815
2 0.493490 0.089815 0.019271 0.029630
7 0.447656 0.541204 0.015104 0.065741
8 0.668229 0.151852 0.008333 0.014815
2 0.504687 0.415278 0.040625 0.152778
0 0.559635 0.142593 0.002604 0.009259
0 0.514583 0.139815 0.002083 0.014815
0 0.521875 0.135648 0.002083 0.013889
0 0.437760 0.351389 0.005729 0.032407
0 0.469531 0.131019 0.001563 0.013889
0 0.477865 0.068981 0.000521 0.008333
0 0.229948 0.094907 0.002604 0.010185
0 0.759896 0.256481 0.007292 0.024074
0 0.764583 0.261574 0.007292 0.025000
0 0.481771 0.074537 0.001042 0.008333
0 0.480990 0.086111 0.001563 0.009259
0 0.477083 0.095833 0.001042 0.010185
0 0.375521 0.286111 0.005208 0.018519
1 0.944271 0.100463 0.017708 0.010185
1 0.367708 0.074074 0.006250 0.007407
1 0.524479 0.080556 0.012500 0.009259
4 0.743750 0.137037 0.117708 0.044444
4 0.844792 0.083796 0.079167 0.028704