1 0.364323 0.076389 0.006771 0.008333
1 0.525000 0.083333 0.012500 0.009259
4 0.755208 0.144444 0.123958 0.046296
4 0.854948 0.087037 0.081771 0.029630
6 0.133073 0.163426 0.007812 0.013889
6 0.531771 0.126389 0.002083 0.008333
6 0.529948 0.117593 0.001563 0.007407
6 0.161198 0.149537 0.008854 0.008333
6 0.540104 0.137963 0.005208 0.011111
6 0.546354 0.140278 0.005208 0.012037
6 0.530990 0.121759 0.001563 0.008333
2 0.502344 0.200463 0.019271 0.065741
8 0.659635 0.159722 0.008854 0.013889
1 0.470313 0.302778 0.016667 0.037037
1 0.398958 0.936574 0.075000 0.126852
7 0.692448 0.160185 0.010937 0.014815
2 0.493750 0.092593 0.019792 0.031481
7 0.436979 0.653241 0.018750 0.084259
8 0.676042 0.159259 0.009375 0.014815
2 0.505469 0.476389 0.047396 0.180556
0 0.560677 0.149074 0.002604 0.009259
0 0.516146 0.146296 0.002083 0.014815
0 0.522656 0.141204 0.001563 0.013889
0 0.427083 0.394907 0.007292 0.036111
0 0.468750 0.137500 0.002083 0.013889
0 0.477344 0.070833 0.000521 0.008333
0 0.221354 0.098148 0.003125 0.011111
0 0.783854 0.277778 0.008333 0.025926
0 0.782812 0.284259 0.008333 0.025926
0 0.481250 0.076852 0.001042 0.009259
0 0.480990 0.088426 0.001563 0.010185
0 0.476302 0.099537 0.001563 0.010185
0 0.366927 0.312963 0.005729 0.020370
0 0.976042 0.163889 0.007292 0.016667
1 0.364323 0.076389 0.006771 0.008333
1 0.525000 0.083333 0.012500 0.009259
4 0.755208 0.144444 0.123958 0.046296
4 0.854948 0.087037 0.081771 0.029630