1 0.365365 0.075463 0.006771 0.008333
1 0.954427 0.103241 0.018229 0.010185
1 0.525000 0.082407 0.012500 0.009259
4 0.751562 0.142130 0.121875 0.045370
4 0.852083 0.086111 0.081250 0.029630
6 0.138021 0.161111 0.007292 0.012963
6 0.531510 0.124537 0.001563 0.008333
6 0.529427 0.116204 0.001563 0.008333
6 0.165365 0.147685 0.008854 0.008333
6 0.539844 0.136111 0.004688 0.011111
6 0.545833 0.138426 0.005208 0.012037
6 0.530469 0.120370 0.001563 0.007407
2 0.502344 0.196296 0.019271 0.064815
8 0.657552 0.157870 0.008854 0.013889
1 0.471615 0.293519 0.016146 0.035185
1 0.406771 0.906944 0.067708 0.186111
7 0.689844 0.157870 0.010937 0.015741
2 0.493750 0.092130 0.019792 0.030556
7 0.440625 0.617130 0.017708 0.076852
8 0.673698 0.156944 0.008854 0.015741
2 0.505208 0.457407 0.045833 0.172222
0 0.560417 0.147222 0.002083 0.009259
0 0.515885 0.144444 0.001563 0.014815
0 0.522396 0.139352 0.002083 0.013889
0 0.430469 0.381481 0.006771 0.035185
0 0.468750 0.135648 0.002083 0.013889
0 0.477604 0.070370 0.001042 0.007407
0 0.223958 0.097222 0.003125 0.011111
0 0.776823 0.271296 0.007812 0.025926
0 0.777604 0.277778 0.008333 0.025926
0 0.481250 0.076389 0.001042 0.008333
0 0.480990 0.087963 0.001563 0.009259
0 0.476562 0.098148 0.001042 0.011111
0 0.369531 0.304630 0.005729 0.020370
1 0.954427 0.103241 0.018229 0.010185
1 0.365365 0.075463 0.006771 0.008333
1 0.525000 0.082407 0.012500 0.009259
4 0.751562 0.142130 0.121875 0.045370
4 0.852083 0.086111 0.081250 0.029630