1 0.362500 0.077315 0.007292 0.008333
1 0.525521 0.084259 0.012500 0.009259
4 0.762240 0.148611 0.127604 0.047222
4 0.861458 0.088889 0.083333 0.029630
6 0.122656 0.168519 0.008854 0.014815
6 0.532552 0.129167 0.001563 0.008333
6 0.530469 0.120370 0.001563 0.007407
6 0.152604 0.154167 0.009375 0.008333
6 0.541146 0.142130 0.005208 0.012037
6 0.547396 0.143981 0.005208 0.012037
6 0.531510 0.124537 0.001563 0.008333
2 0.502344 0.208333 0.020312 0.068519
8 0.664323 0.164815 0.008854 0.014815
8 0.521354 0.072685 0.004167 0.008333
1 0.468490 0.323611 0.018229 0.039815
7 0.697656 0.165278 0.010937 0.015741
2 0.493490 0.094444 0.020312 0.031481
7 0.428385 0.743056 0.022396 0.099074
8 0.680729 0.164352 0.009375 0.015741
2 0.505990 0.521759 0.052604 0.202778
0 0.561198 0.153704 0.002604 0.009259
0 0.517448 0.150926 0.001563 0.014815
0 0.522917 0.144444 0.002083 0.014815
0 0.419531 0.425463 0.007812 0.037963
0 0.468229 0.141204 0.002083 0.013889
0 0.477083 0.072222 0.001042 0.007407
0 0.216146 0.100000 0.003125 0.011111
0 0.799740 0.291667 0.008854 0.027778
0 0.795313 0.299074 0.009375 0.027778
0 0.480729 0.078241 0.001042 0.008333
0 0.480729 0.090278 0.001042 0.010185
0 0.475781 0.101389 0.001563 0.010185
0 0.360938 0.330556 0.006250 0.022222
0 0.867448 0.151852 0.005729 0.014815
1 0.362500 0.077315 0.007292 0.008333
1 0.525521 0.084259 0.012500 0.009259
4 0.762240 0.148611 0.127604 0.047222
4 0.861458 0.088889 0.083333 0.029630