1 0.357812 0.080556 0.007292 0.009259
1 0.988021 0.111574 0.020833 0.012037
1 0.526302 0.087963 0.013021 0.009259
4 0.780729 0.159722 0.137500 0.050926
4 0.877083 0.093519 0.087500 0.031481
6 0.096615 0.181019 0.009896 0.015741
6 0.534375 0.136574 0.002083 0.008333
6 0.532031 0.126389 0.001563 0.008333
6 0.130469 0.164815 0.009896 0.009259
6 0.543750 0.150926 0.005208 0.012963
6 0.550260 0.152778 0.005729 0.012963
6 0.533073 0.131944 0.001563 0.008333
2 0.502865 0.229167 0.022396 0.076852
8 0.675260 0.176852 0.009896 0.014815
8 0.517708 0.075463 0.004167 0.008333
1 0.462760 0.383333 0.021354 0.050000
7 0.711198 0.176852 0.011979 0.016667
2 0.493490 0.099537 0.021354 0.032407
8 0.693229 0.175926 0.010417 0.016667
2 0.507812 0.662963 0.068750 0.275926
0 0.562500 0.164352 0.003125 0.010185
0 0.948698 0.162037 0.006771 0.016667
0 0.929948 0.354167 0.014062 0.032407
0 0.520052 0.161111 0.001563 0.016667
0 0.523958 0.154167 0.002083 0.015741
0 0.397135 0.515278 0.009896 0.045370
0 0.466667 0.150926 0.002083 0.014815
0 0.476562 0.075463 0.001042 0.008333
0 0.203385 0.105556 0.003646 0.011111
0 0.842448 0.329630 0.010937 0.029630
0 0.828906 0.339352 0.010937 0.030556
0 0.480208 0.081481 0.001042 0.009259
0 0.949219 0.145370 0.005729 0.014815
0 0.479948 0.093981 0.001563 0.010185
0 0.182812 0.397222 0.012500 0.035185
0 0.474219 0.106481 0.001563 0.011111
0 0.344792 0.379167 0.007292 0.025000
0 0.931510 0.140278 0.005729 0.013889
0 0.893490 0.162037 0.005729 0.016667
1 0.988542 0.112037 0.020833 0.011111
1 0.357812 0.080556 0.007292 0.009259
1 0.526563 0.087963 0.013542 0.009259
4 0.780729 0.159722 0.137500 0.050926
4 0.877083 0.093519 0.087500 0.031481