1 0.358333 0.080093 0.007292 0.008333
1 0.985677 0.111111 0.020312 0.011111
1 0.526302 0.087963 0.013021 0.009259
4 0.778385 0.158796 0.135937 0.050926
4 0.875260 0.092593 0.086979 0.031481
6 0.100000 0.179630 0.009375 0.014815
6 0.534115 0.135648 0.001563 0.008333
6 0.531771 0.125926 0.002083 0.007407
6 0.133333 0.162963 0.010417 0.009259
6 0.543490 0.149537 0.005729 0.012037
6 0.549740 0.151852 0.005729 0.012963
6 0.533073 0.131019 0.001563 0.008333
2 0.502604 0.226852 0.021875 0.075926
8 0.673958 0.175463 0.009375 0.015741
8 0.518229 0.075463 0.004167 0.008333
1 0.463542 0.375463 0.020833 0.049074
7 0.709635 0.175926 0.011979 0.016667
2 0.493490 0.099074 0.021354 0.033333
7 0.402083 0.971296 0.034375 0.057407
8 0.691667 0.174074 0.010417 0.016667
2 0.507552 0.642593 0.066146 0.264815
0 0.562240 0.162963 0.002604 0.009259
0 0.923698 0.348611 0.013021 0.032407
0 0.519792 0.160185 0.002083 0.016667
0 0.523958 0.153241 0.002083 0.015741
0 0.400260 0.502778 0.009896 0.044444
0 0.466667 0.149537 0.002083 0.015741
0 0.476562 0.074537 0.001042 0.008333
0 0.204948 0.104630 0.003646 0.011111
0 0.836719 0.325000 0.010937 0.029630
0 0.824219 0.333796 0.010937 0.030556
0 0.480208 0.081019 0.001042 0.008333
0 0.946354 0.144444 0.006250 0.014815
0 0.479948 0.093981 0.001563 0.010185
0 0.187760 0.390278 0.011979 0.034259
0 0.474219 0.106019 0.001563 0.012037
0 0.347135 0.373148 0.006771 0.024074
0 0.928906 0.139352 0.005729 0.013889
0 0.890365 0.161111 0.005729 0.016667
1 0.985677 0.111111 0.020312 0.011111
1 0.358333 0.080093 0.007292 0.008333
1 0.526302 0.087500 0.013021 0.010185
4 0.778385 0.158796 0.135937 0.050926
4 0.875260 0.092593 0.086979 0.031481