1 0.360417 0.079167 0.007292 0.008333
1 0.525781 0.086111 0.013021 0.009259
4 0.770052 0.153241 0.131771 0.049074
4 0.867969 0.090278 0.084896 0.030556
6 0.112240 0.173611 0.008854 0.013889
6 0.533333 0.131944 0.002083 0.008333
6 0.530990 0.122685 0.001563 0.008333
6 0.143490 0.158333 0.009896 0.009259
6 0.542188 0.145370 0.005208 0.012963
6 0.548698 0.147685 0.005729 0.012037
6 0.532292 0.127315 0.002083 0.008333
2 0.502604 0.216667 0.020833 0.072222
8 0.668750 0.169444 0.009375 0.014815
8 0.519792 0.074074 0.004167 0.007407
1 0.466406 0.347222 0.019271 0.044444
7 0.703125 0.169907 0.011458 0.015741
2 0.493229 0.096759 0.020833 0.032407
7 0.417708 0.855556 0.027083 0.120370
8 0.685938 0.168981 0.009375 0.015741
2 0.506771 0.573611 0.058333 0.228704
0 0.561719 0.157870 0.002604 0.010185
0 0.518750 0.155093 0.002083 0.015741
0 0.523438 0.148611 0.002083 0.015741
0 0.410937 0.459722 0.008333 0.041667
0 0.467708 0.145370 0.002083 0.014815
0 0.476823 0.073611 0.000521 0.008333
0 0.210938 0.102315 0.003125 0.010185
0 0.816927 0.306944 0.009896 0.028704
0 0.808594 0.315278 0.009896 0.028704
0 0.480729 0.079630 0.001042 0.009259
0 0.480469 0.092130 0.001563 0.010185
0 0.205990 0.364815 0.010937 0.033333
0 0.475260 0.103704 0.001563 0.011111
0 0.796094 0.074537 0.002604 0.008333
0 0.354688 0.349537 0.006250 0.023148
0 0.878385 0.156019 0.005729 0.015741
1 0.360677 0.079167 0.006771 0.008333
1 0.525781 0.086111 0.013021 0.009259
4 0.770052 0.153241 0.131771 0.049074
4 0.867969 0.090278 0.084896 0.030556