1 0.357292 0.081019 0.007292 0.008333
1 0.990104 0.112037 0.019792 0.011111
1 0.526563 0.088426 0.013542 0.010185
4 0.782812 0.161111 0.138542 0.051852
4 0.878906 0.093519 0.088021 0.031481
6 0.093490 0.182407 0.009896 0.014815
6 0.534375 0.137500 0.002083 0.008333
6 0.532292 0.127315 0.002083 0.008333
6 0.127865 0.165741 0.009896 0.009259
6 0.544010 0.151852 0.005729 0.012963
6 0.550521 0.153704 0.006250 0.012963
6 0.533333 0.132870 0.002083 0.008333
2 0.502865 0.231944 0.022396 0.076852
8 0.676823 0.178241 0.009896 0.015741
8 0.517187 0.075926 0.004167 0.007407
1 0.461979 0.391667 0.021875 0.051852
7 0.712760 0.178704 0.011979 0.016667
2 0.493229 0.100000 0.021875 0.033333
8 0.694792 0.177778 0.010417 0.016667
2 0.508073 0.683333 0.071354 0.287037
0 0.562760 0.165278 0.002604 0.010185
0 0.951823 0.162963 0.006771 0.016667
0 0.935677 0.359722 0.014062 0.032407
0 0.520312 0.162500 0.002083 0.015741
0 0.523958 0.155093 0.002083 0.015741
0 0.394271 0.527315 0.010417 0.045370
0 0.466667 0.152315 0.002083 0.015741
0 0.476302 0.075463 0.000521 0.008333
0 0.201823 0.105556 0.003646 0.011111
0 0.847656 0.334722 0.010937 0.030556
0 0.833073 0.344444 0.010937 0.031481
0 0.479948 0.081944 0.001563 0.008333
0 0.952083 0.146296 0.006250 0.014815
0 0.479948 0.094907 0.001563 0.010185
0 0.177865 0.404167 0.013021 0.036111
0 0.474219 0.107407 0.001563 0.011111
0 0.342708 0.385648 0.007292 0.025000
0 0.934115 0.141204 0.005729 0.013889
0 0.896875 0.163426 0.006250 0.015741
1 0.990104 0.112037 0.019792 0.011111
1 0.357292 0.081019 0.007292 0.008333
1 0.526563 0.088426 0.013542 0.010185
4 0.782812 0.161111 0.138542 0.051852
4 0.878906 0.093519 0.088021 0.031481