1 0.358854 0.080093 0.007292 0.008333
1 0.983073 0.110185 0.020312 0.011111
1 0.526302 0.087037 0.013021 0.009259
4 0.776302 0.156944 0.134896 0.050926
4 0.873177 0.092130 0.086979 0.030556
6 0.103125 0.177778 0.009375 0.014815
6 0.533854 0.134722 0.002083 0.008333
6 0.531510 0.125463 0.001563 0.008333
6 0.136198 0.162037 0.009896 0.009259
6 0.542969 0.148611 0.005729 0.012037
6 0.549479 0.150926 0.005208 0.012963
6 0.532812 0.130093 0.002083 0.008333
2 0.502604 0.224074 0.021875 0.074074
8 0.672656 0.174074 0.009896 0.014815
8 0.518750 0.075000 0.004167 0.007407
1 0.464323 0.368056 0.020312 0.047222
7 0.708073 0.174074 0.011979 0.016667
2 0.493229 0.098148 0.020833 0.033333
7 0.406771 0.950000 0.032292 0.100000
8 0.690365 0.173148 0.009896 0.016667
2 0.507552 0.622685 0.064062 0.254630
0 0.562240 0.161574 0.002604 0.010185
0 0.519271 0.158796 0.002083 0.015741
0 0.523958 0.151852 0.002083 0.014815
0 0.403125 0.490741 0.009375 0.042593
0 0.467187 0.148611 0.002083 0.015741
0 0.476562 0.074537 0.001042 0.008333
0 0.206510 0.103704 0.003646 0.011111
0 0.831250 0.319907 0.010417 0.028704
0 0.820052 0.328704 0.010937 0.029630
0 0.480208 0.080556 0.001042 0.009259
0 0.480208 0.093056 0.001042 0.010185
0 0.192969 0.382870 0.011979 0.034259
0 0.474740 0.105556 0.001563 0.011111
0 0.349219 0.366667 0.006771 0.024074
0 0.926302 0.138426 0.005729 0.013889
0 0.887240 0.159722 0.005729 0.015741
1 0.983073 0.110185 0.020312 0.011111
1 0.358854 0.080093 0.007292 0.008333
1 0.526302 0.087037 0.013021 0.009259
4 0.776302 0.156944 0.134896 0.050926
4 0.873177 0.092130 0.086979 0.030556