1 0.351302 0.085185 0.007812 0.009259
1 0.527865 0.093056 0.014062 0.010185
4 0.808333 0.176389 0.152083 0.056481
4 0.898698 0.099074 0.093229 0.033333
6 0.057292 0.200000 0.011458 0.016667
6 0.536979 0.147685 0.002083 0.010185
6 0.534375 0.136111 0.002083 0.009259
6 0.097917 0.180093 0.011458 0.010185
6 0.547396 0.164352 0.006250 0.013889
6 0.554167 0.166667 0.006250 0.014815
6 0.535417 0.141667 0.002083 0.009259
2 0.503125 0.262963 0.026042 0.088889
8 0.692187 0.195370 0.011458 0.016667
8 0.512240 0.079167 0.004688 0.008333
1 0.451562 0.501852 0.029167 0.072222
7 0.731510 0.195370 0.014062 0.018519
2 0.492969 0.106481 0.022396 0.035185
1 0.502083 0.253704 0.013542 0.037037
8 0.711979 0.194444 0.011458 0.018519
2 0.513281 0.883796 0.114063 0.232407
0 0.564583 0.179630 0.003125 0.011111
0 0.985156 0.177315 0.007812 0.017593
0 0.523958 0.177315 0.002083 0.017593
0 0.525260 0.167593 0.002604 0.016667
0 0.350260 0.704630 0.015104 0.057407
0 0.464583 0.165741 0.002083 0.016667
0 0.475521 0.079167 0.001042 0.008333
0 0.185156 0.112500 0.003646 0.012037
0 0.915885 0.394907 0.015104 0.034259
0 0.886458 0.408796 0.014583 0.036111
0 0.478906 0.086111 0.001563 0.009259
0 0.984115 0.157870 0.006771 0.015741
0 0.478906 0.099537 0.001563 0.010185
0 0.113542 0.495370 0.017708 0.042593
0 0.026823 0.415741 0.017188 0.037037
0 0.472135 0.114352 0.001563 0.012037
0 0.316146 0.466667 0.009375 0.029630
0 0.962760 0.151389 0.006771 0.015741
0 0.932292 0.178241 0.007292 0.017593
1 0.351302 0.085185 0.007812 0.009259
1 0.527865 0.093056 0.014062 0.010185
4 0.808333 0.176389 0.152083 0.056481
4 0.898698 0.099074 0.093229 0.033333