1 0.355729 0.081944 0.007292 0.008333
1 0.526823 0.089815 0.013021 0.009259
4 0.789062 0.165278 0.141667 0.052778
4 0.883854 0.094907 0.089583 0.032407
6 0.084375 0.186574 0.010417 0.015741
6 0.534896 0.139815 0.002083 0.009259
6 0.532812 0.130093 0.002083 0.008333
6 0.120312 0.169444 0.010417 0.009259
6 0.544792 0.154630 0.006250 0.012963
6 0.551562 0.157407 0.006250 0.012963
6 0.533854 0.135185 0.002083 0.009259
2 0.502865 0.239352 0.023438 0.080556
8 0.680469 0.182870 0.009896 0.015741
8 0.516146 0.076852 0.004167 0.007407
1 0.459635 0.416204 0.023438 0.056481
7 0.717448 0.182870 0.013021 0.017593
2 0.493229 0.101389 0.021875 0.034259
8 0.698958 0.181481 0.010417 0.016667
2 0.508854 0.748148 0.079167 0.324074
0 0.563021 0.168981 0.003125 0.010185
0 0.960156 0.166667 0.006771 0.016667
0 0.953385 0.376852 0.015104 0.033333
0 0.521094 0.165741 0.001563 0.016667
0 0.524479 0.158333 0.002083 0.016667
0 0.384635 0.565278 0.010937 0.049074
0 0.466146 0.155556 0.002083 0.016667
0 0.476042 0.076389 0.001042 0.008333
0 0.197656 0.107407 0.003646 0.011111
0 0.863802 0.349074 0.011979 0.031481
0 0.845573 0.359722 0.011979 0.032407
0 0.479688 0.083333 0.001042 0.009259
0 0.960156 0.149074 0.006771 0.014815
0 0.479688 0.095833 0.001042 0.010185
0 0.163021 0.425000 0.013542 0.037037
0 0.473698 0.109259 0.001563 0.011111
0 0.336719 0.404630 0.007812 0.025926
0 0.941406 0.143519 0.005729 0.014815
0 0.905729 0.167130 0.006250 0.017593
1 0.355729 0.081944 0.007292 0.008333
1 0.527083 0.089815 0.013542 0.009259
4 0.789062 0.165278 0.141667 0.052778
4 0.883854 0.094907 0.089583 0.032407