1 0.351823 0.084259 0.007812 0.009259
1 0.527604 0.093056 0.013542 0.010185
4 0.805729 0.175000 0.151042 0.055556
4 0.896875 0.099074 0.092708 0.033333
6 0.060938 0.198148 0.011458 0.016667
6 0.536458 0.146759 0.002083 0.010185
6 0.533854 0.135648 0.002083 0.008333
6 0.100781 0.178704 0.010937 0.009259
6 0.546875 0.162500 0.006250 0.013889
6 0.554167 0.165278 0.006250 0.013889
6 0.535417 0.140741 0.002083 0.009259
2 0.503125 0.259722 0.025000 0.087963
8 0.690625 0.193519 0.010417 0.016667
8 0.512760 0.079167 0.004688 0.008333
1 0.452604 0.489352 0.028125 0.069444
7 0.729688 0.193519 0.013542 0.018519
2 0.492969 0.105556 0.022396 0.035185
8 0.710156 0.192593 0.010937 0.018519
2 0.512240 0.868981 0.107813 0.262037
0 0.564323 0.178241 0.002604 0.010185
0 0.982031 0.175926 0.007812 0.016667
0 0.997135 0.424074 0.005729 0.037037
0 0.523698 0.175463 0.002604 0.017593
0 0.525260 0.165741 0.002604 0.016667
0 0.355729 0.682870 0.014583 0.056481
0 0.464844 0.163889 0.002604 0.016667
0 0.475521 0.078704 0.001042 0.009259
0 0.186719 0.112037 0.003646 0.011111
0 0.908594 0.388426 0.014062 0.034259
0 0.880469 0.401852 0.014062 0.035185
0 0.479167 0.086111 0.001042 0.009259
0 0.980990 0.156944 0.006771 0.015741
0 0.478906 0.099074 0.001563 0.011111
0 0.120573 0.484722 0.017188 0.041667
0 0.034375 0.408796 0.016667 0.036111
0 0.472135 0.113426 0.001563 0.012037
0 0.319010 0.457870 0.008854 0.028704
0 0.959896 0.150000 0.006250 0.014815
0 0.928906 0.176389 0.006771 0.017593
1 0.351823 0.084259 0.007812 0.009259
1 0.527604 0.093056 0.013542 0.010185
4 0.805729 0.175000 0.151042 0.055556
4 0.896875 0.099074 0.092708 0.033333