1 0.354167 0.082870 0.007292 0.008333
1 0.527083 0.091204 0.013542 0.010185
4 0.796094 0.169444 0.145313 0.053704
4 0.889323 0.096759 0.091146 0.032407
6 0.074479 0.191667 0.010417 0.016667
6 0.535677 0.142593 0.001563 0.009259
6 0.533333 0.131944 0.002083 0.008333
6 0.112240 0.173148 0.010937 0.009259
6 0.545573 0.158333 0.005729 0.012963
6 0.552604 0.160648 0.006250 0.013889
6 0.534375 0.137500 0.002083 0.008333
2 0.503125 0.247685 0.023958 0.084259
8 0.684896 0.187037 0.010417 0.016667
8 0.514583 0.077778 0.004167 0.007407
1 0.457031 0.444444 0.025521 0.061111
7 0.722656 0.187500 0.013021 0.017593
2 0.492969 0.103241 0.022396 0.034259
8 0.703646 0.186574 0.010417 0.017593
2 0.510417 0.821296 0.089583 0.357407
0 0.563542 0.172685 0.003125 0.010185
0 0.969271 0.170370 0.007292 0.016667
0 0.973437 0.395833 0.016667 0.036111
0 0.522396 0.169907 0.002083 0.017593
0 0.524740 0.161574 0.002604 0.015741
0 0.373437 0.610648 0.012500 0.050926
0 0.465625 0.159259 0.002083 0.016667
0 0.476042 0.077315 0.001042 0.008333
0 0.192969 0.109259 0.003646 0.011111
0 0.882031 0.364352 0.013021 0.032407
0 0.859635 0.376852 0.013021 0.033333
0 0.479427 0.084259 0.001563 0.009259
0 0.968750 0.152315 0.006250 0.015741
0 0.479427 0.097222 0.001563 0.011111
0 0.146094 0.449074 0.015104 0.038889
0 0.061719 0.381944 0.015104 0.034259
0 0.473177 0.111111 0.001563 0.011111
0 0.329688 0.425463 0.008333 0.026852
0 0.948958 0.146296 0.006250 0.014815
0 0.915365 0.170833 0.006771 0.017593
1 0.354167 0.082870 0.007292 0.008333
1 0.527083 0.091204 0.013542 0.010185
4 0.796094 0.169444 0.145313 0.053704
4 0.889323 0.096759 0.091146 0.032407