1 0.355208 0.082407 0.007292 0.009259
1 0.527083 0.090278 0.013542 0.010185
4 0.791406 0.166204 0.143229 0.052778
4 0.885417 0.095833 0.089583 0.032407
6 0.081250 0.188426 0.010417 0.015741
6 0.535417 0.140741 0.002083 0.009259
6 0.532812 0.130556 0.002083 0.009259
6 0.117708 0.170370 0.010417 0.009259
6 0.545052 0.156019 0.005729 0.013889
6 0.551823 0.158333 0.005729 0.012963
6 0.534115 0.135648 0.001563 0.008333
2 0.502865 0.242593 0.023438 0.081481
8 0.681771 0.183796 0.010417 0.015741
8 0.515625 0.077315 0.004167 0.008333
1 0.458854 0.425000 0.023958 0.057407
7 0.719010 0.184259 0.013021 0.016667
2 0.493229 0.102315 0.021875 0.034259
8 0.700521 0.182870 0.010417 0.017593
2 0.509375 0.772685 0.082292 0.337963
0 0.563281 0.169907 0.002604 0.010185
0 0.963021 0.167593 0.007292 0.016667
0 0.959635 0.382870 0.015104 0.034259
0 0.521354 0.167593 0.002083 0.016667
0 0.524479 0.159259 0.002083 0.016667
0 0.381250 0.579167 0.011458 0.049074
0 0.465885 0.156944 0.002604 0.015741
0 0.476042 0.076389 0.001042 0.008333
0 0.196094 0.108333 0.003646 0.011111
0 0.869531 0.353704 0.011979 0.031481
0 0.849740 0.364815 0.011979 0.033333
0 0.479688 0.083333 0.001042 0.009259
0 0.963021 0.150463 0.006250 0.015741
0 0.479427 0.096296 0.001563 0.011111
0 0.157813 0.432407 0.014583 0.037037
0 0.473177 0.109722 0.001563 0.012037
0 0.334375 0.411111 0.008333 0.025926
0 0.943750 0.144444 0.006250 0.014815
0 0.908594 0.168519 0.006771 0.016667
1 0.355208 0.082407 0.007292 0.009259
1 0.527083 0.090278 0.013542 0.010185
4 0.791406 0.166204 0.143229 0.052778
4 0.885417 0.095833 0.089583 0.032407