1 0.352865 0.083796 0.007812 0.008333
1 0.527344 0.092130 0.014062 0.010185
4 0.800781 0.172222 0.148438 0.055556
4 0.893229 0.097685 0.091667 0.032407
6 0.067969 0.194907 0.010937 0.015741
6 0.535937 0.144444 0.002083 0.009259
6 0.533594 0.133796 0.001563 0.008333
6 0.106510 0.175926 0.010937 0.009259
6 0.546354 0.160648 0.006250 0.013889
6 0.553125 0.163426 0.006250 0.013889
6 0.534896 0.139352 0.002083 0.008333
2 0.502865 0.253704 0.024479 0.085185
8 0.687760 0.190278 0.010937 0.015741
8 0.513542 0.078241 0.004167 0.008333
1 0.454948 0.465741 0.026563 0.064815
7 0.726042 0.190278 0.013542 0.017593
2 0.492969 0.104630 0.022396 0.035185
8 0.706771 0.189352 0.011458 0.017593
2 0.511458 0.843518 0.097917 0.312963
0 0.564062 0.175463 0.003125 0.010185
0 0.975521 0.173148 0.007292 0.016667
0 0.987760 0.409259 0.017188 0.037037
0 0.522917 0.172685 0.002083 0.017593
0 0.525000 0.163889 0.002083 0.016667
0 0.365104 0.644444 0.013542 0.053704
0 0.465104 0.161574 0.002083 0.015741
0 0.475521 0.078241 0.001042 0.008333
0 0.189844 0.110648 0.003646 0.012037
0 0.894792 0.375926 0.013542 0.033333
0 0.869792 0.388889 0.013542 0.035185
0 0.479167 0.085185 0.001042 0.009259
0 0.974740 0.154167 0.006771 0.015741
0 0.479167 0.098148 0.001042 0.011111
0 0.134115 0.466204 0.016146 0.039815
0 0.048437 0.394444 0.015625 0.035185
0 0.472656 0.112500 0.001563 0.012037
0 0.324740 0.440741 0.008854 0.027778
0 0.954167 0.148148 0.006250 0.014815
0 0.922135 0.173611 0.006771 0.017593
1 0.352865 0.083796 0.007812 0.008333
1 0.527604 0.092130 0.013542 0.010185
4 0.800781 0.172222 0.148438 0.055556
4 0.893229 0.097685 0.091667 0.032407