1 0.347656 0.087037 0.007812 0.009259
1 0.528385 0.095833 0.014062 0.010185
4 0.824219 0.186111 0.160938 0.059259
4 0.910677 0.102315 0.096354 0.034259
6 0.034896 0.210648 0.012500 0.017593
6 0.538021 0.154167 0.002083 0.010185
6 0.535417 0.141667 0.002083 0.009259
6 0.079427 0.189352 0.011979 0.010185
6 0.549219 0.171296 0.006771 0.014815
6 0.556510 0.174074 0.006771 0.014815
6 0.536979 0.147685 0.002083 0.010185
2 0.503385 0.282870 0.027604 0.097222
8 0.701823 0.205556 0.011979 0.018519
8 0.509375 0.081019 0.004167 0.008333
1 0.529167 0.081481 0.011458 0.009259
1 0.442969 0.591204 0.034896 0.091667
7 0.743229 0.206019 0.014583 0.019444
2 0.492708 0.109722 0.023958 0.036111
8 0.722396 0.204630 0.012500 0.018519
0 0.565625 0.188889 0.003125 0.011111
0 0.526563 0.185648 0.002083 0.017593
0 0.525781 0.174537 0.002604 0.017593
0 0.351302 0.084259 0.001563 0.009259
0 0.314063 0.857407 0.019792 0.066667
0 0.463281 0.173611 0.002604 0.017593
0 0.475000 0.081481 0.001042 0.009259
0 0.175000 0.116667 0.004167 0.012963
0 0.963802 0.437500 0.018229 0.037963
0 0.924219 0.454630 0.017188 0.038889
0 0.478385 0.088889 0.001563 0.009259
0 0.478385 0.102778 0.001563 0.011111
0 0.065104 0.562963 0.021875 0.046296
0 0.471094 0.118056 0.001563 0.012037
0 0.851042 0.084259 0.003125 0.009259
0 0.296615 0.526389 0.010937 0.032407
0 0.979427 0.156944 0.006771 0.015741
0 0.954427 0.187037 0.007812 0.018519
0 0.757812 0.186111 0.005208 0.018519
1 0.347656 0.087037 0.007812 0.009259
1 0.528385 0.095833 0.014062 0.010185
4 0.824219 0.186111 0.160938 0.059259
4 0.910677 0.102315 0.096354 0.034259