1 0.350000 0.085648 0.007292 0.008333
1 0.527865 0.093981 0.014062 0.010185
4 0.813542 0.179630 0.155208 0.057407
4 0.902865 0.100463 0.094271 0.034259
6 0.049740 0.203704 0.011979 0.016667
6 0.537240 0.149537 0.002604 0.010185
6 0.534635 0.137963 0.001563 0.009259
6 0.091667 0.182870 0.011458 0.010185
6 0.547917 0.166204 0.006250 0.013889
6 0.555208 0.169444 0.006250 0.014815
6 0.535937 0.143981 0.002083 0.010185
2 0.503125 0.269444 0.026042 0.092593
8 0.695312 0.198611 0.011458 0.017593
8 0.511198 0.080093 0.004688 0.008333
1 0.448958 0.528704 0.031250 0.077778
7 0.735156 0.199074 0.014062 0.018519
2 0.492708 0.107407 0.022917 0.035185
8 0.715104 0.197222 0.011458 0.018519
2 0.514583 0.915278 0.128125 0.169444
0 0.564844 0.182407 0.002604 0.011111
0 0.991927 0.180093 0.007812 0.017593
0 0.525000 0.180093 0.002083 0.017593
0 0.525521 0.169907 0.002083 0.017593
0 0.354167 0.082407 0.002083 0.009259
0 0.340625 0.748148 0.016667 0.061111
0 0.464323 0.168519 0.002604 0.016667
0 0.475000 0.079630 0.001042 0.009259
0 0.181771 0.114352 0.004167 0.012037
0 0.931250 0.408333 0.015625 0.035185
0 0.898438 0.423148 0.015625 0.037037
0 0.478646 0.087037 0.001042 0.009259
0 0.990625 0.159722 0.007292 0.015741
0 0.478646 0.100463 0.001042 0.010185
0 0.098438 0.516204 0.018750 0.043519
0 0.011198 0.431019 0.018229 0.037963
0 0.471615 0.115278 0.001563 0.012037
0 0.310156 0.485185 0.009896 0.029630
0 0.968229 0.153241 0.006250 0.015741
0 0.939583 0.181019 0.007292 0.017593
1 0.350000 0.085648 0.007292 0.008333
1 0.527865 0.093981 0.014062 0.010185
4 0.813542 0.179630 0.155208 0.057407
4 0.902865 0.100463 0.094271 0.034259