1 0.345313 0.088889 0.008333 0.009259
1 0.528906 0.097685 0.014062 0.010185
4 0.835677 0.193519 0.167187 0.061111
4 0.919010 0.105093 0.098438 0.034259
6 0.018229 0.218519 0.013542 0.018519
6 0.539062 0.157870 0.002083 0.010185
6 0.536458 0.145370 0.002083 0.009259
6 0.066146 0.195370 0.012500 0.011111
6 0.550781 0.176852 0.006771 0.014815
6 0.558333 0.180093 0.007292 0.015741
6 0.537500 0.151389 0.002083 0.010185
2 0.503646 0.298611 0.029167 0.102778
8 0.708854 0.212963 0.012500 0.018519
8 0.507292 0.082870 0.004167 0.008333
1 0.527604 0.082407 0.011458 0.009259
1 0.435417 0.671759 0.040625 0.110185
7 0.751562 0.213426 0.015625 0.019444
2 0.492708 0.112500 0.023958 0.037963
8 0.730208 0.212037 0.012500 0.020370
0 0.566406 0.194907 0.003646 0.012037
0 0.528125 0.192130 0.002083 0.019444
0 0.526302 0.180093 0.002604 0.017593
0 0.348437 0.085185 0.002083 0.009259
0 0.280469 0.982407 0.025521 0.035185
0 0.462760 0.180093 0.002604 0.017593
0 0.474479 0.082407 0.001042 0.009259
0 0.168229 0.119444 0.004167 0.012963
0 0.996094 0.471296 0.007812 0.040741
0 0.954687 0.491204 0.019792 0.041667
0 0.478125 0.090278 0.001042 0.010185
0 0.899479 0.128704 0.005208 0.012963
0 0.477865 0.104630 0.001563 0.011111
0 0.024740 0.620370 0.025521 0.050000
0 0.470313 0.121296 0.002083 0.012963
0 0.280729 0.575000 0.012500 0.035185
0 0.991667 0.161574 0.007292 0.015741
0 0.970312 0.193056 0.008333 0.019444
0 0.765104 0.192593 0.005208 0.018519
1 0.345313 0.088889 0.008333 0.009259
1 0.529167 0.097685 0.014583 0.010185
4 0.835677 0.193519 0.167187 0.061111
4 0.919010 0.105093 0.098438 0.034259