1 0.348698 0.086111 0.007812 0.009259
1 0.528385 0.094907 0.014062 0.010185
4 0.818490 0.182870 0.157813 0.058333
4 0.906510 0.101389 0.095312 0.034259
6 0.042448 0.206944 0.011979 0.017593
6 0.537500 0.151389 0.002083 0.010185
6 0.534896 0.139815 0.002083 0.009259
6 0.085938 0.185648 0.011458 0.010185
6 0.548437 0.168981 0.006250 0.013889
6 0.555729 0.171759 0.006250 0.013889
6 0.536458 0.145833 0.002083 0.010185
2 0.503125 0.275926 0.027083 0.094444
8 0.698438 0.202315 0.011458 0.017593
8 0.510417 0.081019 0.004167 0.008333
1 0.446094 0.558333 0.032812 0.083333
7 0.739062 0.202315 0.014583 0.019444
2 0.492969 0.108796 0.023438 0.036111
8 0.718750 0.200926 0.011458 0.018519
2 0.516406 0.951389 0.145313 0.097222
0 0.565104 0.185185 0.003125 0.011111
0 0.997396 0.183333 0.005208 0.018519
0 0.525521 0.182407 0.002083 0.018519
0 0.525781 0.172222 0.002604 0.016667
0 0.352604 0.083333 0.002083 0.009259
0 0.328385 0.798611 0.018229 0.063889
0 0.463802 0.170833 0.002604 0.017593
0 0.475000 0.080556 0.001042 0.009259
0 0.178385 0.115278 0.003646 0.012037
0 0.946875 0.422222 0.016667 0.037037
0 0.910677 0.438426 0.016146 0.037963
0 0.478646 0.087963 0.001042 0.009259
0 0.996615 0.162037 0.006771 0.016667
0 0.478646 0.101389 0.001042 0.010185
0 0.082552 0.538426 0.020312 0.045370
0 0.002344 0.446296 0.004688 0.038889
0 0.471354 0.117130 0.002083 0.012037
0 0.303646 0.504630 0.010417 0.031481
0 0.973698 0.155093 0.006771 0.015741
0 0.946875 0.183796 0.007292 0.017593
1 0.348698 0.086111 0.007812 0.009259
1 0.528385 0.094907 0.014062 0.010185
4 0.818490 0.182870 0.157813 0.058333
4 0.906510 0.101389 0.095312 0.034259