1 0.346615 0.087963 0.007812 0.009259
1 0.528646 0.096759 0.014583 0.010185
4 0.829948 0.190278 0.164062 0.060185
4 0.914844 0.103704 0.097396 0.035185
6 0.026302 0.214815 0.013021 0.018519
6 0.538542 0.156019 0.002083 0.010185
6 0.535937 0.143519 0.002083 0.009259
6 0.072656 0.192130 0.011979 0.010185
6 0.550000 0.174074 0.006250 0.014815
6 0.557552 0.176852 0.006771 0.014815
6 0.537500 0.149537 0.002083 0.010185
2 0.503385 0.290741 0.028646 0.100000
8 0.705469 0.209259 0.011979 0.018519
8 0.508333 0.081944 0.004167 0.008333
1 0.528646 0.081944 0.011458 0.010185
1 0.439323 0.629630 0.038021 0.100000
7 0.747135 0.209722 0.015104 0.019444
2 0.492708 0.111111 0.023958 0.037037
8 0.726302 0.208333 0.011979 0.020370
0 0.566146 0.191667 0.003125 0.011111
0 0.527344 0.188889 0.002604 0.018519
0 0.526302 0.177315 0.002604 0.017593
0 0.349740 0.084259 0.001563 0.009259
0 0.297135 0.927778 0.022396 0.070370
0 0.463021 0.177315 0.002083 0.017593
0 0.474479 0.081944 0.001042 0.008333
0 0.171354 0.118056 0.004167 0.012037
0 0.982813 0.453704 0.018750 0.038889
0 0.939323 0.472685 0.018229 0.039815
0 0.478125 0.089352 0.001042 0.010185
0 0.478125 0.103704 0.001042 0.011111
0 0.045573 0.590741 0.023438 0.048148
0 0.470573 0.119907 0.001563 0.012037
0 0.288802 0.550000 0.011979 0.033333
0 0.985937 0.159722 0.007292 0.015741
0 0.962240 0.189815 0.007812 0.018519
0 0.761458 0.189815 0.005208 0.018519
1 0.346615 0.087963 0.007812 0.009259
1 0.528646 0.096759 0.014583 0.010185
4 0.829948 0.190278 0.164062 0.060185
4 0.914844 0.103704 0.097396 0.035185