1 0.345833 0.088426 0.008333 0.010185
1 0.528646 0.097222 0.014583 0.011111
4 0.832812 0.191667 0.165625 0.061111
4 0.916667 0.104630 0.097917 0.035185
6 0.022135 0.216667 0.013021 0.018519
6 0.539062 0.156944 0.002083 0.010185
6 0.535937 0.144444 0.002083 0.009259
6 0.069531 0.193981 0.011979 0.010185
6 0.550260 0.175926 0.006771 0.014815
6 0.558073 0.178704 0.006771 0.014815
6 0.537500 0.150463 0.002083 0.010185
2 0.503385 0.294444 0.028646 0.101852
8 0.707031 0.211111 0.011979 0.018519
8 0.507812 0.082407 0.004167 0.009259
1 0.528125 0.082407 0.011458 0.009259
1 0.437240 0.650000 0.039062 0.105556
7 0.749219 0.211574 0.015104 0.019444
2 0.492708 0.112037 0.023958 0.037037
1 0.864062 0.082870 0.016667 0.008333
8 0.728125 0.210185 0.012500 0.020370
0 0.566146 0.193519 0.003125 0.011111
0 0.527865 0.190741 0.002604 0.018519
0 0.526302 0.179167 0.002604 0.017593
0 0.348958 0.085185 0.002083 0.009259
0 0.287760 0.964815 0.024479 0.070370
0 0.462760 0.178241 0.002604 0.017593
0 0.474479 0.082407 0.001042 0.009259
0 0.169792 0.118981 0.004167 0.012037
0 0.991146 0.462500 0.017708 0.039815
0 0.946875 0.481944 0.018750 0.041667
0 0.478125 0.089815 0.001042 0.009259
0 0.478125 0.103704 0.001042 0.011111
0 0.035156 0.605093 0.024479 0.049074
0 0.470573 0.120370 0.001563 0.012963
0 0.284635 0.562500 0.011979 0.034259
0 0.988802 0.160648 0.006771 0.015741
0 0.966406 0.191667 0.007812 0.018519
0 0.763281 0.190741 0.005729 0.018519
1 0.345833 0.088426 0.008333 0.010185
1 0.528906 0.097222 0.014062 0.011111
4 0.832812 0.191667 0.165625 0.061111
4 0.916667 0.104630 0.097917 0.035185