1 0.349479 0.086111 0.007292 0.009259
1 0.527865 0.094444 0.014062 0.011111
4 0.815885 0.181481 0.156771 0.057407
4 0.904688 0.100926 0.094792 0.033333
6 0.046094 0.205093 0.011979 0.017593
6 0.537500 0.150463 0.002083 0.010185
6 0.534896 0.138889 0.002083 0.009259
6 0.088802 0.184722 0.011979 0.010185
6 0.548437 0.168056 0.006250 0.013889
6 0.555469 0.170370 0.006771 0.014815
6 0.535937 0.144907 0.002083 0.010185
2 0.503385 0.272685 0.026563 0.093519
8 0.696875 0.200463 0.011458 0.017593
8 0.510938 0.080093 0.004167 0.008333
1 0.447656 0.543056 0.031771 0.080556
7 0.737240 0.200463 0.014062 0.019444
2 0.492708 0.107870 0.022917 0.036111
8 0.716927 0.199074 0.011979 0.018519
2 0.515625 0.932407 0.136458 0.135185
0 0.565104 0.184259 0.003125 0.011111
0 0.995313 0.181944 0.008333 0.017593
0 0.525260 0.181019 0.002604 0.017593
0 0.525521 0.170833 0.002083 0.017593
0 0.353385 0.082407 0.001563 0.009259
0 0.334635 0.772685 0.017188 0.062037
0 0.464063 0.169444 0.002083 0.016667
0 0.475000 0.080093 0.001042 0.008333
0 0.179948 0.114352 0.003646 0.012037
0 0.938802 0.415278 0.016146 0.036111
0 0.904427 0.430556 0.016146 0.037037
0 0.478646 0.087500 0.001042 0.010185
0 0.993750 0.161111 0.007292 0.016667
0 0.478646 0.100926 0.001042 0.011111
0 0.090625 0.526852 0.019792 0.044444
0 0.006510 0.438426 0.013021 0.037963
0 0.471615 0.116204 0.001563 0.012037
0 0.306771 0.494907 0.010417 0.030556
0 0.971094 0.154167 0.006771 0.015741
0 0.943229 0.182407 0.007292 0.018519
1 0.349479 0.086111 0.007292 0.009259
1 0.528125 0.094444 0.014583 0.011111
4 0.815885 0.181481 0.156771 0.057407
4 0.904688 0.100926 0.094792 0.033333