1 0.340104 0.092130 0.008333 0.010185
1 0.529948 0.101852 0.015104 0.011111
4 0.861719 0.209259 0.181771 0.066667
4 0.936719 0.110185 0.103646 0.037037
6 0.541406 0.167593 0.002604 0.011111
6 0.538021 0.153241 0.002083 0.010185
6 0.036458 0.209722 0.013542 0.012037
6 0.553906 0.188426 0.006771 0.015741
6 0.561979 0.192130 0.007292 0.015741
6 0.539844 0.160648 0.002604 0.010185
2 0.503906 0.335185 0.032812 0.118519
8 0.724479 0.230093 0.013542 0.019444
8 0.503125 0.085648 0.004167 0.008333
1 0.524219 0.085648 0.011979 0.010185
1 0.411458 0.913426 0.059375 0.173148
7 0.770312 0.230556 0.016667 0.022222
2 0.492448 0.118056 0.025521 0.039815
1 0.874219 0.086574 0.017188 0.008333
7 0.502865 0.294444 0.006771 0.029630
1 0.502604 0.314815 0.016667 0.048148
8 0.747656 0.229167 0.014062 0.021296
0 0.568490 0.209259 0.003646 0.012963
0 0.532031 0.206481 0.002604 0.020370
0 0.527344 0.192130 0.002604 0.019444
0 0.342187 0.088426 0.002083 0.010185
0 0.460677 0.193056 0.002604 0.019444
0 0.473958 0.086111 0.001042 0.009259
0 0.152865 0.125463 0.004688 0.013889
0 0.477344 0.093981 0.001563 0.010185
0 0.919271 0.135648 0.005208 0.013889
0 0.477083 0.108796 0.001042 0.012037
0 0.468229 0.127315 0.002083 0.013889
0 0.869271 0.088889 0.003125 0.009259
0 0.236979 0.707870 0.016667 0.041667
0 0.780469 0.206944 0.005729 0.019444
1 0.340104 0.092130 0.008333 0.010185
1 0.529948 0.101852 0.015104 0.011111
4 0.861719 0.209259 0.181771 0.066667
4 0.936719 0.110185 0.103646 0.037037