1 0.338021 0.093519 0.008333 0.009259
1 0.530469 0.103241 0.015104 0.012037
4 0.872135 0.215741 0.188021 0.068519
4 0.943750 0.112037 0.105208 0.037037
6 0.542188 0.171296 0.002083 0.011111
6 0.538802 0.156944 0.002604 0.010185
6 0.024479 0.215278 0.013542 0.012037
6 0.555208 0.193519 0.007292 0.016667
6 0.563542 0.197222 0.007292 0.016667
6 0.540625 0.163889 0.002083 0.011111
2 0.504167 0.351389 0.034375 0.125000
8 0.730990 0.237037 0.014062 0.020370
8 0.501302 0.087037 0.004688 0.009259
1 0.522917 0.086574 0.012500 0.010185
1 0.397656 0.972685 0.071354 0.054630
7 0.778125 0.237963 0.017708 0.022222
2 0.492188 0.119907 0.026042 0.039815
1 0.877604 0.087500 0.017708 0.008333
7 0.503125 0.305093 0.007292 0.030556
8 0.754687 0.236111 0.014583 0.022222
0 0.569271 0.214815 0.003125 0.012963
0 0.533594 0.212037 0.002604 0.020370
0 0.527865 0.196759 0.002604 0.019444
0 0.339583 0.089815 0.002083 0.009259
0 0.459896 0.198611 0.003125 0.019444
0 0.473437 0.087037 0.001042 0.009259
0 0.147135 0.127778 0.004688 0.012963
0 0.904948 0.226389 0.008854 0.021296
0 0.477083 0.095833 0.001042 0.010185
0 0.926823 0.138426 0.005729 0.013889
0 0.476823 0.110648 0.001563 0.012037
0 0.467708 0.129630 0.002083 0.012963
0 0.874219 0.090278 0.003646 0.010185
0 0.215625 0.772222 0.018750 0.044444
0 0.786458 0.212500 0.006250 0.021296
1 0.338021 0.093519 0.008333 0.009259
1 0.530469 0.103241 0.015104 0.012037
4 0.872135 0.215741 0.188021 0.068519
4 0.943750 0.112037 0.105208 0.037037