1 0.339583 0.092593 0.008333 0.009259
1 0.529948 0.101852 0.015104 0.011111
4 0.865104 0.211111 0.183333 0.066667
4 0.939062 0.110648 0.104167 0.036111
6 0.541667 0.168519 0.002083 0.011111
6 0.538542 0.154167 0.002083 0.010185
6 0.032552 0.211574 0.014062 0.012037
6 0.554167 0.190278 0.007292 0.015741
6 0.562500 0.193519 0.007292 0.016667
6 0.540104 0.161574 0.002083 0.010185
2 0.504167 0.340741 0.033333 0.120370
8 0.726562 0.232407 0.013542 0.020370
8 0.502344 0.086111 0.004688 0.009259
1 0.523698 0.085648 0.011979 0.010185
1 0.407552 0.931481 0.063021 0.137037
7 0.772917 0.232870 0.016667 0.021296
2 0.492448 0.118981 0.025521 0.039815
1 0.875260 0.086574 0.017188 0.008333
7 0.503125 0.297685 0.007292 0.030556
8 0.749740 0.231019 0.014062 0.021296
0 0.568750 0.211111 0.003125 0.012963
0 0.532552 0.208333 0.002604 0.020370
0 0.527604 0.193519 0.003125 0.018519
0 0.341406 0.088889 0.001563 0.009259
0 0.460417 0.194907 0.003125 0.019444
0 0.473698 0.086111 0.001563 0.009259
0 0.151042 0.125926 0.004167 0.012963
0 0.477083 0.094907 0.001042 0.010185
0 0.921875 0.136574 0.005208 0.013889
0 0.477083 0.109259 0.001042 0.011111
0 0.468229 0.127778 0.002083 0.012963
0 0.870833 0.089352 0.003125 0.010185
0 0.230469 0.727778 0.017188 0.042593
0 0.782292 0.208333 0.006250 0.020370
1 0.339583 0.092593 0.008333 0.009259
1 0.529948 0.101852 0.015104 0.011111
4 0.865104 0.211111 0.183333 0.066667
4 0.939062 0.110648 0.104167 0.036111