1 0.342708 0.090741 0.008333 0.009259
1 0.529427 0.100000 0.015104 0.011111
4 0.848177 0.200926 0.174479 0.062963
4 0.927604 0.107407 0.101042 0.035185
6 0.540104 0.162963 0.002083 0.011111
6 0.536979 0.149074 0.002083 0.009259
6 0.051823 0.202315 0.013021 0.010185
6 0.552344 0.182870 0.006771 0.015741
6 0.560156 0.185648 0.006771 0.015741
6 0.538542 0.156019 0.002083 0.010185
2 0.503906 0.316204 0.030729 0.110185
8 0.716406 0.221759 0.013021 0.019444
8 0.505208 0.084259 0.004167 0.009259
1 0.525781 0.083796 0.011979 0.010185
1 0.425260 0.775463 0.048437 0.136111
7 0.760677 0.221759 0.016146 0.021296
2 0.492448 0.115278 0.024479 0.037963
1 0.869531 0.084722 0.017188 0.008333
7 0.502865 0.280093 0.006771 0.028704
8 0.738542 0.220370 0.013542 0.020370
0 0.567448 0.202315 0.003646 0.012037
0 0.529948 0.198611 0.002604 0.019444
0 0.526823 0.186111 0.002604 0.018519
0 0.345313 0.087037 0.002083 0.009259
0 0.461719 0.186111 0.002604 0.018519
0 0.473958 0.084259 0.001042 0.009259
0 0.160417 0.122222 0.004167 0.012963
0 0.989583 0.535185 0.020833 0.044444
0 0.477604 0.092130 0.001042 0.010185
0 0.909375 0.131944 0.005208 0.013889
0 0.477604 0.106481 0.001042 0.011111
0 0.469271 0.124074 0.002083 0.012963
0 0.863021 0.087037 0.003125 0.009259
0 0.260938 0.634722 0.014583 0.037963
0 0.987240 0.200000 0.008854 0.020370
0 0.772656 0.199537 0.005729 0.019444
1 0.342708 0.090741 0.008333 0.009259
1 0.529427 0.100000 0.015104 0.011111
4 0.848177 0.200926 0.174479 0.062963
4 0.927604 0.107407 0.101042 0.035185