1 0.341667 0.091204 0.008333 0.010185
1 0.529688 0.100926 0.014583 0.011111
4 0.854688 0.205093 0.178125 0.063889
4 0.932292 0.108796 0.102083 0.036111
6 0.540885 0.165278 0.002604 0.010185
6 0.537500 0.151389 0.002083 0.010185
6 0.044010 0.206481 0.013021 0.011111
6 0.552865 0.185648 0.006771 0.015741
6 0.560938 0.189352 0.007292 0.015741
6 0.539062 0.158333 0.002083 0.011111
2 0.503906 0.325463 0.031771 0.113889
8 0.720573 0.225463 0.013021 0.019444
8 0.504167 0.085185 0.004167 0.009259
1 0.525260 0.084722 0.011979 0.010185
1 0.418750 0.840278 0.053125 0.154630
7 0.765365 0.226389 0.016146 0.021296
2 0.492188 0.116667 0.025000 0.038889
1 0.871615 0.085648 0.017188 0.008333
7 0.502865 0.286574 0.006771 0.028704
8 0.742708 0.224537 0.013542 0.021296
0 0.567969 0.206019 0.003646 0.012037
0 0.530990 0.202778 0.002604 0.020370
0 0.527083 0.188889 0.003125 0.018519
0 0.343750 0.087963 0.002083 0.009259
0 0.461198 0.189815 0.002604 0.018519
0 0.473958 0.085185 0.001042 0.009259
0 0.156771 0.124074 0.004167 0.012963
0 0.999479 0.559722 0.001042 0.045370
0 0.477604 0.093056 0.001042 0.010185
0 0.914062 0.133796 0.005208 0.013889
0 0.477344 0.107870 0.001563 0.012037
0 0.468750 0.125926 0.002083 0.012963
0 0.866146 0.087963 0.003125 0.009259
0 0.249479 0.669907 0.015625 0.039815
0 0.996094 0.203704 0.007812 0.020370
0 0.776302 0.203241 0.005729 0.019444
1 0.341667 0.091204 0.008333 0.010185
1 0.529688 0.100926 0.014583 0.011111
4 0.854688 0.205093 0.178125 0.063889
4 0.932292 0.108796 0.102083 0.036111