1 0.344010 0.089815 0.007812 0.009259
1 0.529167 0.098611 0.014583 0.010185
4 0.841667 0.197222 0.170833 0.062963
4 0.923177 0.106481 0.099479 0.035185
6 0.009375 0.223148 0.013542 0.018519
6 0.539583 0.160648 0.002083 0.010185
6 0.536458 0.147222 0.002083 0.009259
6 0.059115 0.199074 0.013021 0.011111
6 0.551302 0.179630 0.006771 0.014815
6 0.559115 0.182870 0.006771 0.015741
6 0.538021 0.154167 0.002083 0.010185
2 0.503646 0.306944 0.030208 0.106481
8 0.712500 0.217130 0.012500 0.019444
8 0.506250 0.083333 0.004167 0.009259
1 0.526823 0.083333 0.011979 0.009259
1 0.430469 0.718982 0.044271 0.121296
7 0.755729 0.217593 0.015625 0.020370
2 0.492448 0.113889 0.024479 0.037037
7 0.502865 0.273611 0.006771 0.026852
8 0.734115 0.216204 0.013021 0.019444
0 0.566927 0.198611 0.003646 0.012037
0 0.528906 0.195370 0.002604 0.018519
0 0.526563 0.182870 0.003125 0.017593
0 0.346875 0.086111 0.002083 0.009259
0 0.462240 0.183333 0.002604 0.018519
0 0.474479 0.083333 0.001042 0.009259
0 0.164583 0.120833 0.004167 0.012037
0 0.971875 0.512037 0.020833 0.042593
0 0.477865 0.091204 0.001563 0.010185
0 0.904167 0.130093 0.005208 0.013889
0 0.477865 0.105556 0.001563 0.011111
0 0.007552 0.652778 0.015104 0.051852
0 0.469792 0.122222 0.002083 0.012963
0 0.859896 0.086111 0.003125 0.009259
0 0.271354 0.603241 0.013542 0.036111
0 0.997396 0.163889 0.005208 0.016667
0 0.978646 0.196759 0.008333 0.019444
0 0.768490 0.195833 0.005729 0.019444
1 0.344010 0.089815 0.007812 0.009259
1 0.529167 0.098611 0.014583 0.010185
4 0.841667 0.197222 0.170833 0.062963
4 0.923177 0.106481 0.099479 0.035185