1 0.334635 0.095833 0.008854 0.010185
1 0.531250 0.106019 0.015625 0.012037
4 0.891667 0.227315 0.198958 0.071296
4 0.950781 0.115278 0.098438 0.037963
6 0.543490 0.178241 0.002604 0.012037
6 0.540104 0.162500 0.002083 0.010185
6 0.004948 0.226389 0.009896 0.012037
6 0.557292 0.201852 0.007292 0.016667
6 0.566146 0.206019 0.008333 0.017593
6 0.541927 0.170370 0.002604 0.011111
2 0.504687 0.381481 0.037500 0.137037
8 0.742708 0.250000 0.014583 0.022222
8 0.499219 0.088889 0.004688 0.009259
1 0.520833 0.088426 0.012500 0.010185
7 0.792188 0.250463 0.018750 0.023148
2 0.491927 0.124074 0.026563 0.040741
7 0.503385 0.325926 0.007812 0.033333
8 0.767448 0.248611 0.015104 0.023148
0 0.570573 0.225463 0.003646 0.013889
0 0.536198 0.222685 0.002604 0.021296
0 0.528385 0.205093 0.002604 0.019444
0 0.335417 0.092130 0.002083 0.010185
0 0.458333 0.208333 0.003125 0.020370
0 0.472917 0.088889 0.001042 0.009259
0 0.136458 0.131944 0.005208 0.013889
0 0.476562 0.098148 0.001042 0.011111
0 0.476302 0.113426 0.001563 0.012037
0 0.466667 0.133796 0.002083 0.013889
0 0.882552 0.092130 0.003646 0.010185
0 0.169010 0.914352 0.024479 0.050926
0 0.797917 0.222685 0.007292 0.021296
1 0.334635 0.095833 0.008854 0.010185
1 0.531250 0.106019 0.015625 0.012037
4 0.891667 0.227315 0.198958 0.071296
4 0.950781 0.115278 0.098438 0.037963