1 0.332552 0.097685 0.008854 0.010185
1 0.531510 0.107870 0.016146 0.012037
4 0.900781 0.235185 0.198437 0.074074
4 0.954167 0.117593 0.091667 0.038889
6 0.544531 0.182870 0.002604 0.012037
6 0.540885 0.165741 0.002604 0.011111
6 0.558854 0.207870 0.008333 0.017593
6 0.567969 0.211574 0.007812 0.017593
6 0.542969 0.174074 0.002604 0.011111
2 0.504687 0.402315 0.039583 0.147222
8 0.750521 0.258333 0.015625 0.022222
8 0.497656 0.089815 0.004688 0.009259
1 0.520052 0.089815 0.013021 0.011111
7 0.801823 0.258333 0.019271 0.024074
2 0.491667 0.126389 0.027083 0.041667
1 0.887760 0.090741 0.018229 0.009259
7 0.503385 0.340278 0.007812 0.034259
8 0.776042 0.256944 0.015625 0.023148
0 0.571875 0.232407 0.004167 0.012963
0 0.538021 0.229630 0.003125 0.022222
0 0.528906 0.210648 0.002604 0.021296
0 0.332812 0.093056 0.002083 0.010185
0 0.457292 0.214815 0.003125 0.020370
0 0.472656 0.090278 0.001563 0.010185
0 0.129688 0.134722 0.005208 0.013889
0 0.476302 0.099537 0.001563 0.010185
0 0.475781 0.115278 0.001563 0.012037
0 0.465625 0.136574 0.002083 0.013889
0 0.962760 0.134722 0.005729 0.013889
0 0.805208 0.229630 0.007292 0.022222
1 0.332552 0.097685 0.008854 0.010185
1 0.531510 0.107870 0.016146 0.012037
4 0.900781 0.235185 0.198437 0.074074
4 0.954167 0.117593 0.091667 0.038889