1 0.336198 0.094907 0.008854 0.010185
1 0.530729 0.104630 0.015625 0.011111
4 0.883594 0.222685 0.194271 0.069444
4 0.948698 0.113889 0.102604 0.037037
6 0.542969 0.175463 0.002604 0.012037
6 0.539583 0.159722 0.002083 0.010185
6 0.011719 0.221759 0.014062 0.012037
6 0.556510 0.198148 0.007812 0.016667
6 0.564844 0.202315 0.007812 0.017593
6 0.541406 0.167593 0.002604 0.011111
2 0.504427 0.368519 0.035937 0.131481
8 0.738021 0.244907 0.014583 0.021296
8 0.500000 0.087963 0.005208 0.009259
1 0.521875 0.087500 0.012500 0.010185
7 0.786458 0.244907 0.017708 0.023148
2 0.492188 0.122222 0.026042 0.040741
1 0.881250 0.088889 0.017708 0.009259
7 0.503125 0.317130 0.007292 0.032407
8 0.762240 0.243519 0.015104 0.022222
0 0.570052 0.221296 0.003646 0.012963
0 0.535156 0.218056 0.002604 0.021296
0 0.528125 0.201852 0.003125 0.020370
0 0.337500 0.091204 0.002083 0.010185
0 0.459115 0.204630 0.002604 0.020370
0 0.473177 0.087963 0.001563 0.009259
0 0.140885 0.130093 0.004688 0.013889
0 0.476823 0.096759 0.001563 0.010185
0 0.935156 0.141204 0.005729 0.013889
0 0.476562 0.112500 0.001042 0.012037
0 0.467187 0.131944 0.002083 0.013889
0 0.878906 0.091204 0.003646 0.010185
0 0.189583 0.850926 0.021875 0.048148
0 0.793229 0.218981 0.006250 0.021296
1 0.336198 0.094907 0.008854 0.010185
1 0.530729 0.104630 0.015625 0.011111
4 0.883594 0.222685 0.194271 0.069444
4 0.948698 0.113889 0.102604 0.037037