1 0.325521 0.101852 0.009375 0.011111
1 0.532812 0.112963 0.016667 0.012963
4 0.916146 0.262037 0.167708 0.081481
4 0.964844 0.125000 0.070312 0.040741
6 0.547917 0.196296 0.003125 0.012963
6 0.543490 0.177778 0.002604 0.011111
6 0.563542 0.225926 0.008333 0.018519
6 0.573698 0.230556 0.008854 0.018519
6 0.545833 0.187037 0.003125 0.012963
2 0.505729 0.479167 0.047917 0.182407
8 0.776563 0.286574 0.017708 0.025000
8 0.494271 0.093981 0.005208 0.010185
1 0.516927 0.093519 0.013021 0.011111
7 0.832812 0.286574 0.021875 0.026852
2 0.491406 0.134259 0.028646 0.044444
7 0.503906 0.389352 0.008854 0.039815
8 0.804688 0.285185 0.017708 0.025926
0 0.575000 0.254630 0.004167 0.014815
0 0.543750 0.251852 0.003125 0.024074
0 0.530469 0.228704 0.003646 0.022222
0 0.325000 0.097685 0.002083 0.010185
0 0.453646 0.236111 0.003125 0.022222
0 0.471615 0.094444 0.001563 0.009259
0 0.108333 0.143056 0.005208 0.013889
0 0.983073 0.272222 0.011979 0.025926
0 0.475260 0.104630 0.001563 0.011111
0 0.474740 0.120833 0.001563 0.012037
0 0.463542 0.145370 0.002083 0.014815
0 0.829948 0.252778 0.007812 0.024074
1 0.325521 0.101852 0.009375 0.011111
1 0.532812 0.112963 0.016667 0.012963
4 0.916146 0.262037 0.167708 0.081481
4 0.964844 0.125000 0.070312 0.040741