1 0.328646 0.099537 0.009375 0.010185
1 0.532292 0.110648 0.016667 0.012037
4 0.908854 0.249074 0.182292 0.077778
4 0.959896 0.121759 0.080208 0.039815
6 0.546354 0.189815 0.003125 0.012963
6 0.542448 0.172222 0.002604 0.011111
6 0.561458 0.217130 0.008333 0.017593
6 0.570833 0.221296 0.008333 0.018519
6 0.544531 0.181019 0.002604 0.012037
2 0.505208 0.441667 0.043750 0.164815
8 0.764063 0.273148 0.016667 0.024074
8 0.495573 0.092130 0.004688 0.010185
1 0.518229 0.092130 0.012500 0.010185
7 0.818229 0.273611 0.020833 0.025000
2 0.491667 0.131019 0.028125 0.043519
7 0.503646 0.365741 0.008333 0.037037
8 0.791146 0.271759 0.016667 0.025000
0 0.573438 0.244444 0.004167 0.014815
0 0.541146 0.241204 0.003125 0.023148
0 0.529688 0.220370 0.003125 0.022222
0 0.328646 0.095833 0.002083 0.010185
0 0.455208 0.225926 0.003125 0.022222
0 0.472135 0.092593 0.001563 0.009259
0 0.118229 0.139352 0.005208 0.013889
0 0.475781 0.101852 0.001563 0.011111
0 0.475260 0.118056 0.001563 0.012037
0 0.464583 0.141204 0.002083 0.013889
0 0.976562 0.138889 0.006250 0.014815
0 0.818490 0.242130 0.007812 0.023148
1 0.328646 0.099537 0.009375 0.010185
1 0.532292 0.110648 0.016667 0.012037
4 0.908854 0.249074 0.182292 0.077778
4 0.959896 0.121759 0.080208 0.039815