1 0.324740 0.102315 0.009896 0.010185
1 0.533073 0.113426 0.017188 0.012037
4 0.917969 0.265278 0.164062 0.082407
4 0.966146 0.125463 0.067708 0.041667
6 0.548437 0.198148 0.003125 0.012963
6 0.544010 0.179167 0.002604 0.012037
6 0.564323 0.228241 0.008854 0.019444
6 0.574219 0.232870 0.008854 0.019444
6 0.546094 0.188889 0.002604 0.012963
2 0.505990 0.490741 0.049479 0.187037
8 0.779948 0.290278 0.018229 0.025000
8 0.493750 0.094444 0.005208 0.009259
1 0.516406 0.094444 0.013021 0.011111
7 0.837240 0.290278 0.022396 0.026852
2 0.491406 0.135185 0.028646 0.044444
7 0.504167 0.396296 0.009375 0.040741
1 0.503646 0.435648 0.022917 0.075000
8 0.808594 0.288889 0.018229 0.025926
0 0.575521 0.257870 0.004167 0.015741
0 0.544531 0.255093 0.003646 0.025000
0 0.530469 0.231481 0.003646 0.022222
0 0.323958 0.098148 0.002083 0.011111
0 0.453125 0.238889 0.003125 0.022222
0 0.471354 0.094907 0.001042 0.010185
0 0.105729 0.144444 0.005208 0.014815
0 0.475260 0.105093 0.001563 0.012037
0 0.474740 0.121759 0.001563 0.012037
0 0.463281 0.146296 0.002604 0.014815
0 0.833333 0.255556 0.008333 0.024074
1 0.324740 0.102315 0.009896 0.010185
1 0.533333 0.113426 0.016667 0.012037
4 0.917969 0.265278 0.164062 0.082407
4 0.966146 0.125463 0.067708 0.041667