1 0.330208 0.098611 0.009375 0.010185
1 0.532031 0.109722 0.016146 0.012037
4 0.905469 0.243519 0.189063 0.075926
4 0.957552 0.119907 0.084896 0.039815
6 0.545833 0.187037 0.003125 0.012963
6 0.541927 0.169444 0.002604 0.011111
6 0.560417 0.213426 0.008333 0.017593
6 0.569792 0.217593 0.008333 0.018519
6 0.544010 0.178241 0.002604 0.012037
2 0.504948 0.425000 0.042188 0.157407
8 0.758594 0.267130 0.016146 0.023148
8 0.496354 0.091667 0.005208 0.009259
1 0.519010 0.091204 0.013021 0.010185
7 0.811198 0.267130 0.020312 0.025000
2 0.491927 0.128704 0.027604 0.042593
1 0.891927 0.092130 0.018229 0.008333
7 0.503646 0.355093 0.008333 0.036111
8 0.784896 0.265741 0.016667 0.024074
0 0.572917 0.239352 0.004167 0.013889
0 0.539844 0.236574 0.002604 0.023148
0 0.529167 0.216204 0.003125 0.021296
0 0.330469 0.094907 0.001563 0.010185
0 0.455990 0.221759 0.002604 0.021296
0 0.472396 0.091667 0.001042 0.009259
0 0.122917 0.137500 0.005208 0.013889
0 0.476042 0.100926 0.001042 0.011111
0 0.958854 0.149537 0.006250 0.015741
0 0.475521 0.117130 0.001042 0.012037
0 0.465104 0.139352 0.002083 0.013889
0 0.892969 0.094907 0.003646 0.010185
0 0.970833 0.137037 0.006250 0.014815
0 0.813021 0.237037 0.007292 0.022222
1 0.330208 0.098611 0.009375 0.010185
1 0.532031 0.109722 0.016146 0.012037
4 0.905469 0.243519 0.189063 0.075926
4 0.957552 0.119907 0.084896 0.039815