1 0.323958 0.102778 0.009375 0.011111
1 0.533333 0.114352 0.016667 0.012037
4 0.920313 0.268981 0.159375 0.084259
4 0.967448 0.126389 0.065104 0.041667
6 0.548958 0.200463 0.003125 0.013889
6 0.544531 0.181019 0.002604 0.012037
6 0.564844 0.230556 0.008854 0.018519
6 0.575000 0.235648 0.009375 0.019444
6 0.546615 0.190741 0.002604 0.012963
2 0.505990 0.502778 0.050521 0.192593
8 0.783594 0.293981 0.018229 0.025000
8 0.493229 0.094907 0.005208 0.010185
1 0.516406 0.094444 0.013021 0.011111
7 0.841406 0.294444 0.022396 0.027778
2 0.491146 0.136574 0.029167 0.045370
7 0.504167 0.403241 0.009375 0.041667
1 0.503646 0.444444 0.023958 0.077778
8 0.812500 0.292593 0.018750 0.025926
0 0.576042 0.261111 0.004167 0.014815
0 0.545313 0.258333 0.003125 0.024074
0 0.530469 0.233796 0.003646 0.023148
0 0.322917 0.098611 0.002083 0.010185
0 0.452604 0.242130 0.003125 0.023148
0 0.471354 0.095833 0.001042 0.010185
0 0.102865 0.145370 0.005729 0.014815
0 0.994792 0.279167 0.010417 0.026852
0 0.475000 0.105556 0.001042 0.011111
0 0.474219 0.122222 0.001563 0.012963
0 0.463021 0.147222 0.002083 0.014815
0 0.836458 0.258333 0.008333 0.024074
1 0.323958 0.102778 0.009375 0.011111
1 0.533333 0.114352 0.016667 0.012037
4 0.920313 0.268981 0.159375 0.084259
4 0.967448 0.126389 0.065104 0.041667