1 0.326562 0.101389 0.009375 0.010185
1 0.532812 0.112500 0.016667 0.012037
4 0.914062 0.258796 0.171875 0.080556
4 0.963542 0.124074 0.072917 0.040741
6 0.547396 0.194907 0.003125 0.013889
6 0.543490 0.176389 0.002604 0.012037
6 0.563021 0.223148 0.008333 0.018519
6 0.572656 0.228241 0.008854 0.019444
6 0.545573 0.185648 0.002604 0.012037
2 0.505729 0.469444 0.046875 0.177778
8 0.773177 0.283333 0.017188 0.024074
8 0.494531 0.093519 0.004688 0.009259
1 0.517448 0.093519 0.013021 0.011111
7 0.829167 0.283333 0.021875 0.025926
2 0.491406 0.133333 0.028646 0.044444
7 0.503906 0.383333 0.008854 0.038889
8 0.801042 0.281944 0.017708 0.025000
0 0.574479 0.251852 0.004167 0.014815
0 0.543229 0.249074 0.003125 0.024074
0 0.530208 0.226852 0.003125 0.022222
0 0.326042 0.096759 0.002083 0.010185
0 0.453906 0.233333 0.002604 0.022222
0 0.471615 0.093981 0.001563 0.010185
0 0.110937 0.142130 0.005208 0.013889
0 0.977604 0.268519 0.011458 0.025926
0 0.475521 0.103704 0.001042 0.011111
0 0.474740 0.120370 0.001563 0.012963
0 0.463802 0.144444 0.002604 0.014815
0 0.826823 0.249537 0.007812 0.023148
1 0.326562 0.101389 0.009375 0.010185
1 0.532812 0.112500 0.016667 0.012037
4 0.914062 0.258796 0.171875 0.080556
4 0.963542 0.124074 0.072917 0.040741