1 0.328125 0.100463 0.009375 0.010185
1 0.532552 0.111574 0.016146 0.012037
4 0.910417 0.252315 0.179167 0.078704
4 0.961198 0.122222 0.077604 0.040741
6 0.546875 0.191667 0.003125 0.012963
6 0.542708 0.173611 0.002083 0.012037
6 0.561979 0.219444 0.008333 0.018519
6 0.571615 0.224074 0.008854 0.018519
6 0.544792 0.182870 0.003125 0.012037
2 0.505469 0.450463 0.045313 0.169444
8 0.767187 0.276389 0.016667 0.023148
8 0.495313 0.092593 0.005208 0.009259
1 0.517969 0.092593 0.013021 0.011111
7 0.821615 0.276852 0.021354 0.025926
2 0.491667 0.131944 0.028125 0.043519
7 0.503906 0.371759 0.008854 0.037963
8 0.794531 0.275000 0.017188 0.024074
0 0.573958 0.246759 0.004167 0.013889
0 0.541667 0.243981 0.003125 0.023148
0 0.529948 0.222685 0.003646 0.021296
0 0.327604 0.095833 0.002083 0.010185
0 0.454688 0.228704 0.003125 0.022222
0 0.471875 0.093056 0.001042 0.010185
0 0.115885 0.140278 0.005729 0.013889
0 0.475781 0.102778 0.001563 0.011111
0 0.475260 0.118981 0.001563 0.012037
0 0.464323 0.142130 0.002604 0.013889
0 0.979688 0.139815 0.006250 0.014815
0 0.821094 0.244444 0.007812 0.024074
1 0.328125 0.100463 0.009375 0.010185
1 0.532552 0.111574 0.016146 0.012037
4 0.910417 0.252315 0.179167 0.078704
4 0.961198 0.122222 0.077604 0.040741