1 0.316146 0.108333 0.010417 0.011111
1 0.534896 0.120370 0.017708 0.012963
4 0.941146 0.305556 0.117708 0.094444
6 0.552865 0.218519 0.003646 0.014815
6 0.547656 0.195370 0.002604 0.012963
6 0.571094 0.254167 0.009896 0.021296
6 0.582552 0.260185 0.009896 0.022222
6 0.550000 0.206944 0.003125 0.013889
2 0.507812 0.635185 0.065625 0.261111
8 0.819271 0.332870 0.021875 0.028704
8 0.491146 0.099537 0.005208 0.010185
1 0.512760 0.099537 0.014062 0.012037
7 0.884375 0.333333 0.027083 0.029630
2 0.490885 0.145370 0.030729 0.048148
7 0.504948 0.478241 0.010937 0.050926
1 0.504687 0.536574 0.029167 0.100926
8 0.852083 0.331481 0.021875 0.029630
0 0.580469 0.291204 0.004688 0.017593
0 0.552865 0.288426 0.003646 0.026852
0 0.532292 0.256944 0.004167 0.025000
0 0.313802 0.103704 0.002604 0.011111
0 0.448177 0.270370 0.003646 0.025926
0 0.470052 0.100000 0.001563 0.011111
0 0.077083 0.156019 0.006250 0.015741
0 0.473698 0.111574 0.001563 0.012037
0 0.473177 0.129167 0.001563 0.013889
0 0.460417 0.157870 0.002083 0.015741
0 0.869531 0.288426 0.009896 0.026852
1 0.316146 0.108333 0.010417 0.011111
1 0.534896 0.120370 0.017708 0.012963
4 0.941146 0.305556 0.117708 0.094444