1 0.321615 0.104630 0.009896 0.011111
1 0.533854 0.116667 0.016667 0.012963
4 0.926562 0.279630 0.146875 0.087037
4 0.971615 0.129167 0.056771 0.041667
6 0.550000 0.206019 0.003125 0.013889
6 0.545573 0.185185 0.002604 0.012963
6 0.566927 0.237963 0.008854 0.020370
6 0.577604 0.243519 0.009375 0.020370
6 0.547656 0.195370 0.002604 0.012963
2 0.506510 0.539815 0.054688 0.211111
8 0.794531 0.305556 0.019271 0.025926
8 0.492708 0.096296 0.005208 0.009259
1 0.515104 0.096296 0.013542 0.011111
7 0.854688 0.306481 0.023958 0.027778
2 0.491406 0.138889 0.029687 0.046296
7 0.504427 0.425000 0.009896 0.044444
1 0.503906 0.470833 0.025521 0.084259
8 0.824479 0.304167 0.019792 0.026852
0 0.577344 0.269907 0.004688 0.015741
0 0.547656 0.267130 0.003646 0.025000
0 0.530990 0.241204 0.003646 0.023148
0 0.320312 0.100000 0.002083 0.011111
0 0.451042 0.250926 0.003125 0.024074
0 0.470833 0.096759 0.001042 0.010185
0 0.095052 0.148611 0.005729 0.015741
0 0.474740 0.107407 0.001563 0.011111
0 0.474219 0.125000 0.001563 0.012963
0 0.462240 0.150463 0.002604 0.015741
0 0.846615 0.267593 0.008854 0.025926
1 0.321615 0.104630 0.009896 0.011111
1 0.533854 0.116667 0.016667 0.012963
4 0.926562 0.279630 0.146875 0.087037
4 0.971615 0.129167 0.056771 0.041667