1 0.319792 0.105556 0.010417 0.011111
1 0.534115 0.117593 0.017188 0.012963
4 0.930990 0.287500 0.138021 0.089815
6 0.551042 0.209722 0.003125 0.013889
6 0.546094 0.188426 0.002604 0.012037
6 0.568229 0.242593 0.009375 0.020370
6 0.578906 0.248148 0.009896 0.020370
6 0.548437 0.199074 0.003125 0.012963
2 0.507031 0.566204 0.057813 0.225000
8 0.801823 0.314352 0.020312 0.026852
8 0.492448 0.097222 0.005729 0.009259
1 0.514583 0.097222 0.013542 0.011111
7 0.863542 0.314352 0.025000 0.028704
2 0.491146 0.141204 0.030208 0.047222
7 0.504427 0.440741 0.009896 0.046296
1 0.504167 0.489815 0.026042 0.088889
8 0.832552 0.312500 0.020312 0.026852
0 0.578385 0.276389 0.004688 0.015741
0 0.549219 0.274074 0.003646 0.025926
0 0.531510 0.245833 0.003646 0.023148
0 0.318229 0.100926 0.002083 0.011111
0 0.450260 0.256481 0.003646 0.024074
0 0.470573 0.097685 0.001563 0.010185
0 0.089323 0.150926 0.005729 0.014815
0 0.474479 0.108796 0.001042 0.012037
0 0.473698 0.125926 0.001563 0.012963
0 0.461719 0.153241 0.002604 0.015741
0 0.853646 0.274074 0.009375 0.025926
1 0.319792 0.105556 0.010417 0.011111
1 0.534115 0.117593 0.017188 0.012963
4 0.930990 0.287500 0.138021 0.089815