1 0.316927 0.107407 0.009896 0.011111
1 0.534896 0.120370 0.017708 0.012963
4 0.938542 0.300926 0.122917 0.092593
6 0.552344 0.215741 0.003646 0.014815
6 0.547396 0.193519 0.003125 0.012963
6 0.570573 0.251389 0.009896 0.021296
6 0.581510 0.256944 0.009896 0.021296
6 0.550000 0.204630 0.003125 0.012963
2 0.507812 0.617593 0.063542 0.251852
8 0.814844 0.328704 0.021354 0.027778
8 0.491667 0.098611 0.005208 0.010185
1 0.513281 0.098611 0.014062 0.012037
7 0.879167 0.328704 0.026042 0.029630
2 0.490885 0.144444 0.030729 0.048148
7 0.504948 0.468519 0.010937 0.050000
1 0.504427 0.524537 0.028646 0.097222
8 0.847135 0.326389 0.021354 0.028704
0 0.579948 0.287963 0.004688 0.016667
0 0.552083 0.284722 0.004167 0.026852
0 0.532031 0.254167 0.003646 0.025000
0 0.314844 0.102778 0.002604 0.011111
0 0.448698 0.267130 0.003646 0.025000
0 0.470052 0.099537 0.001563 0.010185
0 0.080208 0.154167 0.006250 0.015741
0 0.473958 0.110648 0.001042 0.012037
0 0.473177 0.128704 0.001563 0.012963
0 0.460677 0.156944 0.002604 0.015741
0 0.865625 0.284722 0.009375 0.026852
1 0.316927 0.107407 0.009896 0.011111
1 0.534896 0.120370 0.017708 0.012963
4 0.938542 0.300926 0.122917 0.092593