1 0.322135 0.103704 0.009896 0.011111
1 0.533594 0.115741 0.017188 0.012963
4 0.924479 0.276389 0.151042 0.086111
6 0.549479 0.204167 0.003125 0.013889
6 0.545052 0.183796 0.002604 0.012037
6 0.566406 0.235648 0.008854 0.019444
6 0.576563 0.240741 0.009375 0.020370
6 0.547396 0.193519 0.003125 0.012963
2 0.506250 0.526852 0.053125 0.205556
8 0.790885 0.301852 0.019271 0.025926
8 0.493229 0.095833 0.005208 0.010185
1 0.515625 0.095370 0.013542 0.011111
7 0.850260 0.302778 0.023438 0.027778
2 0.491406 0.138426 0.029687 0.045370
7 0.504167 0.418056 0.009375 0.043519
1 0.503906 0.462037 0.024479 0.081481
8 0.820573 0.300463 0.019271 0.026852
0 0.576823 0.267130 0.004688 0.015741
0 0.546875 0.264352 0.003125 0.025000
0 0.530990 0.238426 0.003646 0.023148
0 0.321094 0.099537 0.002604 0.010185
0 0.451562 0.247685 0.003125 0.023148
0 0.471094 0.096759 0.001563 0.010185
0 0.097656 0.147222 0.005729 0.014815
0 0.474740 0.106944 0.001563 0.012037
0 0.474219 0.124074 0.001563 0.012963
0 0.462500 0.149537 0.002083 0.015741
0 0.843490 0.264352 0.008854 0.025000
1 0.322135 0.103704 0.009896 0.011111
1 0.533594 0.115741 0.017188 0.012963
4 0.924479 0.276389 0.151042 0.086111