1 0.314063 0.109259 0.010417 0.011111
1 0.535417 0.122222 0.017708 0.012963
4 0.946354 0.314352 0.107292 0.097222
6 0.553906 0.222222 0.003646 0.014815
6 0.548437 0.198611 0.003125 0.013889
6 0.572656 0.259722 0.009896 0.021296
6 0.584375 0.265741 0.010417 0.022222
6 0.551042 0.210648 0.003125 0.013889
2 0.508333 0.672685 0.069792 0.280556
8 0.827865 0.342130 0.022396 0.028704
8 0.490625 0.100463 0.005208 0.010185
1 0.511719 0.100463 0.014062 0.012037
7 0.895052 0.342593 0.027604 0.031481
2 0.490885 0.147685 0.031771 0.049074
7 0.505208 0.497685 0.011458 0.052778
1 0.504687 0.561111 0.030208 0.107407
8 0.861458 0.340741 0.022917 0.029630
0 0.581510 0.298611 0.004688 0.017593
0 0.554948 0.295833 0.003646 0.026852
0 0.532812 0.262500 0.004167 0.025000
0 0.311719 0.104630 0.002604 0.011111
0 0.447396 0.277315 0.004167 0.026852
0 0.469531 0.101389 0.001563 0.010185
0 0.071354 0.157870 0.006250 0.015741
0 0.473698 0.112500 0.001563 0.012037
0 0.472656 0.130556 0.001563 0.012963
0 0.459896 0.160185 0.002083 0.016667
0 0.877604 0.295370 0.010417 0.027778
1 0.314063 0.109259 0.010417 0.011111
1 0.535417 0.122222 0.017708 0.012963
4 0.946354 0.314352 0.107292 0.097222