1 0.305729 0.114815 0.011458 0.012963
1 0.536979 0.129167 0.018750 0.013889
4 0.973177 0.361574 0.053646 0.112037
6 0.558594 0.242593 0.003646 0.016667
6 0.552344 0.215278 0.003646 0.013889
6 0.580208 0.287963 0.011458 0.024074
6 0.593229 0.295833 0.011458 0.025000
6 0.555469 0.229167 0.003646 0.015741
2 0.512240 0.850000 0.100521 0.300000
8 0.873958 0.392593 0.027083 0.033333
8 0.487500 0.105093 0.005208 0.010185
1 0.506510 0.105556 0.015104 0.012963
7 0.950521 0.392593 0.033333 0.035185
2 0.490365 0.157870 0.033854 0.052778
7 0.506250 0.606944 0.013542 0.067593
1 0.506250 0.705093 0.038542 0.149074
7 0.615104 0.107870 0.008333 0.010185
8 0.912500 0.390741 0.027083 0.033333
0 0.587240 0.335648 0.005729 0.019444
0 0.564323 0.333796 0.004688 0.030556
0 0.534635 0.290278 0.004688 0.026852
0 0.302083 0.109722 0.003125 0.012037
0 0.440625 0.312500 0.004167 0.028704
0 0.468229 0.106481 0.001042 0.011111
0 0.042448 0.169444 0.006771 0.016667
0 0.472135 0.118981 0.001563 0.012037
0 0.471615 0.137963 0.001563 0.014815
0 0.457031 0.171759 0.002604 0.017593
0 0.611458 0.104167 0.002083 0.006481
0 0.918229 0.332870 0.012500 0.030556
1 0.305729 0.114815 0.011458 0.012963
1 0.536979 0.129167 0.018750 0.013889
4 0.973177 0.361574 0.053646 0.112037