1 0.307552 0.113426 0.010937 0.012037
1 0.536719 0.127315 0.018229 0.013889
4 0.966667 0.350000 0.066667 0.107407
6 0.557552 0.237963 0.003646 0.016667
6 0.551562 0.211574 0.003125 0.013889
6 0.578385 0.281019 0.010937 0.023148
6 0.591146 0.288889 0.011458 0.024074
6 0.554427 0.224537 0.003646 0.015741
2 0.510938 0.827315 0.091667 0.345370
8 0.862500 0.380093 0.026042 0.032407
8 0.488281 0.104167 0.005729 0.010185
1 0.507812 0.104167 0.014583 0.012037
7 0.936719 0.380093 0.031771 0.034259
2 0.490625 0.155556 0.033333 0.051852
7 0.505990 0.578704 0.013021 0.062963
1 0.505729 0.667130 0.036458 0.137963
8 0.900000 0.378241 0.026042 0.032407
0 0.585938 0.326389 0.005208 0.019444
0 0.562240 0.324074 0.004688 0.029630
0 0.534115 0.283796 0.004688 0.026852
0 0.304427 0.108333 0.002604 0.011111
0 0.442187 0.303704 0.004167 0.027778
0 0.468490 0.104630 0.001563 0.011111
0 0.049219 0.166667 0.006771 0.016667
0 0.472656 0.117593 0.001563 0.012963
0 0.471615 0.136574 0.001563 0.013889
0 0.457552 0.169444 0.002604 0.016667
0 0.610417 0.103241 0.002083 0.006481
0 0.908073 0.323611 0.011979 0.030556
1 0.307552 0.113426 0.010937 0.012037
1 0.536719 0.127315 0.018229 0.013889
4 0.966667 0.350000 0.066667 0.107407