1 0.311458 0.111111 0.010417 0.011111
1 0.535677 0.124537 0.018229 0.013889
4 0.954687 0.328704 0.090625 0.101852
6 0.555469 0.229167 0.003646 0.015741
6 0.549479 0.204167 0.003125 0.013889
6 0.575000 0.268519 0.010417 0.022222
6 0.587240 0.275463 0.010937 0.023148
6 0.552604 0.216204 0.003125 0.013889
2 0.509635 0.737963 0.077604 0.318519
8 0.842188 0.357870 0.023958 0.030556
8 0.489583 0.101852 0.005208 0.011111
1 0.510156 0.102315 0.014062 0.012037
7 0.911979 0.357870 0.029167 0.032407
2 0.490625 0.150926 0.032292 0.050000
7 0.505469 0.529630 0.011979 0.057407
1 0.505469 0.602778 0.032812 0.118519
8 0.877083 0.356019 0.023958 0.030556
0 0.583333 0.309722 0.005208 0.017593
0 0.557813 0.307870 0.004167 0.028704
0 0.533333 0.271296 0.004167 0.025926
0 0.308594 0.106481 0.002604 0.011111
0 0.445052 0.287500 0.003646 0.026852
0 0.469271 0.102778 0.001042 0.011111
0 0.061979 0.161574 0.006250 0.015741
0 0.473177 0.114352 0.001563 0.012037
0 0.472396 0.132870 0.002083 0.013889
0 0.458854 0.163889 0.002083 0.016667
0 0.890365 0.306944 0.010937 0.028704
1 0.311458 0.111111 0.010417 0.011111
1 0.535937 0.124537 0.017708 0.013889
4 0.954687 0.328704 0.090625 0.101852