1 0.308594 0.112500 0.010937 0.012037
1 0.536458 0.126389 0.018750 0.013889
4 0.963542 0.344444 0.072917 0.105556
6 0.557031 0.235648 0.003646 0.015741
6 0.551042 0.209722 0.003125 0.013889
6 0.577604 0.278241 0.010417 0.023148
6 0.590104 0.285185 0.011458 0.024074
6 0.553906 0.222222 0.003646 0.014815
2 0.510677 0.816204 0.088021 0.365741
8 0.857292 0.374074 0.025000 0.031481
8 0.488542 0.103241 0.005208 0.010185
1 0.508333 0.103704 0.014583 0.012963
7 0.930208 0.374537 0.031250 0.034259
2 0.490365 0.154630 0.032812 0.051852
7 0.505990 0.565741 0.013021 0.061111
1 0.505729 0.649537 0.035417 0.132407
8 0.894010 0.372685 0.025521 0.032407
0 0.585156 0.322222 0.005729 0.018519
0 0.560938 0.320370 0.004167 0.029630
0 0.533854 0.280556 0.004167 0.025926
0 0.305469 0.107870 0.002604 0.012037
0 0.442708 0.300000 0.004167 0.027778
0 0.468750 0.104630 0.001042 0.011111
0 0.052344 0.165741 0.006771 0.016667
0 0.472656 0.117130 0.001563 0.012037
0 0.471875 0.135648 0.002083 0.013889
0 0.458073 0.167593 0.002604 0.016667
0 0.609896 0.102315 0.002083 0.006481
0 0.903646 0.319444 0.011458 0.029630
1 0.308594 0.112500 0.010937 0.012037
1 0.536458 0.126389 0.018750 0.013889
4 0.963542 0.344444 0.072917 0.105556