1 0.295052 0.122222 0.011979 0.012963
1 0.539323 0.137500 0.020312 0.015741
6 0.565104 0.271759 0.004167 0.019444
6 0.557552 0.237963 0.003646 0.016667
6 0.591406 0.328704 0.013021 0.027778
6 0.606250 0.338889 0.013542 0.027778
6 0.561198 0.254167 0.003646 0.017593
1 0.534115 0.111574 0.011979 0.010185
8 0.946094 0.470370 0.034896 0.038889
8 0.483073 0.111111 0.005729 0.011111
1 0.501042 0.112037 0.015625 0.012963
2 0.489583 0.172222 0.036458 0.057407
7 0.508333 0.810648 0.018750 0.095370
1 0.508854 0.935185 0.056250 0.129630
7 0.621094 0.114352 0.008854 0.010185
8 0.987240 0.468519 0.025521 0.038889
0 0.596875 0.390741 0.006250 0.022222
0 0.578385 0.390278 0.005729 0.034259
0 0.538281 0.330093 0.004688 0.030556
0 0.290104 0.116204 0.003125 0.012037
0 0.432552 0.365741 0.005729 0.033333
0 0.466406 0.112500 0.001563 0.012037
0 0.004167 0.184722 0.008333 0.017593
0 0.470573 0.126852 0.001563 0.012963
0 0.469531 0.147222 0.001563 0.014815
0 0.453385 0.187037 0.002604 0.018519
0 0.618490 0.109722 0.002604 0.006481
0 0.979427 0.388426 0.016146 0.034259
1 0.295052 0.122222 0.011979 0.012963
1 0.539323 0.137037 0.020312 0.014815