1 0.300781 0.118056 0.011979 0.012037
1 0.538281 0.132870 0.019271 0.013889
4 0.991667 0.394907 0.016667 0.121296
6 0.561458 0.256019 0.004167 0.017593
6 0.554688 0.225926 0.003125 0.014815
6 0.585156 0.306481 0.011979 0.025926
6 0.599219 0.315278 0.013021 0.026852
6 0.558073 0.240741 0.003646 0.016667
2 0.516146 0.924537 0.132292 0.150926
1 0.535937 0.108796 0.011458 0.010185
8 0.905990 0.426852 0.030729 0.035185
8 0.485677 0.107870 0.005729 0.010185
1 0.503906 0.108333 0.015104 0.012963
7 0.985156 0.427315 0.029687 0.037963
2 0.489844 0.164352 0.034896 0.054630
7 0.507031 0.691667 0.016146 0.077778
1 0.507292 0.822685 0.045833 0.189815
7 0.617969 0.110648 0.008854 0.010185
8 0.947656 0.425000 0.030729 0.035185
0 0.591406 0.360648 0.005729 0.021296
0 0.570833 0.358796 0.005208 0.032407
0 0.536198 0.308796 0.004688 0.028704
0 0.296354 0.112500 0.003125 0.012037
0 0.436719 0.336574 0.004688 0.030556
0 0.467448 0.109259 0.001563 0.011111
0 0.024479 0.176389 0.007292 0.017593
0 0.471615 0.122685 0.001563 0.012037
0 0.470573 0.142593 0.001563 0.014815
0 0.455469 0.179167 0.002604 0.017593
0 0.614844 0.106944 0.002604 0.006481
0 0.945573 0.357870 0.014062 0.032407
1 0.300781 0.118056 0.011979 0.012037
1 0.538281 0.132870 0.019271 0.013889
4 0.991667 0.394907 0.016667 0.121296