1 0.302865 0.116667 0.010937 0.012963
1 0.537760 0.131019 0.019271 0.013889
4 0.983854 0.380556 0.032292 0.116667
6 0.560417 0.250463 0.004167 0.017593
6 0.553646 0.221296 0.003125 0.014815
6 0.583073 0.298611 0.011979 0.025000
6 0.596615 0.306944 0.011979 0.025000
6 0.557031 0.235648 0.003646 0.015741
2 0.513802 0.890741 0.117188 0.218519
1 0.536719 0.107407 0.011979 0.009259
8 0.892187 0.412037 0.029167 0.035185
8 0.486198 0.106481 0.005729 0.011111
1 0.504948 0.107407 0.015104 0.012963
7 0.972135 0.412500 0.035937 0.037963
2 0.490104 0.162037 0.034375 0.053704
7 0.506510 0.654167 0.015104 0.073148
1 0.506771 0.770370 0.042708 0.170370
7 0.616667 0.109722 0.008333 0.010185
8 0.932292 0.410185 0.029167 0.035185
0 0.589844 0.350000 0.005729 0.020370
0 0.568229 0.348148 0.005208 0.031481
0 0.535417 0.300926 0.004167 0.027778
0 0.298698 0.111574 0.002604 0.012037
0 0.438281 0.325926 0.004688 0.029630
0 0.467708 0.107870 0.001042 0.012037
0 0.032031 0.173611 0.007812 0.017593
0 0.471615 0.121296 0.001563 0.012963
0 0.470833 0.140741 0.002083 0.014815
0 0.455990 0.176389 0.002604 0.017593
0 0.613542 0.105556 0.002083 0.007407
0 0.933854 0.347222 0.013542 0.031481
1 0.302865 0.116667 0.010937 0.012963
1 0.537760 0.131019 0.019271 0.013889
4 0.983854 0.380556 0.032292 0.116667