1 0.302083 0.117593 0.011458 0.012963
1 0.537760 0.131944 0.019271 0.013889
4 0.987500 0.387500 0.025000 0.119444
6 0.560938 0.253241 0.004167 0.017593
6 0.554167 0.223611 0.003125 0.015741
6 0.584115 0.302315 0.011979 0.025000
6 0.597917 0.311111 0.012500 0.025926
6 0.557552 0.238426 0.003646 0.015741
2 0.514844 0.906944 0.124479 0.186111
1 0.536458 0.107870 0.011458 0.010185
8 0.898698 0.419444 0.029687 0.035185
8 0.485677 0.107407 0.005729 0.011111
1 0.504427 0.107407 0.015104 0.012963
7 0.980208 0.419907 0.036458 0.037963
2 0.489844 0.163426 0.034896 0.054630
7 0.506771 0.672222 0.015625 0.075926
1 0.507031 0.795370 0.044271 0.179630
7 0.617188 0.110648 0.008333 0.010185
8 0.939844 0.417593 0.029687 0.035185
0 0.590625 0.354630 0.006250 0.020370
0 0.569531 0.353241 0.004688 0.032407
0 0.535677 0.304630 0.004688 0.027778
0 0.297656 0.111574 0.002604 0.012037
0 0.437500 0.331019 0.004167 0.030556
0 0.467448 0.108333 0.001563 0.011111
0 0.028385 0.175000 0.007812 0.016667
0 0.471615 0.121759 0.001563 0.012037
0 0.470833 0.141667 0.002083 0.014815
0 0.455469 0.177315 0.002604 0.017593
0 0.614062 0.106019 0.002083 0.006481
0 0.939583 0.352315 0.013542 0.032407
1 0.302083 0.117593 0.011458 0.012963
1 0.537760 0.131944 0.019271 0.013889
4 0.987500 0.387500 0.025000 0.119444