1 0.296094 0.121296 0.011979 0.012963
1 0.539062 0.137037 0.019792 0.014815
6 0.564323 0.268519 0.004688 0.018519
6 0.557031 0.235648 0.003646 0.015741
6 0.590104 0.324537 0.012500 0.026852
6 0.604948 0.334259 0.014062 0.027778
6 0.560417 0.251852 0.004167 0.016667
1 0.534635 0.111111 0.011979 0.011111
8 0.938281 0.462037 0.033854 0.038889
8 0.483594 0.110185 0.005729 0.011111
1 0.501562 0.111111 0.015625 0.012963
2 0.489583 0.170833 0.036458 0.056481
7 0.508073 0.786574 0.018229 0.091667
1 0.508333 0.920370 0.054167 0.159259
7 0.620573 0.113426 0.008854 0.010185
8 0.983073 0.459722 0.033854 0.037963
0 0.595833 0.385185 0.006250 0.022222
0 0.577083 0.384259 0.005208 0.035185
0 0.537760 0.325926 0.004688 0.029630
0 0.291146 0.115278 0.003125 0.012037
0 0.433333 0.359722 0.005208 0.032407
0 0.466667 0.112037 0.001042 0.011111
0 0.007812 0.183333 0.008333 0.018519
0 0.470573 0.125926 0.001563 0.012963
0 0.469792 0.146296 0.002083 0.014815
0 0.453646 0.186111 0.003125 0.018519
0 0.617708 0.109259 0.002083 0.007407
0 0.972917 0.382870 0.015625 0.034259
1 0.296094 0.121296 0.011979 0.012963
1 0.539062 0.137037 0.019792 0.014815