1 0.289583 0.125463 0.012500 0.013889
1 0.540365 0.142130 0.020312 0.015741
6 0.569010 0.287963 0.004688 0.020370
6 0.560417 0.250463 0.004167 0.017593
6 0.597656 0.352778 0.014062 0.029630
6 0.613802 0.364352 0.015104 0.030556
6 0.564583 0.268519 0.004167 0.018519
1 0.532292 0.114815 0.012500 0.011111
8 0.985677 0.519907 0.028646 0.043519
8 0.480729 0.113889 0.006250 0.011111
1 0.498437 0.115278 0.015625 0.013889
2 0.489323 0.179167 0.038021 0.060185
7 0.510156 0.952778 0.022396 0.094444
8 0.588542 0.175463 0.008333 0.015741
7 0.624219 0.117593 0.008854 0.011111
0 0.602344 0.424537 0.006771 0.025000
0 0.586458 0.425000 0.006250 0.037037
0 0.540885 0.352778 0.004688 0.031481
0 0.283854 0.118981 0.003125 0.012037
0 0.428906 0.397685 0.006771 0.036111
0 0.465365 0.116204 0.001563 0.012037
0 0.469531 0.131019 0.001563 0.013889
0 0.468750 0.152315 0.002083 0.015741
0 0.451302 0.195833 0.002604 0.019444
0 0.622135 0.112500 0.002604 0.006481
1 0.289583 0.125463 0.012500 0.013889
1 0.540625 0.142130 0.020833 0.015741