1 0.290625 0.125000 0.012500 0.012963
1 0.540365 0.141204 0.020312 0.015741
6 0.567969 0.284722 0.004688 0.019444
6 0.559635 0.248148 0.003646 0.016667
6 0.596094 0.347685 0.014062 0.028704
6 0.612240 0.358796 0.015104 0.030556
6 0.563802 0.265741 0.004688 0.018519
1 0.532552 0.113889 0.011979 0.011111
8 0.980990 0.508796 0.038021 0.041667
8 0.481250 0.112963 0.006250 0.011111
1 0.498958 0.114815 0.015625 0.014815
2 0.489323 0.177778 0.038021 0.059259
7 0.509635 0.928704 0.021354 0.112963
7 0.623438 0.116667 0.009375 0.011111
0 0.600781 0.416667 0.006771 0.024074
0 0.584896 0.417593 0.006250 0.037037
0 0.540365 0.348148 0.004688 0.031481
0 0.284896 0.118519 0.003125 0.012963
0 0.429948 0.390278 0.006771 0.036111
0 0.465885 0.115278 0.001563 0.012037
0 0.469531 0.130093 0.001563 0.013889
0 0.468750 0.150926 0.002083 0.014815
0 0.451823 0.193981 0.002604 0.019444
0 0.621354 0.112037 0.002083 0.007407
0 0.999479 0.414815 0.001042 0.037037
1 0.290625 0.125000 0.012500 0.012963
1 0.540365 0.141204 0.020312 0.015741