1 0.282552 0.130093 0.013021 0.013889
1 0.541927 0.147685 0.021354 0.015741
6 0.573958 0.310185 0.005208 0.022222
6 0.564062 0.267593 0.004167 0.018519
6 0.606250 0.386111 0.015625 0.033333
6 0.624740 0.400000 0.017188 0.033333
6 0.569010 0.287963 0.004688 0.020370
1 0.530729 0.118519 0.012500 0.011111
8 0.477083 0.117593 0.006250 0.011111
1 0.495313 0.120370 0.015625 0.014815
2 0.488802 0.189352 0.040104 0.063889
8 0.592448 0.183796 0.008854 0.015741
7 0.628125 0.121296 0.009375 0.011111
0 0.610156 0.472685 0.007812 0.026852
0 0.598698 0.475463 0.007812 0.041667
0 0.544271 0.384722 0.005208 0.034259
0 0.275521 0.123148 0.003125 0.012963
0 0.423698 0.443981 0.007812 0.039815
0 0.464323 0.119907 0.001563 0.012037
0 0.468229 0.136574 0.002083 0.013889
0 0.451042 0.123148 0.002083 0.012963
0 0.467448 0.158796 0.001563 0.015741
0 0.448698 0.206944 0.002604 0.019444
0 0.626562 0.116667 0.002083 0.007407
1 0.282552 0.130093 0.013021 0.013889
1 0.541927 0.147685 0.021354 0.015741