1 0.288542 0.126389 0.012500 0.013889
1 0.540625 0.143056 0.020833 0.015741
6 0.569792 0.291667 0.005208 0.020370
6 0.560938 0.253241 0.004167 0.017593
6 0.598958 0.357870 0.014583 0.030556
6 0.615625 0.369907 0.015625 0.030556
6 0.565365 0.272222 0.004688 0.018519
1 0.532031 0.115278 0.011979 0.010185
8 0.990625 0.531018 0.018750 0.043519
8 0.480208 0.114815 0.006250 0.011111
1 0.497917 0.116204 0.015625 0.013889
2 0.489062 0.181019 0.038542 0.060185
7 0.510677 0.970370 0.023438 0.059259
8 0.589063 0.176852 0.008333 0.014815
7 0.624740 0.118056 0.008854 0.010185
0 0.603646 0.431944 0.007292 0.025000
0 0.588542 0.432870 0.006250 0.037963
0 0.541406 0.357870 0.004688 0.032407
0 0.282292 0.119907 0.003125 0.012037
0 0.428385 0.404630 0.006771 0.037037
0 0.465365 0.116204 0.001563 0.012037
0 0.469271 0.131944 0.002083 0.013889
0 0.468490 0.153241 0.001563 0.015741
0 0.450781 0.197685 0.002604 0.019444
0 0.622656 0.112963 0.002604 0.007407
1 0.288542 0.126389 0.012500 0.013889
1 0.540885 0.143056 0.020312 0.015741