1 0.269531 0.138889 0.014062 0.014815
1 0.544792 0.158796 0.022917 0.017593
6 0.584375 0.356019 0.006250 0.025000
6 0.571875 0.301389 0.005208 0.021296
6 0.625781 0.458333 0.019271 0.038889
6 0.648438 0.477778 0.020833 0.040741
6 0.577865 0.327315 0.005729 0.023148
1 0.527865 0.125463 0.013021 0.012037
8 0.470052 0.124537 0.006771 0.012037
1 0.491146 0.129167 0.014583 0.015741
7 0.646615 0.125463 0.009896 0.012037
2 0.487760 0.208333 0.044271 0.070370
8 0.600260 0.200463 0.009896 0.017593
7 0.635156 0.129167 0.009896 0.012037
0 0.627865 0.582870 0.010937 0.032407
0 0.627604 0.593518 0.010417 0.050000
0 0.551823 0.452778 0.005729 0.038889
0 0.260677 0.131019 0.003646 0.013889
0 0.411198 0.549537 0.009896 0.047222
0 0.462240 0.127778 0.001563 0.012963
0 0.851042 0.177315 0.006250 0.017593
0 0.466146 0.146296 0.002083 0.014815
0 0.448958 0.130093 0.002083 0.013889
0 0.465104 0.170370 0.002083 0.016667
0 0.443750 0.228241 0.003125 0.021296
0 0.634635 0.123148 0.002604 0.007407
0 0.846615 0.184259 0.005729 0.011111
1 0.269531 0.138889 0.014062 0.014815
1 0.544792 0.158796 0.022917 0.017593