1 0.272135 0.137037 0.014062 0.014815
1 0.544271 0.156481 0.022917 0.016667
6 0.581771 0.345833 0.006250 0.025000
6 0.570312 0.293519 0.005208 0.020370
6 0.621354 0.441667 0.018750 0.037037
6 0.642708 0.459259 0.019792 0.038889
6 0.575781 0.318519 0.005729 0.022222
1 0.528385 0.124074 0.013021 0.011111
8 0.471615 0.123611 0.006771 0.012037
1 0.492188 0.127315 0.014583 0.015741
2 0.488021 0.203704 0.043750 0.068519
8 0.598437 0.196759 0.009375 0.017593
7 0.633594 0.127315 0.009896 0.012037
0 0.623698 0.556481 0.009896 0.031481
0 0.620573 0.564815 0.009896 0.048148
0 0.550260 0.437500 0.005729 0.037963
0 0.263802 0.129630 0.003646 0.012963
0 0.414583 0.524074 0.009375 0.046296
0 0.462760 0.125926 0.001563 0.012963
0 0.845573 0.174537 0.005729 0.017593
0 0.466667 0.143981 0.002083 0.013889
0 0.449479 0.128704 0.002083 0.012963
0 0.465625 0.167593 0.002083 0.016667
0 0.444792 0.223611 0.003125 0.021296
0 0.794010 0.148611 0.003646 0.010185
0 0.633073 0.121296 0.002604 0.007407
0 0.840885 0.180556 0.005729 0.011111
1 0.272135 0.137037 0.014062 0.014815
1 0.544271 0.156481 0.022917 0.016667