1 0.274740 0.135185 0.014062 0.014815
1 0.543490 0.154167 0.022396 0.015741
6 0.579948 0.336111 0.005729 0.024074
6 0.568490 0.287037 0.004688 0.020370
6 0.617188 0.426389 0.017708 0.036111
6 0.637760 0.443519 0.019271 0.037037
6 0.573958 0.310648 0.005208 0.021296
1 0.528906 0.122685 0.013021 0.012037
8 0.473177 0.121759 0.006771 0.012037
1 0.492969 0.125463 0.015104 0.015741
2 0.488021 0.200463 0.042708 0.067593
8 0.596875 0.193519 0.009375 0.016667
7 0.632031 0.125926 0.009896 0.011111
0 0.619792 0.532870 0.009375 0.030556
0 0.614323 0.539815 0.008854 0.046296
0 0.548698 0.423148 0.005729 0.037037
0 0.266667 0.127778 0.003125 0.012963
0 0.416927 0.501852 0.008854 0.044444
0 0.463281 0.124074 0.001563 0.012963
0 0.840365 0.171759 0.005729 0.017593
0 0.466927 0.142130 0.001563 0.013889
0 0.450000 0.127315 0.002083 0.013889
0 0.466146 0.165278 0.002083 0.015741
0 0.445833 0.218981 0.003125 0.021296
0 0.631250 0.120370 0.002083 0.007407
0 0.835417 0.177778 0.005208 0.011111
1 0.274740 0.135185 0.014062 0.014815
1 0.543750 0.154167 0.021875 0.015741