1 0.281250 0.131019 0.013542 0.013889
1 0.542188 0.148611 0.021875 0.015741
6 0.574740 0.314815 0.005729 0.022222
6 0.564844 0.270370 0.004688 0.018519
6 0.608073 0.392593 0.016146 0.033333
6 0.626823 0.406944 0.017188 0.034259
6 0.569792 0.291667 0.005208 0.020370
1 0.530208 0.119444 0.012500 0.011111
8 0.476562 0.118519 0.006250 0.011111
1 0.494792 0.121296 0.015625 0.014815
2 0.488542 0.191204 0.040625 0.063889
8 0.593229 0.185648 0.009375 0.015741
7 0.628646 0.122222 0.009375 0.011111
0 0.611719 0.481944 0.007812 0.026852
0 0.601042 0.485185 0.007292 0.042593
0 0.544792 0.390741 0.005208 0.035185
0 0.273958 0.124074 0.003125 0.012963
0 0.422656 0.452778 0.007812 0.040741
0 0.464323 0.120833 0.001563 0.012037
0 0.467969 0.137500 0.001563 0.013889
0 0.450781 0.123148 0.001563 0.012963
0 0.467187 0.159722 0.002083 0.015741
0 0.448177 0.209259 0.002604 0.020370
0 0.627344 0.116667 0.002604 0.007407
1 0.281250 0.131019 0.013542 0.013889
1 0.542448 0.148611 0.021354 0.015741