1 0.737760 0.194907 0.021354 0.023148
1 0.257812 0.146759 0.015625 0.015741
1 0.547396 0.168519 0.023958 0.018519
6 0.595052 0.402778 0.007812 0.029630
6 0.579427 0.334259 0.005729 0.024074
6 0.647135 0.537963 0.023438 0.046296
6 0.674479 0.564815 0.026042 0.048148
6 0.586719 0.367130 0.006771 0.026852
1 0.525000 0.131944 0.013542 0.012037
8 0.463281 0.131019 0.006771 0.012037
1 0.488542 0.137500 0.012500 0.017593
7 0.646615 0.131944 0.009896 0.012037
1 0.660417 0.135185 0.016667 0.012963
2 0.486719 0.225463 0.048437 0.076852
8 0.607292 0.215278 0.010417 0.019444
7 0.641146 0.135648 0.010417 0.012037
0 0.651042 0.716667 0.014583 0.038889
0 0.664062 0.738889 0.014583 0.059259
0 0.559896 0.526852 0.007292 0.044444
0 0.247135 0.137963 0.003646 0.014815
0 0.396875 0.677778 0.012500 0.055556
0 0.460677 0.134259 0.001563 0.012963
0 0.874740 0.190741 0.006771 0.018519
0 0.464063 0.155093 0.002083 0.015741
0 0.447135 0.136574 0.002604 0.013889
0 0.463021 0.181019 0.002083 0.017593
0 0.439323 0.248148 0.003646 0.024074
0 0.641927 0.129167 0.002604 0.008333
0 0.871615 0.197685 0.006771 0.012037
1 0.737760 0.194907 0.021354 0.023148
1 0.257812 0.146759 0.015625 0.015741
1 0.547396 0.168519 0.023958 0.018519