1 0.263802 0.142593 0.015104 0.014815
1 0.546094 0.163426 0.023438 0.017593
6 0.589323 0.377778 0.006771 0.027778
6 0.575521 0.316667 0.005208 0.022222
6 0.635417 0.494444 0.020833 0.042593
6 0.659896 0.516667 0.022917 0.044444
6 0.582292 0.345833 0.006250 0.025000
1 0.526563 0.128241 0.013542 0.012037
8 0.466927 0.127778 0.006771 0.012963
1 0.489583 0.133333 0.013542 0.016667
7 0.646615 0.128241 0.009896 0.012037
1 0.656510 0.132407 0.016146 0.012963
2 0.487240 0.216204 0.046354 0.073148
8 0.603385 0.207407 0.009896 0.018519
8 0.185937 0.129167 0.008333 0.012037
7 0.637760 0.131944 0.009896 0.012037
0 0.638542 0.641667 0.012500 0.035185
0 0.643750 0.656944 0.012500 0.054630
0 0.555469 0.486574 0.006771 0.041667
0 0.253906 0.134722 0.003646 0.013889
0 0.404948 0.606019 0.010937 0.050926
0 0.461458 0.130556 0.002083 0.012963
0 0.862500 0.183796 0.006250 0.017593
0 0.465104 0.150463 0.002083 0.015741
0 0.448177 0.132870 0.002604 0.013889
0 0.464063 0.175463 0.002083 0.017593
0 0.441667 0.237500 0.003125 0.023148
0 0.638281 0.125926 0.002604 0.007407
0 0.858333 0.190278 0.006250 0.012037
1 0.264062 0.142593 0.014583 0.014815
1 0.546094 0.163426 0.023438 0.017593