1 0.733854 0.191204 0.020833 0.023148
1 0.261198 0.144444 0.015104 0.014815
1 0.546875 0.165741 0.023958 0.018519
6 0.592188 0.389815 0.007292 0.029630
6 0.577344 0.325463 0.005729 0.023148
6 0.640885 0.515278 0.022396 0.043519
6 0.666927 0.539815 0.024479 0.046296
6 0.584375 0.356481 0.006250 0.025926
1 0.525521 0.130093 0.013542 0.012037
8 0.465104 0.129167 0.007292 0.012037
1 0.489062 0.135648 0.013542 0.017593
7 0.646615 0.130093 0.009896 0.012037
1 0.658333 0.133796 0.016667 0.012037
2 0.486979 0.220833 0.046875 0.075000
8 0.605208 0.211111 0.010417 0.018519
8 0.182552 0.131019 0.008854 0.012037
7 0.639583 0.133796 0.010417 0.012037
0 0.644792 0.676852 0.013542 0.037037
0 0.653385 0.695370 0.013021 0.057407
0 0.557552 0.505556 0.006771 0.042593
0 0.250781 0.136574 0.003646 0.013889
0 0.401302 0.639815 0.011979 0.053704
0 0.460938 0.132407 0.002083 0.012963
0 0.868490 0.187037 0.006771 0.018519
0 0.464583 0.152315 0.002083 0.015741
0 0.447656 0.134722 0.002604 0.013889
0 0.463542 0.178241 0.002083 0.017593
0 0.440625 0.243056 0.003125 0.023148
0 0.639844 0.127315 0.002604 0.008333
0 0.864844 0.193981 0.006771 0.012037
1 0.733854 0.191204 0.020833 0.023148
1 0.261198 0.144444 0.015104 0.014815
1 0.546875 0.165741 0.023958 0.018519