1 0.266667 0.140741 0.014583 0.014815
1 0.545573 0.160648 0.023438 0.017593
6 0.586719 0.366667 0.006771 0.025926
6 0.573698 0.308796 0.005729 0.021296
6 0.630469 0.475926 0.020312 0.040741
6 0.654167 0.497222 0.021875 0.042593
6 0.579948 0.337037 0.005729 0.024074
1 0.527083 0.127315 0.013542 0.012037
8 0.468490 0.126389 0.006771 0.012037
1 0.490365 0.131481 0.014062 0.016667
7 0.646615 0.126852 0.009896 0.011111
2 0.487240 0.212037 0.045313 0.072222
8 0.601823 0.203704 0.009896 0.018519
7 0.636458 0.130093 0.010417 0.012037
0 0.632812 0.611111 0.011458 0.033333
0 0.635417 0.624074 0.011458 0.051852
0 0.553646 0.469444 0.006250 0.040741
0 0.257031 0.132870 0.003646 0.013889
0 0.408333 0.576852 0.010417 0.050000
0 0.461719 0.129167 0.001563 0.013889
0 0.856771 0.180556 0.006250 0.018519
0 0.465625 0.148148 0.002083 0.014815
0 0.448438 0.131944 0.002083 0.013889
0 0.464583 0.172685 0.002083 0.017593
0 0.442708 0.232870 0.003125 0.023148
0 0.636198 0.124537 0.002604 0.008333
0 0.852604 0.187037 0.006250 0.011111
1 0.266667 0.140741 0.014583 0.014815
1 0.545573 0.160648 0.023438 0.017593