1 0.763021 0.217130 0.025000 0.026852
1 0.238281 0.159259 0.017188 0.016667
1 0.551823 0.185185 0.026563 0.020370
6 0.617188 0.500000 0.010417 0.038889
6 0.594531 0.400000 0.007812 0.029630
6 0.696354 0.722685 0.034375 0.063889
6 0.736979 0.770833 0.038542 0.067593
6 0.604948 0.446296 0.008854 0.033333
1 0.519792 0.142130 0.014583 0.013889
8 0.450781 0.141204 0.007812 0.013889
1 0.485677 0.151852 0.010937 0.020370
1 0.476562 0.244907 0.013542 0.028704
7 0.646615 0.141667 0.010937 0.012963
1 0.672135 0.146759 0.018229 0.013889
2 0.484896 0.258333 0.055208 0.088889
8 0.619531 0.241667 0.011979 0.020370
7 0.651302 0.146296 0.010937 0.012963
2 0.130990 0.138426 0.045313 0.045370
0 0.578125 0.692593 0.010417 0.053704
0 0.224740 0.149537 0.004688 0.015741
0 0.457812 0.145370 0.002083 0.014815
0 0.916667 0.212963 0.008333 0.020370
0 0.460417 0.170370 0.002083 0.016667
0 0.443750 0.147222 0.002083 0.014815
0 0.459635 0.198611 0.002604 0.019444
0 0.431771 0.285648 0.004167 0.026852
0 0.653646 0.138889 0.003125 0.009259
0 0.915885 0.221759 0.007812 0.013889
1 0.763021 0.217130 0.025000 0.026852
1 0.238281 0.159259 0.017188 0.016667
1 0.551823 0.185185 0.026563 0.020370