1 0.745573 0.201389 0.022396 0.025000
1 0.251823 0.150463 0.016146 0.015741
1 0.548958 0.173611 0.025000 0.019444
6 0.601302 0.430093 0.008854 0.032407
6 0.583854 0.353704 0.006250 0.025926
6 0.660417 0.587500 0.026042 0.050926
6 0.691146 0.619444 0.029167 0.053704
6 0.592188 0.390278 0.007292 0.028704
1 0.523698 0.135185 0.014062 0.012963
8 0.459375 0.134259 0.007292 0.012963
1 0.487500 0.141667 0.012500 0.018519
7 0.646615 0.134722 0.010937 0.012037
1 0.663802 0.138889 0.017188 0.012963
2 0.486198 0.235648 0.050521 0.080556
8 0.611198 0.223611 0.010937 0.019444
8 0.171615 0.136111 0.008854 0.012963
7 0.644271 0.138889 0.010417 0.012963
0 0.665365 0.806481 0.018229 0.044444
0 0.689062 0.837963 0.016667 0.064815
0 0.565104 0.571759 0.008333 0.047222
0 0.240104 0.141667 0.004167 0.014815
0 0.387760 0.763426 0.015104 0.062037
0 0.459635 0.137500 0.001563 0.013889
0 0.887500 0.197685 0.007292 0.019444
0 0.463021 0.159722 0.002083 0.015741
0 0.446094 0.139815 0.002604 0.014815
0 0.461979 0.186111 0.002083 0.018519
0 0.437240 0.259259 0.003646 0.024074
0 0.823698 0.165278 0.004688 0.012037
0 0.645573 0.131944 0.002604 0.008333
0 0.885156 0.205093 0.006771 0.012037
1 0.745573 0.201389 0.022396 0.025000
1 0.251823 0.150463 0.016146 0.015741
1 0.548958 0.173611 0.025000 0.019444