1 0.747396 0.203241 0.022917 0.025000
1 0.250260 0.151852 0.016146 0.016667
1 0.548958 0.175000 0.025000 0.018519
6 0.602865 0.437963 0.008854 0.033333
6 0.585156 0.358333 0.006771 0.025926
6 0.664062 0.601389 0.027083 0.052778
6 0.695573 0.634722 0.029687 0.054630
6 0.593490 0.396296 0.007812 0.029630
1 0.523177 0.136111 0.014062 0.012963
8 0.458333 0.135185 0.007292 0.012963
1 0.487240 0.142593 0.011979 0.018519
1 0.478125 0.227778 0.012500 0.025926
7 0.646615 0.135648 0.010937 0.012037
1 0.664844 0.139815 0.017188 0.012963
2 0.486198 0.237963 0.050521 0.081481
8 0.611979 0.225463 0.011458 0.019444
7 0.645052 0.139815 0.010937 0.012963
0 0.669531 0.832870 0.018229 0.045370
0 0.696094 0.866204 0.017188 0.065741
0 0.566146 0.584259 0.008333 0.048148
0 0.238542 0.142593 0.004167 0.014815
0 0.385156 0.788889 0.015104 0.062963
0 0.459635 0.138426 0.001563 0.013889
0 0.890885 0.199537 0.007812 0.019444
0 0.462500 0.160648 0.002083 0.015741
0 0.445573 0.140741 0.002604 0.014815
0 0.461719 0.187963 0.002604 0.018519
0 0.436458 0.262500 0.004167 0.025000
0 0.825781 0.166204 0.004688 0.012037
0 0.646615 0.132870 0.002604 0.008333
1 0.747396 0.203241 0.022917 0.025000
1 0.250260 0.151852 0.016146 0.016667
1 0.549219 0.175000 0.025521 0.018519