1 0.749479 0.205093 0.022917 0.025000
1 0.248698 0.152778 0.016146 0.016667
1 0.549479 0.176389 0.025000 0.019444
6 0.604948 0.445833 0.008854 0.034259
6 0.586198 0.363889 0.006771 0.025926
6 0.667969 0.616204 0.027604 0.052778
6 0.700781 0.650463 0.030729 0.056481
6 0.595052 0.402778 0.007812 0.029630
1 0.522656 0.137037 0.014062 0.012963
8 0.457292 0.136111 0.007292 0.012963
1 0.486719 0.143981 0.011979 0.019444
1 0.478125 0.230556 0.012500 0.025926
7 0.646615 0.136574 0.010937 0.012037
1 0.665885 0.140741 0.017188 0.012963
2 0.485938 0.240741 0.051042 0.083333
8 0.613021 0.227315 0.011458 0.019444
7 0.646094 0.140741 0.010937 0.012963
0 0.673958 0.861574 0.019792 0.047222
0 0.159375 0.114352 0.004167 0.013889
0 0.703906 0.897685 0.018229 0.067593
0 0.567708 0.597685 0.008333 0.049074
0 0.236458 0.143519 0.004167 0.014815
0 0.382292 0.816667 0.015625 0.064815
0 0.459375 0.139352 0.002083 0.013889
0 0.462240 0.162037 0.002604 0.016667
0 0.445573 0.141667 0.002604 0.014815
0 0.461458 0.188889 0.002083 0.018519
0 0.435677 0.265278 0.003646 0.025000
0 0.828385 0.167593 0.004688 0.011111
0 0.647656 0.133796 0.002604 0.008333
1 0.749479 0.205093 0.022917 0.025000
1 0.248698 0.152778 0.016146 0.016667
1 0.549479 0.176389 0.025000 0.019444