1 0.756250 0.211111 0.023958 0.025926
1 0.243490 0.156019 0.017188 0.017593
1 0.550521 0.181019 0.026042 0.019444
6 0.610677 0.471759 0.009896 0.036111
6 0.590104 0.381481 0.007292 0.027778
6 0.681510 0.666667 0.030729 0.057407
6 0.717708 0.707407 0.034375 0.062963
6 0.600000 0.424074 0.008333 0.031481
1 0.521354 0.139815 0.014583 0.012963
8 0.454167 0.138426 0.007292 0.013889
1 0.485938 0.147685 0.011458 0.019444
1 0.477344 0.237500 0.013021 0.026852
7 0.646615 0.139352 0.010937 0.012037
1 0.668750 0.143519 0.017708 0.012963
2 0.485417 0.249537 0.053125 0.086111
8 0.616146 0.234722 0.011458 0.019444
7 0.648698 0.143519 0.010937 0.012963
2 0.137760 0.135185 0.044271 0.044444
0 0.690365 0.962963 0.022396 0.051852
0 0.153646 0.118056 0.004167 0.013889
0 0.732031 0.987500 0.022396 0.025000
0 0.572656 0.643056 0.009896 0.050926
0 0.230729 0.146296 0.004167 0.014815
0 0.372135 0.914352 0.018229 0.069444
0 0.458594 0.142593 0.001563 0.014815
0 0.905469 0.206944 0.007812 0.019444
0 0.461458 0.165741 0.002083 0.016667
0 0.444531 0.144444 0.002604 0.014815
0 0.460417 0.193981 0.002083 0.019444
0 0.151042 0.128704 0.004167 0.014815
0 0.433854 0.275000 0.004167 0.025926
0 0.835677 0.171759 0.004688 0.012037
0 0.650781 0.136574 0.002604 0.008333
0 0.903906 0.214815 0.007812 0.012963
1 0.756250 0.211111 0.023958 0.025926
1 0.243490 0.156019 0.017188 0.017593
1 0.550521 0.181019 0.026042 0.019444