1 0.775521 0.228241 0.027083 0.028704
1 0.228906 0.165741 0.018229 0.018519
1 0.553906 0.193056 0.027604 0.021296
6 0.630208 0.556481 0.012500 0.044444
6 0.602604 0.435648 0.008333 0.032407
6 0.729427 0.846296 0.042188 0.075926
6 0.779948 0.912037 0.048437 0.083333
6 0.615104 0.491204 0.010417 0.037963
1 0.516406 0.146759 0.015104 0.013889
8 0.444792 0.145833 0.008333 0.013889
1 0.484635 0.158796 0.010937 0.021296
1 0.475260 0.258796 0.014062 0.030556
7 0.646354 0.146759 0.011458 0.013889
1 0.677604 0.151389 0.018750 0.013889
2 0.484115 0.274537 0.058854 0.095370
8 0.626042 0.255093 0.012500 0.021296
7 0.656250 0.151389 0.011458 0.013889
2 0.119010 0.143056 0.047396 0.047222
0 0.590104 0.800000 0.012500 0.059259
0 0.214323 0.155093 0.004688 0.015741
0 0.456771 0.150926 0.002083 0.014815
0 0.937240 0.224537 0.008854 0.021296
0 0.458854 0.177315 0.002083 0.017593
0 0.442187 0.152315 0.002083 0.015741
0 0.457812 0.207407 0.003125 0.020370
0 0.427865 0.304630 0.004688 0.027778
0 0.659375 0.143519 0.003125 0.009259
0 0.936979 0.233333 0.008333 0.014815
1 0.775521 0.228241 0.027083 0.028704
1 0.228906 0.165741 0.018229 0.018519
1 0.553906 0.193056 0.027604 0.021296