1 0.786198 0.237500 0.028646 0.030556
1 0.221354 0.170370 0.018750 0.018519
1 0.555469 0.200000 0.028646 0.022222
6 0.642187 0.609259 0.014583 0.050000
6 0.609896 0.468056 0.009375 0.036111
6 0.763281 0.964352 0.050521 0.071296
6 0.624740 0.532407 0.011979 0.042593
1 0.513542 0.150926 0.015625 0.014815
8 0.439583 0.150000 0.008333 0.014815
1 0.483854 0.163889 0.010417 0.022222
1 0.474479 0.270370 0.014583 0.031481
7 0.646354 0.150463 0.011458 0.013889
1 0.682031 0.155556 0.019271 0.014815
2 0.483333 0.288889 0.061458 0.101852
8 0.631250 0.266667 0.013542 0.022222
7 0.660156 0.155556 0.011979 0.014815
2 0.108594 0.147222 0.049479 0.048148
0 0.382552 0.160185 0.002604 0.016667
0 0.601823 0.906944 0.015104 0.063889
0 0.205729 0.159259 0.005208 0.016667
0 0.455729 0.155093 0.002083 0.015741
0 0.954687 0.233796 0.009375 0.023148
0 0.457552 0.183333 0.002604 0.018519
0 0.440885 0.156944 0.002604 0.015741
0 0.456510 0.214815 0.002604 0.020370
0 0.424740 0.321296 0.005729 0.029630
0 0.663802 0.147222 0.003646 0.009259
0 0.955469 0.243519 0.008854 0.014815
1 0.786198 0.237500 0.028646 0.030556
1 0.221354 0.170370 0.018750 0.018519
1 0.555469 0.200000 0.028646 0.022222