1 0.777865 0.230556 0.027604 0.029630
1 0.227083 0.166667 0.018750 0.018519
1 0.554167 0.194907 0.028125 0.021296
6 0.633073 0.568519 0.013021 0.046296
6 0.604427 0.443056 0.008854 0.034259
6 0.736979 0.874537 0.043750 0.078704
6 0.789844 0.944907 0.051562 0.086111
6 0.617448 0.500926 0.010937 0.038889
1 0.515885 0.147685 0.015104 0.013889
8 0.443490 0.146759 0.007812 0.013889
1 0.484635 0.159722 0.010937 0.021296
1 0.475260 0.261574 0.014062 0.030556
7 0.646354 0.147685 0.011458 0.013889
1 0.678646 0.152778 0.018750 0.014815
2 0.483854 0.278241 0.059375 0.097222
8 0.627344 0.258333 0.013021 0.022222
7 0.657292 0.152315 0.011458 0.013889
2 0.116406 0.144444 0.048437 0.048148
0 0.129948 0.129167 0.004688 0.015741
0 0.132031 0.139815 0.004688 0.014815
0 0.132031 0.139815 0.004688 0.014815
0 0.132031 0.139815 0.004688 0.014815
0 0.132031 0.140278 0.004688 0.015741
0 0.132031 0.139815 0.004688 0.014815
0 0.592708 0.824074 0.013542 0.061111
0 0.212240 0.156019 0.004688 0.015741
0 0.456510 0.151852 0.002604 0.014815
0 0.941406 0.226389 0.008854 0.021296
0 0.132031 0.139815 0.004688 0.014815
0 0.132031 0.139815 0.004688 0.014815
0 0.458594 0.179167 0.002604 0.017593
0 0.441927 0.153241 0.002604 0.015741
0 0.457552 0.209259 0.002604 0.020370
0 0.131510 0.136111 0.004688 0.014815
0 0.427083 0.308796 0.005208 0.028704
0 0.660417 0.144444 0.003125 0.009259
0 0.941667 0.235648 0.008333 0.013889
1 0.777865 0.230556 0.027604 0.029630
1 0.227083 0.166667 0.018750 0.018519
1 0.554427 0.194907 0.027604 0.021296