1 0.767708 0.221296 0.026042 0.027778
1 0.234896 0.161574 0.017708 0.017593
1 0.552604 0.187963 0.027083 0.020370
6 0.621875 0.520833 0.011458 0.041667
6 0.597656 0.413426 0.007812 0.030556
6 0.708594 0.767593 0.036979 0.068519
6 0.752344 0.821759 0.042188 0.073148
6 0.608854 0.463426 0.009375 0.036111
1 0.518750 0.143981 0.014583 0.013889
8 0.448438 0.143056 0.007292 0.013889
1 0.485156 0.154630 0.010937 0.020370
1 0.476042 0.250463 0.013542 0.028704
7 0.646615 0.143519 0.010937 0.012963
1 0.674219 0.148611 0.018229 0.013889
2 0.484635 0.264352 0.056771 0.091667
8 0.622135 0.246759 0.011979 0.021296
7 0.653125 0.148148 0.011458 0.012963
2 0.126302 0.139815 0.046354 0.046296
0 0.582552 0.731944 0.010937 0.056481
0 0.220573 0.151389 0.004688 0.015741
0 0.457292 0.147222 0.002083 0.014815
0 0.924740 0.217593 0.008854 0.020370
0 0.459896 0.172685 0.002083 0.017593
0 0.442969 0.149537 0.002604 0.015741
0 0.459115 0.202315 0.002604 0.019444
0 0.430469 0.292593 0.004688 0.027778
0 0.656250 0.140741 0.003125 0.009259
0 0.924219 0.226389 0.007812 0.013889
1 0.767708 0.221296 0.026042 0.027778
1 0.234896 0.161574 0.017708 0.017593
1 0.552604 0.187963 0.027083 0.020370