1 0.770573 0.223611 0.026563 0.028704
1 0.232812 0.162963 0.017708 0.018519
1 0.553125 0.189815 0.027083 0.020370
6 0.624740 0.532407 0.011979 0.042593
6 0.599219 0.420370 0.007812 0.031481
6 0.715104 0.792593 0.038542 0.070370
6 0.761198 0.850000 0.044271 0.075926
6 0.611198 0.472222 0.009896 0.037037
1 0.517969 0.144907 0.015104 0.013889
8 0.447135 0.143981 0.007812 0.013889
1 0.485156 0.155556 0.010937 0.020370
1 0.476042 0.252778 0.013542 0.029630
7 0.646615 0.144444 0.010937 0.012963
1 0.675260 0.149537 0.018229 0.013889
2 0.484375 0.268056 0.057292 0.093519
8 0.623438 0.249537 0.012500 0.021296
7 0.654167 0.149074 0.011458 0.012963
2 0.123958 0.141204 0.046875 0.047222
0 0.584896 0.753704 0.011458 0.057407
0 0.218490 0.152778 0.004688 0.014815
0 0.457292 0.148611 0.002083 0.015741
0 0.459635 0.174537 0.002604 0.017593
0 0.442969 0.150463 0.002604 0.015741
0 0.458594 0.204167 0.002604 0.019444
0 0.429427 0.296296 0.004688 0.027778
0 0.657292 0.141667 0.003125 0.009259
0 0.928385 0.228241 0.007812 0.013889
1 0.770573 0.223611 0.026563 0.028704
1 0.232812 0.162963 0.017708 0.018519
1 0.553125 0.189815 0.027083 0.020370