1 0.807292 0.255556 0.032292 0.033333
1 0.206250 0.180556 0.020833 0.020370
1 0.559115 0.213426 0.030729 0.023148
6 0.671094 0.734722 0.019271 0.065741
6 0.626302 0.539352 0.011979 0.043519
6 0.646094 0.626389 0.015104 0.052778
1 0.507031 0.158333 0.016146 0.014815
8 0.430208 0.157407 0.008333 0.014815
1 0.482552 0.175926 0.010937 0.024074
1 0.472135 0.293981 0.016146 0.036111
7 0.646354 0.158333 0.012500 0.014815
1 0.690625 0.163889 0.020833 0.014815
2 0.481771 0.318519 0.067708 0.112963
8 0.642187 0.289352 0.014583 0.025000
7 0.667969 0.163889 0.013021 0.014815
2 0.089323 0.155556 0.053646 0.051852
0 0.375781 0.168519 0.002604 0.016667
0 0.188802 0.167593 0.005729 0.016667
0 0.453906 0.163889 0.002604 0.016667
0 0.989844 0.252778 0.010937 0.024074
0 0.454688 0.195370 0.003125 0.018519
0 0.438542 0.164815 0.003125 0.016667
0 0.453646 0.229630 0.003125 0.022222
0 0.418229 0.356481 0.006250 0.033333
0 0.888021 0.154167 0.005208 0.010185
0 0.891146 0.202315 0.006250 0.013889
0 0.672656 0.154630 0.003646 0.009259
0 0.992448 0.263426 0.009896 0.015741
1 0.807292 0.255556 0.032292 0.033333
1 0.206250 0.180556 0.020833 0.020370
1 0.559115 0.213426 0.030729 0.023148