1 0.820573 0.267593 0.034896 0.035185
1 0.197396 0.186574 0.021875 0.021296
1 0.561198 0.221296 0.031771 0.024074
6 0.692969 0.830556 0.023438 0.077778
6 0.638021 0.589815 0.013542 0.048148
6 0.661979 0.694907 0.017708 0.060185
1 0.503125 0.162963 0.016667 0.014815
1 0.482031 0.182870 0.010937 0.025000
1 0.470833 0.308796 0.016667 0.037963
7 0.646354 0.162963 0.012500 0.014815
1 0.696094 0.168981 0.021354 0.015741
2 0.480469 0.338426 0.072396 0.121296
8 0.648958 0.304630 0.015625 0.025926
7 0.672656 0.168519 0.013021 0.014815
2 0.077344 0.160185 0.055729 0.053704
0 0.371615 0.174074 0.003646 0.016667
0 0.178646 0.173148 0.005208 0.016667
0 0.452865 0.168519 0.002604 0.016667
0 0.453125 0.202778 0.003125 0.020370
0 0.436979 0.169444 0.003125 0.016667
0 0.451562 0.238426 0.003125 0.023148
0 0.413542 0.379630 0.006250 0.035185
0 0.896615 0.158333 0.005729 0.009259
0 0.905208 0.210185 0.006250 0.014815
0 0.677865 0.158796 0.003646 0.010185
1 0.820573 0.267593 0.034896 0.035185
1 0.197396 0.186574 0.021875 0.021296
1 0.561198 0.221296 0.031771 0.024074