1 0.816927 0.264352 0.033854 0.034259
1 0.199740 0.184722 0.021354 0.021296
1 0.560677 0.219444 0.031771 0.024074
6 0.686719 0.804167 0.022396 0.073148
6 0.634896 0.576389 0.013542 0.047222
6 0.657552 0.676389 0.017188 0.058333
1 0.503906 0.162037 0.016146 0.014815
1 0.482031 0.181019 0.010937 0.025000
1 0.471354 0.304630 0.016667 0.037037
7 0.646354 0.162037 0.012500 0.014815
1 0.694792 0.167593 0.020833 0.016667
2 0.480990 0.332870 0.071354 0.119444
8 0.647135 0.300463 0.015104 0.025000
7 0.671354 0.167593 0.013542 0.014815
2 0.080729 0.158796 0.055208 0.052778
0 0.372917 0.172685 0.003125 0.017593
0 0.181250 0.171759 0.005208 0.017593
0 0.453125 0.167593 0.002083 0.016667
0 0.453385 0.200926 0.002604 0.020370
0 0.437500 0.168519 0.003125 0.016667
0 0.452083 0.236111 0.003125 0.022222
0 0.414844 0.373611 0.006771 0.034259
0 0.894531 0.157407 0.005729 0.009259
0 0.901563 0.207870 0.006250 0.013889
0 0.676302 0.157407 0.003646 0.009259
1 0.816927 0.264352 0.033854 0.034259
1 0.199740 0.184722 0.021354 0.021296
1 0.560938 0.219444 0.031250 0.024074