1 0.791927 0.242130 0.029687 0.030556
1 0.217187 0.173148 0.019792 0.018519
1 0.556771 0.203704 0.029167 0.022222
6 0.649479 0.640741 0.015625 0.053704
6 0.614062 0.486574 0.010417 0.037963
6 0.630208 0.556019 0.012500 0.045370
1 0.511719 0.153241 0.015104 0.013889
8 0.436979 0.151852 0.008333 0.014815
1 0.483594 0.167130 0.010937 0.023148
1 0.473698 0.276389 0.015104 0.032407
7 0.646354 0.152778 0.011458 0.012963
1 0.684375 0.158333 0.019792 0.014815
2 0.482812 0.296759 0.063542 0.104630
8 0.634115 0.272685 0.014062 0.023148
7 0.662240 0.157870 0.011979 0.013889
2 0.103385 0.149537 0.050521 0.049074
0 0.380729 0.162500 0.003125 0.015741
0 0.609375 0.969907 0.016667 0.060185
0 0.201042 0.161574 0.005208 0.015741
0 0.455208 0.157870 0.002083 0.015741
0 0.964063 0.238889 0.010417 0.022222
0 0.456510 0.187037 0.002604 0.018519
0 0.440365 0.158796 0.002604 0.015741
0 0.455729 0.218981 0.003125 0.021296
0 0.423177 0.330556 0.005729 0.031481
0 0.874740 0.193519 0.005729 0.012963
0 0.666406 0.149074 0.003646 0.009259
0 0.965625 0.249074 0.009375 0.014815
1 0.791927 0.242130 0.029687 0.030556
1 0.217187 0.173148 0.019792 0.018519
1 0.556771 0.203704 0.029167 0.022222