1 0.803906 0.252778 0.031771 0.033333
1 0.208594 0.179167 0.020312 0.019444
1 0.558594 0.211574 0.030729 0.023148
6 0.666406 0.714815 0.018229 0.062963
6 0.623958 0.528241 0.011458 0.041667
6 0.642708 0.611574 0.014583 0.050926
1 0.508073 0.157407 0.016146 0.014815
8 0.431510 0.156481 0.008854 0.014815
1 0.483073 0.174074 0.010937 0.024074
1 0.472396 0.290278 0.015625 0.034259
7 0.646354 0.156944 0.012500 0.013889
1 0.689323 0.162500 0.020312 0.015741
2 0.482031 0.314352 0.067188 0.112037
8 0.640625 0.286111 0.014583 0.024074
7 0.666667 0.162500 0.012500 0.013889
2 0.092188 0.154167 0.053125 0.050926
0 0.376563 0.167593 0.003125 0.016667
0 0.191146 0.166667 0.005208 0.016667
0 0.454167 0.162500 0.002083 0.015741
0 0.984635 0.250000 0.010937 0.024074
0 0.363281 0.169444 0.002604 0.011111
0 0.454948 0.193981 0.002604 0.019444
0 0.438802 0.163426 0.002604 0.015741
0 0.453906 0.227315 0.002604 0.021296
0 0.419010 0.351389 0.005729 0.032407
0 0.885938 0.153241 0.005208 0.010185
0 0.888021 0.200463 0.006250 0.013889
0 0.671354 0.153704 0.003125 0.009259
0 0.987240 0.260648 0.009896 0.015741
1 0.803906 0.252778 0.031771 0.033333
1 0.208594 0.179167 0.020312 0.019444
1 0.558854 0.211574 0.030208 0.023148