1 0.834896 0.280093 0.037500 0.037963
1 0.187500 0.192593 0.022917 0.022222
1 0.563542 0.230093 0.033333 0.025000
6 0.282292 0.186574 0.007292 0.013889
6 0.721094 0.952315 0.029687 0.093519
6 0.651823 0.650000 0.016146 0.055556
6 0.681250 0.778704 0.021875 0.070370
1 0.498958 0.168056 0.016667 0.015741
1 0.149740 0.168056 0.024479 0.015741
1 0.481250 0.190278 0.011458 0.026852
1 0.469271 0.325463 0.017708 0.039815
7 0.646094 0.167593 0.013021 0.014815
1 0.701563 0.174074 0.021875 0.016667
2 0.479427 0.359722 0.076563 0.130556
8 0.656250 0.320370 0.016667 0.027778
7 0.677604 0.173611 0.013542 0.015741
2 0.065104 0.165278 0.058333 0.054630
0 0.366927 0.179630 0.003646 0.018519
0 0.167969 0.178241 0.005729 0.017593
0 0.451302 0.174537 0.002604 0.017593
0 0.356771 0.181481 0.003125 0.012963
0 0.451302 0.211111 0.002604 0.020370
0 0.435417 0.174537 0.003125 0.017593
0 0.450000 0.247685 0.003125 0.023148
0 0.408333 0.405556 0.007292 0.037037
0 0.905990 0.162963 0.005729 0.009259
0 0.920052 0.218519 0.006771 0.014815
0 0.683333 0.163426 0.004167 0.010185
1 0.834896 0.280093 0.037500 0.037963
1 0.187500 0.192593 0.022917 0.022222
1 0.563802 0.230093 0.032812 0.025000