1 0.855208 0.297685 0.040625 0.041667
1 0.174479 0.201389 0.023958 0.023148
1 0.566667 0.242130 0.034375 0.026852
6 0.273438 0.194444 0.007292 0.014815
6 0.673698 0.745833 0.020312 0.065741
6 0.713542 0.920370 0.028125 0.088889
1 0.493750 0.174537 0.017708 0.015741
1 0.136979 0.174074 0.026042 0.016667
1 0.480208 0.200926 0.011458 0.027778
1 0.466927 0.349074 0.019271 0.044444
1 0.709115 0.181019 0.023438 0.017593
2 0.477604 0.391667 0.083333 0.144444
8 0.667188 0.343056 0.017708 0.028704
7 0.684115 0.181019 0.014062 0.015741
2 0.048437 0.172222 0.061458 0.057407
0 0.360156 0.187037 0.003646 0.018519
0 0.153385 0.186111 0.006771 0.018519
0 0.449740 0.181481 0.002604 0.018519
0 0.448958 0.221759 0.003125 0.021296
0 0.433854 0.182407 0.003125 0.018519
0 0.447396 0.261111 0.003125 0.024074
0 0.400000 0.443519 0.007292 0.038889
0 0.918490 0.168981 0.005729 0.010185
0 0.940885 0.229630 0.007812 0.014815
0 0.690885 0.169907 0.003646 0.010185
1 0.855208 0.297685 0.040625 0.041667
1 0.174479 0.201389 0.023958 0.023148
1 0.566927 0.242130 0.034896 0.026852