1 0.851302 0.293981 0.040104 0.039815
1 0.177083 0.199537 0.023958 0.023148
1 0.566146 0.239815 0.034375 0.025926
6 0.275260 0.193056 0.007812 0.013889
6 0.669010 0.725463 0.019271 0.063889
6 0.706510 0.889815 0.026563 0.085185
1 0.494792 0.173148 0.017708 0.016667
1 0.139323 0.173148 0.025521 0.016667
1 0.480469 0.199074 0.011979 0.027778
1 0.467708 0.343981 0.018750 0.043519
1 0.707812 0.179630 0.022917 0.016667
2 0.478125 0.384722 0.082292 0.141667
8 0.665104 0.338426 0.017708 0.028704
7 0.682813 0.179167 0.014583 0.015741
2 0.051823 0.170833 0.060938 0.056481
0 0.361719 0.186111 0.003646 0.018519
0 0.156250 0.184722 0.006250 0.017593
0 0.450260 0.180093 0.002604 0.017593
0 0.449479 0.219444 0.003125 0.020370
0 0.433854 0.181019 0.003125 0.017593
0 0.447917 0.258333 0.003125 0.024074
0 0.401823 0.436111 0.007812 0.038889
0 0.915885 0.168056 0.005729 0.010185
0 0.936719 0.227315 0.007812 0.015741
0 0.689583 0.168056 0.004167 0.010185
1 0.851302 0.293981 0.040104 0.039815
1 0.177083 0.199537 0.023958 0.023148
1 0.566146 0.239815 0.034375 0.025926