1 0.831250 0.276852 0.036458 0.037037
1 0.190104 0.191204 0.022917 0.021296
1 0.562760 0.228241 0.032812 0.025000
6 0.283854 0.184722 0.007292 0.013889
6 0.713021 0.918519 0.028125 0.088889
6 0.647917 0.633796 0.015625 0.052778
6 0.675781 0.756019 0.020312 0.067593
1 0.500000 0.166667 0.016667 0.014815
1 0.151823 0.166204 0.024479 0.015741
1 0.481510 0.187963 0.010937 0.025926
1 0.469792 0.320833 0.017708 0.039815
7 0.646094 0.166667 0.013021 0.014815
1 0.700000 0.172685 0.021875 0.015741
2 0.479688 0.354167 0.076042 0.128704
8 0.654427 0.316204 0.016146 0.026852
7 0.676042 0.172222 0.013542 0.014815
2 0.068229 0.164352 0.057292 0.054630
0 0.367969 0.178241 0.003646 0.017593
0 0.170573 0.177315 0.005729 0.017593
0 0.451823 0.172685 0.002604 0.017593
0 0.451823 0.208333 0.002604 0.020370
0 0.435937 0.173148 0.003125 0.016667
0 0.450521 0.245370 0.003125 0.024074
0 0.409896 0.398611 0.007292 0.036111
0 0.903385 0.162037 0.005729 0.009259
0 0.916406 0.216204 0.006771 0.013889
0 0.682031 0.162037 0.003646 0.009259
1 0.831250 0.276852 0.036458 0.037037
1 0.190104 0.191204 0.022917 0.021296
1 0.563021 0.228241 0.032292 0.025000