1 0.842969 0.287037 0.039062 0.038889
1 0.182552 0.196296 0.023438 0.022222
1 0.564844 0.235185 0.033854 0.025926
6 0.278646 0.189352 0.007292 0.013889
6 0.739062 0.989352 0.034375 0.021296
6 0.660156 0.686111 0.017188 0.059259
6 0.693229 0.831481 0.023958 0.077778
1 0.497135 0.170833 0.017188 0.015741
1 0.144531 0.170370 0.024479 0.016667
1 0.480729 0.194444 0.011458 0.027778
1 0.468490 0.334722 0.018229 0.041667
7 0.646094 0.170370 0.013021 0.014815
1 0.704427 0.176852 0.022396 0.016667
2 0.478906 0.371759 0.079687 0.136111
8 0.660677 0.329630 0.017188 0.027778
7 0.680208 0.176389 0.013542 0.015741
2 0.058333 0.168056 0.059375 0.056481
0 0.364323 0.182870 0.003646 0.017593
0 0.161979 0.181481 0.006250 0.018519
0 0.450781 0.177315 0.002604 0.017593
0 0.450521 0.215278 0.003125 0.021296
0 0.434896 0.177315 0.003125 0.017593
0 0.448958 0.253241 0.003125 0.023148
0 0.405208 0.419907 0.007292 0.037963
0 0.910937 0.165278 0.006250 0.010185
0 0.928125 0.223148 0.007292 0.014815
0 0.686458 0.166204 0.004167 0.010185
1 0.842969 0.287037 0.039062 0.038889
1 0.182552 0.196296 0.023438 0.022222
1 0.564844 0.235185 0.033854 0.025926