1 0.859375 0.301389 0.041667 0.041667
1 0.171615 0.203241 0.024479 0.023148
1 0.567448 0.244907 0.034896 0.026852
6 0.271615 0.196296 0.007812 0.014815
6 0.678646 0.768056 0.020833 0.069444
6 0.721354 0.953704 0.030208 0.092593
1 0.492448 0.175926 0.017188 0.016667
1 0.134375 0.175926 0.026042 0.016667
1 0.479948 0.203241 0.011979 0.028704
1 0.466667 0.354167 0.019792 0.045370
1 0.710677 0.182407 0.023438 0.016667
2 0.477083 0.398148 0.085417 0.148148
8 0.669531 0.348148 0.018229 0.029630
7 0.685417 0.181944 0.014583 0.015741
2 0.044792 0.173611 0.062500 0.058333
0 0.358594 0.188889 0.003646 0.018519
0 0.150260 0.187963 0.006771 0.018519
0 0.449219 0.183333 0.002604 0.018519
0 0.351562 0.190741 0.003125 0.012963
0 0.448438 0.223611 0.003125 0.021296
0 0.433333 0.183796 0.003125 0.017593
0 0.446615 0.264352 0.003646 0.025000
0 0.398177 0.452315 0.007812 0.039815
0 0.920833 0.170833 0.006250 0.010185
0 0.945052 0.231944 0.007812 0.015741
0 0.692448 0.170833 0.003646 0.010185
1 0.859375 0.301389 0.041667 0.041667
1 0.171615 0.203241 0.024479 0.023148
1 0.567448 0.244907 0.034896 0.026852