1 0.868750 0.309722 0.043750 0.043519
1 0.165885 0.206944 0.025521 0.023148
1 0.707812 0.489815 0.031250 0.057407
1 0.568750 0.250000 0.035417 0.027778
6 0.267708 0.200000 0.008333 0.014815
6 0.690365 0.819444 0.023438 0.075926
6 0.739583 0.990741 0.034375 0.018519
1 0.490104 0.178704 0.017708 0.016667
1 0.128646 0.178704 0.026042 0.016667
1 0.479427 0.207870 0.011979 0.028704
1 0.465625 0.365278 0.019792 0.047222
1 0.713802 0.185648 0.023438 0.017593
2 0.476042 0.413426 0.088542 0.154630
8 0.674479 0.358796 0.018750 0.030556
7 0.688542 0.185185 0.014583 0.016667
2 0.037240 0.176852 0.064062 0.059259
0 0.355990 0.192130 0.003646 0.019444
0 0.144010 0.190741 0.006771 0.018519
0 0.448698 0.186111 0.002604 0.018519
0 0.447396 0.228704 0.003125 0.022222
0 0.432292 0.187037 0.003125 0.018519
0 0.445573 0.269907 0.003646 0.025000
0 0.394010 0.470833 0.007812 0.041667
0 0.926562 0.173148 0.006250 0.011111
0 0.954167 0.237037 0.008333 0.016667
0 0.695833 0.173611 0.004167 0.010185
1 0.868750 0.309722 0.043750 0.043519
1 0.707812 0.489815 0.031250 0.057407
1 0.165885 0.206944 0.025521 0.023148
1 0.569010 0.250000 0.035937 0.027778