1 0.882552 0.321759 0.046354 0.045370
1 0.262240 0.219444 0.031771 0.020370
1 0.156510 0.212963 0.026563 0.024074
1 0.720052 0.520370 0.032812 0.061111
1 0.570573 0.258796 0.036979 0.028704
6 0.261458 0.204630 0.008333 0.014815
6 0.710156 0.905556 0.027604 0.087037
1 0.486198 0.183333 0.018229 0.016667
1 0.119792 0.182870 0.027083 0.017593
1 0.478646 0.215278 0.012500 0.030556
1 0.463802 0.382407 0.021354 0.050000
1 0.718490 0.189815 0.024479 0.018519
2 0.474479 0.437500 0.093750 0.165741
8 0.681771 0.375000 0.019792 0.031481
7 0.692448 0.189815 0.015104 0.016667
2 0.029427 0.181481 0.058854 0.061111
0 0.351562 0.197222 0.004167 0.018519
0 0.133594 0.195833 0.006771 0.019444
0 0.447135 0.191204 0.002604 0.019444
0 0.346615 0.198611 0.003646 0.013889
0 0.445312 0.236111 0.003125 0.022222
0 0.430729 0.191204 0.003125 0.019444
0 0.443490 0.278704 0.003646 0.025926
0 0.387240 0.500463 0.007812 0.043519
0 0.933854 0.176852 0.006250 0.011111
0 0.967708 0.244444 0.008333 0.016667
0 0.700260 0.177315 0.004688 0.010185
1 0.882552 0.321759 0.046354 0.045370
1 0.262240 0.219444 0.031771 0.020370
1 0.720052 0.520370 0.032812 0.061111
1 0.156510 0.212963 0.026563 0.024074
1 0.570573 0.258796 0.036979 0.028704