1 0.864062 0.305556 0.042708 0.042593
1 0.168750 0.205093 0.025000 0.023148
1 0.703646 0.479630 0.030208 0.055556
1 0.567969 0.247685 0.035937 0.026852
6 0.269531 0.198148 0.007812 0.014815
6 0.684375 0.792593 0.021875 0.072222
6 0.729948 0.971296 0.031771 0.057407
1 0.491146 0.177315 0.017708 0.015741
1 0.131250 0.176852 0.026042 0.016667
1 0.479948 0.205093 0.011979 0.028704
1 0.466146 0.359259 0.019792 0.046296
1 0.712240 0.183796 0.023438 0.017593
2 0.476823 0.406019 0.086979 0.150926
8 0.671875 0.353241 0.018750 0.030556
7 0.686979 0.183796 0.014583 0.015741
2 0.040885 0.175463 0.063021 0.058333
0 0.357292 0.190741 0.004167 0.018519
0 0.147135 0.189352 0.006771 0.019444
0 0.448698 0.184722 0.002604 0.017593
0 0.447917 0.226389 0.003125 0.021296
0 0.432813 0.185185 0.003125 0.018519
0 0.446094 0.267130 0.003646 0.025000
0 0.396094 0.461111 0.007812 0.040741
0 0.923437 0.171759 0.006250 0.010185
0 0.949219 0.234722 0.007812 0.015741
0 0.694010 0.172222 0.003646 0.011111
1 0.864062 0.305556 0.042708 0.042593
1 0.703646 0.479630 0.030208 0.055556
1 0.168750 0.205093 0.025000 0.023148
1 0.568229 0.247685 0.035417 0.026852