1 0.888542 0.332870 0.048958 0.047222
1 0.247917 0.227315 0.033333 0.021296
1 0.138021 0.220833 0.028125 0.025000
1 0.728125 0.552778 0.034375 0.066667
1 0.566406 0.266667 0.038021 0.029630
6 0.247656 0.211574 0.008854 0.015741
6 0.729948 0.978241 0.032812 0.043519
1 0.476042 0.187500 0.018750 0.017593
1 0.101302 0.189352 0.028646 0.017593
1 0.471615 0.223148 0.013021 0.031481
1 0.455990 0.401389 0.022396 0.052778
1 0.716146 0.193519 0.025000 0.018519
2 0.467187 0.464352 0.100000 0.178704
8 0.683594 0.391667 0.021354 0.033333
7 0.689583 0.193519 0.015625 0.016667
2 0.018750 0.187963 0.037500 0.062963
0 0.340104 0.203241 0.004167 0.019444
0 0.114063 0.203241 0.007292 0.019444
0 0.439323 0.196759 0.002604 0.019444
0 0.336458 0.205093 0.004167 0.013889
0 0.437240 0.243981 0.003646 0.023148
0 0.422656 0.195833 0.003646 0.019444
0 0.435417 0.289352 0.004167 0.026852
0 0.374219 0.535648 0.008854 0.045370
0 0.931771 0.179630 0.006250 0.011111
0 0.971615 0.250000 0.008854 0.016667
0 0.697917 0.181019 0.004167 0.010185
1 0.888542 0.332870 0.048958 0.047222
1 0.247917 0.227315 0.033333 0.021296
1 0.728125 0.552778 0.034375 0.066667
1 0.138021 0.220833 0.028125 0.025000
1 0.566667 0.266667 0.038542 0.029630