1 0.898698 0.344907 0.051562 0.049074
1 0.235156 0.235185 0.034896 0.022222
1 0.121094 0.229167 0.029687 0.026852
1 0.739583 0.590741 0.036458 0.074074
1 0.564583 0.276389 0.039583 0.030556
6 0.235417 0.218519 0.009375 0.016667
1 0.467187 0.192593 0.019792 0.018519
1 0.084635 0.195370 0.029687 0.018519
1 0.466146 0.231481 0.013542 0.033333
1 0.450000 0.422222 0.023958 0.057407
1 0.716406 0.198148 0.025521 0.018519
2 0.460677 0.495833 0.106771 0.193519
8 0.688281 0.410185 0.022396 0.035185
7 0.689062 0.198611 0.015625 0.017593
0 0.330208 0.209259 0.004167 0.020370
0 0.096094 0.210185 0.007812 0.020370
0 0.433073 0.202315 0.002604 0.019444
0 0.328125 0.211111 0.004167 0.014815
0 0.430469 0.252778 0.003646 0.024074
0 0.416406 0.201389 0.003646 0.019444
0 0.428646 0.300000 0.004167 0.027778
0 0.360938 0.575926 0.010417 0.048148
0 0.933073 0.182407 0.006771 0.011111
0 0.979427 0.256944 0.008854 0.017593
0 0.698177 0.185185 0.004688 0.011111
1 0.898698 0.344907 0.051562 0.049074
1 0.235156 0.235185 0.034896 0.022222
1 0.739583 0.590741 0.036458 0.074074
1 0.121094 0.229167 0.029687 0.026852
1 0.564583 0.276389 0.039583 0.030556