1 0.911458 0.356019 0.054167 0.050926
1 0.230729 0.239815 0.035417 0.022222
1 0.115104 0.233333 0.030208 0.027778
1 0.752604 0.621759 0.038542 0.078704
1 0.566667 0.283333 0.040625 0.031481
6 0.231771 0.222222 0.009375 0.016667
1 0.465365 0.196296 0.020312 0.018519
1 0.079427 0.198611 0.030729 0.019444
1 0.466146 0.237500 0.013542 0.034259
1 0.448958 0.437963 0.025000 0.059259
1 0.721094 0.202315 0.025521 0.019444
2 0.459635 0.518981 0.111979 0.204630
8 0.695573 0.425463 0.023438 0.036111
7 0.693490 0.201852 0.016146 0.018519
0 0.327604 0.213426 0.004167 0.021296
0 0.089323 0.213889 0.007812 0.020370
0 0.432813 0.205556 0.003125 0.020370
0 0.327083 0.214815 0.004167 0.014815
0 0.429948 0.259259 0.003646 0.024074
0 0.415885 0.204630 0.003646 0.020370
0 0.427604 0.307870 0.004167 0.028704
0 0.354688 0.605556 0.011458 0.050000
0 0.940885 0.186111 0.006771 0.011111
0 0.991667 0.263426 0.009375 0.017593
0 0.702865 0.187963 0.004688 0.011111
1 0.911458 0.355556 0.054167 0.051852
1 0.230729 0.239815 0.035417 0.022222
1 0.752604 0.621759 0.038542 0.078704
1 0.115104 0.233333 0.030208 0.027778
1 0.567187 0.283333 0.040625 0.031481