1 0.940104 0.380093 0.060417 0.056481
1 0.222135 0.250000 0.036979 0.024074
1 0.102344 0.243056 0.032812 0.028704
1 0.782292 0.692593 0.042708 0.092593
1 0.571875 0.297685 0.042708 0.032407
6 0.224219 0.231019 0.009896 0.017593
1 0.461198 0.202778 0.020312 0.018519
1 0.068229 0.205093 0.031250 0.019444
1 0.466406 0.250463 0.015104 0.036111
1 0.446875 0.471296 0.027083 0.066667
1 0.730990 0.209722 0.026563 0.019444
2 0.457292 0.571296 0.123958 0.231481
8 0.711719 0.457870 0.025521 0.037963
7 0.702604 0.209259 0.016667 0.018519
0 0.322135 0.221759 0.004688 0.021296
0 0.075781 0.221759 0.008854 0.021296
0 0.432552 0.212963 0.002604 0.020370
0 0.324219 0.223148 0.004688 0.014815
0 0.428646 0.271759 0.004167 0.025000
0 0.415104 0.212037 0.003125 0.020370
0 0.425781 0.324074 0.004688 0.029630
0 0.340365 0.674074 0.013021 0.053704
0 0.956250 0.192593 0.007292 0.011111
0 0.712240 0.194907 0.004688 0.012037
1 0.940104 0.379630 0.060417 0.057407
1 0.222135 0.250000 0.036979 0.024074
1 0.782292 0.692593 0.042708 0.092593
1 0.102344 0.243056 0.032812 0.028704
1 0.572396 0.297685 0.042708 0.032407