1 0.960677 0.398148 0.065104 0.061111
1 0.213542 0.258333 0.038542 0.024074
1 0.090365 0.250926 0.033854 0.029630
1 0.807031 0.754630 0.046354 0.103704
1 0.574740 0.308796 0.044271 0.034259
6 0.216406 0.237963 0.010937 0.018519
1 0.456510 0.208796 0.021354 0.019444
1 0.057292 0.210648 0.032292 0.019444
1 0.465104 0.260648 0.015625 0.037963
1 0.443750 0.500000 0.029167 0.072222
1 0.736979 0.215741 0.028125 0.020370
2 0.453646 0.617130 0.134375 0.256481
8 0.723958 0.484259 0.027083 0.040741
7 0.707552 0.215278 0.017188 0.019444
0 0.316146 0.228241 0.005208 0.021296
0 0.062500 0.227778 0.009375 0.022222
0 0.430729 0.218981 0.003125 0.021296
0 0.320573 0.229630 0.004688 0.014815
0 0.425781 0.281944 0.004688 0.026852
0 0.412760 0.217593 0.003646 0.020370
0 0.422917 0.336574 0.005208 0.030556
0 0.326302 0.735648 0.015104 0.056481
0 0.966146 0.197685 0.007292 0.012037
0 0.718229 0.199537 0.005208 0.012037
1 0.960677 0.398148 0.065104 0.061111
1 0.213542 0.258333 0.038542 0.024074
1 0.807031 0.754630 0.046354 0.103704
1 0.090365 0.250926 0.033854 0.029630
1 0.574740 0.308796 0.044271 0.034259