1 0.919010 0.361574 0.055729 0.052778
1 0.229427 0.242130 0.035937 0.023148
1 0.112500 0.235648 0.031250 0.026852
1 0.759635 0.637963 0.039062 0.081481
1 0.568490 0.286574 0.041146 0.032407
6 0.230469 0.224537 0.009896 0.017593
1 0.464583 0.197222 0.019792 0.018519
1 0.077344 0.200000 0.030729 0.018519
1 0.466406 0.240741 0.014062 0.035185
1 0.448698 0.445833 0.025521 0.062037
1 0.723958 0.204167 0.026042 0.019444
2 0.459375 0.531018 0.114583 0.212037
8 0.699740 0.432870 0.023438 0.036111
7 0.696094 0.203704 0.016146 0.018519
0 0.326823 0.215278 0.004688 0.021296
0 0.086458 0.215741 0.008333 0.020370
0 0.433333 0.207407 0.003125 0.020370
0 0.326562 0.216667 0.004167 0.014815
0 0.429948 0.262037 0.003646 0.024074
0 0.416146 0.206481 0.003125 0.020370
0 0.427604 0.311574 0.004167 0.028704
0 0.351823 0.620833 0.011979 0.050926
0 0.945052 0.187500 0.006771 0.012037
0 0.997135 0.267130 0.005729 0.017593
0 0.705469 0.189815 0.004688 0.011111
1 0.919010 0.361574 0.055729 0.052778
1 0.229427 0.242130 0.035937 0.023148
1 0.759635 0.637963 0.039062 0.081481
1 0.112500 0.235648 0.031250 0.026852
1 0.568490 0.286574 0.041146 0.032407