1 0.967188 0.405093 0.065625 0.062037
1 0.210677 0.260648 0.039062 0.025000
1 0.086198 0.253241 0.034896 0.030556
1 0.816406 0.777315 0.047396 0.108333
1 0.575521 0.312963 0.044792 0.035185
6 0.213802 0.240278 0.010937 0.017593
1 0.454688 0.210185 0.021875 0.020370
1 0.053646 0.212500 0.033333 0.019444
1 0.464583 0.263889 0.015625 0.038889
1 0.442448 0.510185 0.029687 0.074074
1 0.739062 0.217593 0.028125 0.020370
2 0.452344 0.633796 0.138021 0.265741
8 0.728125 0.493981 0.028125 0.041667
7 0.709375 0.217130 0.017708 0.019444
0 0.314063 0.230556 0.005208 0.022222
0 0.058333 0.230556 0.009375 0.022222
0 0.430208 0.221759 0.003125 0.021296
0 0.424740 0.285648 0.004688 0.026852
0 0.412240 0.219907 0.003646 0.021296
0 0.421875 0.341204 0.005208 0.030556
0 0.321094 0.757870 0.016146 0.058333
0 0.969271 0.199537 0.007292 0.012037
0 0.720312 0.201389 0.005208 0.012037
1 0.967188 0.405093 0.065625 0.062037
1 0.210677 0.260648 0.039062 0.025000
1 0.816406 0.777315 0.047396 0.108333
1 0.086198 0.253241 0.034896 0.030556
1 0.575781 0.312963 0.045313 0.035185