1 0.970573 0.411574 0.058854 0.063889
1 0.207292 0.263889 0.039583 0.025926
1 0.081771 0.256019 0.035417 0.030556
1 0.826042 0.802315 0.048958 0.113889
1 0.576563 0.317593 0.045833 0.035185
6 0.210938 0.242593 0.011458 0.018519
1 0.453125 0.212037 0.021875 0.020370
1 0.049740 0.214815 0.033854 0.020370
1 0.464323 0.268056 0.016146 0.039815
1 0.441146 0.520370 0.030208 0.075926
1 0.741146 0.219444 0.028125 0.020370
2 0.450781 0.651389 0.142188 0.275000
8 0.732552 0.503704 0.028646 0.042593
7 0.711198 0.219444 0.017188 0.018519
0 0.311979 0.232407 0.005208 0.022222
0 0.053646 0.232407 0.009375 0.022222
0 0.429688 0.223611 0.003125 0.021296
0 0.423698 0.289352 0.004688 0.026852
0 0.411198 0.221759 0.003646 0.021296
0 0.420833 0.345370 0.005208 0.031481
0 0.315104 0.782407 0.016667 0.059259
0 0.972656 0.200463 0.007812 0.012037
0 0.722396 0.203241 0.005208 0.012037
1 0.970573 0.411574 0.058854 0.063889
1 0.207292 0.263889 0.039583 0.025926
1 0.826042 0.802315 0.048958 0.113889
1 0.081771 0.256019 0.035417 0.030556
1 0.576823 0.317593 0.045313 0.035185