1 0.974219 0.418981 0.051562 0.065741
1 0.204427 0.267130 0.040104 0.025000
1 0.077344 0.258796 0.035937 0.030556
1 0.836719 0.829167 0.050521 0.119444
1 0.577604 0.321759 0.045833 0.036111
6 0.208073 0.245370 0.010937 0.018519
1 0.451562 0.213889 0.021875 0.020370
1 0.045573 0.216667 0.033854 0.020370
1 0.463802 0.271759 0.016146 0.039815
1 0.440104 0.531944 0.031250 0.078704
1 0.743490 0.221759 0.028646 0.021296
2 0.449219 0.671296 0.146354 0.285185
8 0.737240 0.514352 0.029687 0.043519
7 0.713021 0.221759 0.017708 0.019444
0 0.309896 0.235185 0.005208 0.022222
0 0.048698 0.235185 0.009896 0.022222
0 0.428906 0.225926 0.003646 0.022222
0 0.422917 0.293056 0.004167 0.026852
0 0.410677 0.223611 0.003646 0.021296
0 0.419792 0.350463 0.005208 0.032407
0 0.308854 0.808796 0.017708 0.060185
0 0.976302 0.202315 0.007812 0.012037
0 0.724479 0.205093 0.005208 0.012037
1 0.974219 0.418981 0.051562 0.065741
1 0.204427 0.267130 0.040104 0.025000
1 0.836719 0.829167 0.050521 0.119444
1 0.077344 0.258796 0.035937 0.030556
1 0.577865 0.321759 0.046354 0.036111