1 0.989323 0.449537 0.021354 0.071296
1 0.190885 0.279630 0.042188 0.025926
1 0.058333 0.270833 0.038542 0.032407
1 0.887500 0.940278 0.059375 0.119444
1 0.581771 0.339815 0.048958 0.038889
6 0.196094 0.256019 0.011979 0.019444
1 0.444271 0.222222 0.022917 0.020370
1 0.029167 0.224537 0.035417 0.021296
1 0.461719 0.288426 0.017188 0.043519
1 0.434375 0.581019 0.034375 0.089815
1 0.752344 0.230556 0.029687 0.022222
2 0.442187 0.759259 0.166667 0.337037
8 0.758073 0.560185 0.032812 0.046296
7 0.721094 0.230556 0.018229 0.020370
0 0.300781 0.244907 0.005729 0.023148
0 0.029167 0.244907 0.010417 0.023148
0 0.426302 0.235648 0.003646 0.023148
0 0.418750 0.308796 0.005208 0.028704
0 0.407552 0.232407 0.003646 0.022222
0 0.415365 0.371296 0.005729 0.033333
0 0.279948 0.933796 0.022396 0.065741
0 0.990625 0.209722 0.008333 0.012037
0 0.733073 0.212500 0.005729 0.012037
1 0.989323 0.449537 0.021354 0.071296
1 0.190885 0.279630 0.042188 0.025926
1 0.887500 0.940278 0.059375 0.119444
1 0.058333 0.270833 0.038542 0.032407
1 0.582292 0.339815 0.048958 0.038889