1 0.995573 0.464815 0.008854 0.075926
1 0.180469 0.287037 0.044271 0.027778
1 0.044531 0.278704 0.040104 0.033333
1 0.917708 0.973611 0.066667 0.052778
1 0.582031 0.349537 0.050521 0.039815
6 0.186979 0.262037 0.012500 0.020370
1 0.438281 0.226389 0.023438 0.021296
1 0.017448 0.230556 0.034896 0.022222
1 0.458333 0.297222 0.017708 0.046296
1 0.429688 0.609722 0.036458 0.095370
1 0.754427 0.234259 0.030729 0.022222
2 0.435677 0.813426 0.179688 0.369444
8 0.767708 0.585648 0.035417 0.049074
7 0.722656 0.234259 0.019271 0.020370
0 0.293229 0.250926 0.006250 0.024074
0 0.014323 0.251389 0.010937 0.023148
0 0.422656 0.241204 0.003646 0.023148
0 0.414062 0.317593 0.005208 0.029630
0 0.403385 0.237037 0.003646 0.022222
0 0.410677 0.382870 0.005729 0.034259
0 0.260156 0.990278 0.025521 0.019444
0 0.994271 0.212963 0.008333 0.012963
0 0.734896 0.215741 0.005208 0.012963
1 0.995573 0.464815 0.008854 0.075926
1 0.180469 0.287037 0.044271 0.027778
1 0.917708 0.973611 0.066667 0.052778
1 0.044531 0.278704 0.040104 0.033333
1 0.582292 0.349537 0.050000 0.039815