1 0.981510 0.434259 0.036979 0.068519
1 0.197396 0.273148 0.041667 0.025926
1 0.067708 0.264815 0.037500 0.031481
1 0.860677 0.888889 0.053646 0.131481
1 0.579687 0.330556 0.047917 0.037037
6 0.202083 0.250463 0.011458 0.019444
1 0.447917 0.218519 0.022917 0.020370
1 0.037240 0.220833 0.034896 0.021296
1 0.463021 0.280093 0.016667 0.041667
1 0.437240 0.556019 0.032812 0.084259
1 0.747917 0.225926 0.029167 0.022222
2 0.445833 0.713426 0.156250 0.310185
8 0.747396 0.537037 0.031250 0.044444
7 0.717188 0.225926 0.017708 0.020370
0 0.305208 0.240278 0.005208 0.023148
0 0.038802 0.240278 0.009896 0.023148
0 0.427604 0.230556 0.003125 0.022222
0 0.420833 0.300926 0.005208 0.027778
0 0.409115 0.227778 0.003646 0.022222
0 0.417448 0.360648 0.005729 0.032407
0 0.295312 0.868519 0.019792 0.062963
0 0.983594 0.206019 0.007812 0.012037
0 0.728646 0.208796 0.005208 0.012037
1 0.981510 0.434259 0.036979 0.068519
1 0.197396 0.273148 0.041667 0.025926
1 0.860677 0.888889 0.053646 0.131481
1 0.067708 0.264815 0.037500 0.031481
1 0.579948 0.330556 0.047396 0.037037