1 0.993490 0.458333 0.013021 0.074074
1 0.187240 0.282870 0.043229 0.026852
1 0.053646 0.274074 0.039583 0.033333
1 0.903385 0.956944 0.063021 0.086111
1 0.583073 0.344444 0.049479 0.038889
6 0.192969 0.258796 0.011979 0.019444
1 0.442448 0.224537 0.023438 0.021296
1 0.025000 0.226852 0.036458 0.022222
1 0.461458 0.292593 0.017708 0.044444
1 0.433073 0.594444 0.035937 0.092593
1 0.754687 0.232407 0.030208 0.022222
2 0.440104 0.785185 0.172917 0.351852
8 0.764063 0.573148 0.034375 0.048148
7 0.723437 0.232407 0.018750 0.020370
0 0.298177 0.247685 0.005729 0.023148
0 0.023958 0.247685 0.010417 0.023148
0 0.425521 0.237963 0.003125 0.022222
0 0.417708 0.313426 0.005208 0.028704
0 0.406510 0.234259 0.003646 0.022222
0 0.414323 0.376389 0.005729 0.034259
0 0.271354 0.968982 0.023958 0.062037
0 0.994271 0.212037 0.008333 0.012963
0 0.735417 0.214352 0.005208 0.012037
1 0.993490 0.458333 0.013021 0.074074
1 0.187240 0.282870 0.043229 0.026852
1 0.903385 0.956944 0.063021 0.086111
1 0.053646 0.274074 0.039583 0.033333
1 0.583333 0.344444 0.050000 0.038889