1 0.895833 0.430093 0.070833 0.069444
1 0.476562 0.378704 0.053125 0.044444
1 0.298958 0.255093 0.029167 0.026852
1 0.335417 0.343056 0.021875 0.056481
1 0.316146 0.755093 0.046875 0.139815
1 0.633854 0.229630 0.027083 0.024074
2 0.322135 0.900926 0.253646 0.198148
8 0.688021 0.617593 0.033333 0.057407
7 0.605208 0.232407 0.016667 0.022222
0 0.124219 0.303704 0.009896 0.027778
0 0.290625 0.273611 0.006250 0.026852
0 0.283073 0.370370 0.008854 0.033333
0 0.267708 0.269907 0.006250 0.025000
0 0.282031 0.449074 0.009896 0.038889
0 0.827083 0.188889 0.006250 0.011111
0 0.922656 0.283796 0.008854 0.019444
0 0.615885 0.212037 0.004688 0.012963
1 0.895833 0.430093 0.070833 0.069444
1 0.476562 0.378704 0.053125 0.044444