1 0.928125 0.438889 0.073958 0.070370
1 0.026042 0.348611 0.052083 0.037963
1 0.501302 0.372685 0.052604 0.041667
6 0.031250 0.315278 0.017708 0.025000
1 0.332031 0.247685 0.027604 0.025000
1 0.364583 0.332407 0.020833 0.053704
1 0.342969 0.721759 0.044271 0.128704
1 0.661458 0.230556 0.028125 0.024074
2 0.348958 0.881481 0.234375 0.237037
8 0.707812 0.613889 0.034375 0.055556
7 0.632031 0.232870 0.017188 0.021296
0 0.166406 0.289815 0.008854 0.027778
0 0.322396 0.265278 0.005208 0.025000
0 0.314583 0.357407 0.008333 0.031481
0 0.300260 0.261574 0.005729 0.025000
0 0.313281 0.432870 0.008854 0.037963
0 0.863021 0.193519 0.006250 0.011111
0 0.961198 0.292130 0.009896 0.019444
0 0.642969 0.212963 0.004688 0.012963
1 0.927865 0.438889 0.073437 0.070370
1 0.026042 0.348611 0.052083 0.037963
1 0.501562 0.372685 0.052083 0.041667