1 0.958333 0.447685 0.077083 0.073148
1 0.068490 0.330093 0.055729 0.034259
1 0.523958 0.367130 0.052083 0.039815
6 0.077344 0.299537 0.016146 0.023148
1 0.361719 0.241667 0.026563 0.024074
1 0.391146 0.323148 0.019792 0.051852
1 0.367188 0.692593 0.042708 0.120370
1 0.687240 0.231944 0.028646 0.023148
2 0.372917 0.864352 0.218750 0.271296
8 0.726042 0.609722 0.034375 0.054630
7 0.657031 0.233796 0.017188 0.021296
0 0.202865 0.278704 0.007812 0.025926
0 0.350781 0.258796 0.004688 0.025000
0 0.342708 0.346296 0.007292 0.031481
0 0.329688 0.254630 0.005208 0.024074
0 0.340625 0.419444 0.008333 0.037037
0 0.897656 0.198611 0.006771 0.012037
0 0.996354 0.300926 0.007292 0.020370
0 0.668490 0.213889 0.004688 0.012963
1 0.958333 0.447685 0.077083 0.073148
1 0.068490 0.330093 0.055729 0.034259
1 0.524479 0.367130 0.052083 0.039815