1 0.973437 0.456481 0.053125 0.074074
1 0.108333 0.315278 0.051042 0.032407
1 0.544531 0.362037 0.051562 0.038889
6 0.116146 0.286111 0.014583 0.022222
1 0.387760 0.236574 0.025521 0.023148
1 0.414844 0.315278 0.019271 0.049074
1 0.388542 0.667593 0.040625 0.112963
1 0.710677 0.232870 0.029687 0.023148
2 0.394010 0.849537 0.205729 0.300926
8 0.742448 0.606019 0.034896 0.052778
7 0.680208 0.234259 0.017708 0.020370
0 0.234375 0.268981 0.007292 0.025000
0 0.376042 0.252778 0.004167 0.024074
0 0.367708 0.337500 0.006250 0.030556
0 0.355469 0.248611 0.004688 0.023148
0 0.365104 0.407870 0.007292 0.036111
0 0.930729 0.203704 0.007292 0.012963
0 0.691667 0.214815 0.005208 0.012963
1 0.973437 0.456481 0.053125 0.074074
1 0.108333 0.315278 0.051042 0.032407
1 0.545052 0.362037 0.051562 0.038889