1 0.832292 0.413889 0.064583 0.066667
1 0.422396 0.395370 0.056250 0.050000
1 0.224219 0.274537 0.033854 0.030556
1 0.269792 0.370370 0.025000 0.062963
1 0.255208 0.837963 0.054167 0.166667
1 0.577344 0.229167 0.026563 0.025000
8 0.646615 0.628241 0.032812 0.060185
7 0.548958 0.233333 0.015625 0.022222
0 0.023958 0.339815 0.013542 0.031481
0 0.219010 0.294444 0.007812 0.027778
0 0.211198 0.402315 0.010937 0.036111
0 0.192969 0.291667 0.007812 0.027778
0 0.211719 0.489352 0.013021 0.043519
0 0.756771 0.180556 0.005208 0.011111
0 0.848437 0.268981 0.007292 0.017593
0 0.559375 0.212037 0.004167 0.012963
1 0.832292 0.413889 0.064583 0.066667
1 0.422917 0.395370 0.056250 0.050000