1 0.634375 0.424074 0.058333 0.066667
1 0.144010 0.584722 0.102604 0.108333
4 0.952083 0.197685 0.056250 0.097222
6 0.746875 0.974537 0.034375 0.050926
7 0.964583 0.104167 0.011458 0.010185
1 0.347656 0.266667 0.031771 0.033333
8 0.501302 0.832407 0.035937 0.092593
7 0.928906 0.246296 0.014062 0.024074
7 0.314323 0.279167 0.021354 0.028704
0 0.954427 0.121296 0.003646 0.009259
0 0.773177 0.310648 0.007812 0.028704
0 0.519010 0.178704 0.003646 0.011111
0 0.618490 0.256944 0.004688 0.017593
0 0.328125 0.247222 0.006250 0.014815
0 0.940365 0.132870 0.004688 0.013889
0 0.792448 0.322685 0.007812 0.019444
1 0.634375 0.424074 0.058333 0.066667
1 0.144531 0.584722 0.102604 0.108333
4 0.952083 0.197685 0.056250 0.097222