1 0.698698 0.413889 0.058854 0.066667
1 0.256250 0.495370 0.079167 0.079630
6 0.771094 0.919444 0.036979 0.081481
1 0.030729 0.524074 0.048958 0.100000
1 0.430208 0.247685 0.028125 0.028704
8 0.550781 0.740278 0.033854 0.078704
7 0.400260 0.256944 0.018229 0.026852
0 0.852604 0.319907 0.009375 0.030556
0 0.914323 0.084259 0.003646 0.009259
0 0.597396 0.175463 0.004167 0.010185
0 0.691927 0.256019 0.005729 0.017593
0 0.411719 0.229167 0.004688 0.013889
0 0.872917 0.333796 0.009375 0.019444
1 0.698698 0.413889 0.058854 0.066667
1 0.256250 0.494444 0.079167 0.079630