1 0.663802 0.417593 0.057813 0.066667
1 0.200521 0.537037 0.089583 0.092593
4 0.987500 0.206019 0.025000 0.100926
6 0.756771 0.955093 0.035417 0.089815
1 0.387240 0.256481 0.029687 0.031481
8 0.524479 0.783333 0.034375 0.085185
7 0.979688 0.255556 0.015625 0.025926
7 0.355729 0.267593 0.019792 0.027778
0 0.808854 0.313889 0.008333 0.029630
0 0.555469 0.176389 0.003646 0.010185
0 0.652344 0.256019 0.004688 0.017593
0 0.368229 0.237963 0.005208 0.014815
0 0.997917 0.139815 0.004167 0.014815
0 0.828646 0.326389 0.008333 0.019444
1 0.663802 0.417593 0.057813 0.066667
1 0.200781 0.537037 0.090104 0.092593
4 0.987500 0.206019 0.025000 0.100926