1 0.714063 0.412500 0.059375 0.065741
1 0.279687 0.478241 0.075000 0.075000
6 0.777083 0.902778 0.037500 0.077778
1 0.005990 0.362037 0.011979 0.046296
1 0.067708 0.497222 0.043750 0.092593
1 0.448958 0.243981 0.027083 0.028704
8 0.562500 0.721296 0.033333 0.075926
7 0.419271 0.252778 0.017708 0.025926
0 0.001563 0.387500 0.003125 0.036111
0 0.872396 0.323148 0.010417 0.029630
0 0.943490 0.086111 0.003646 0.009259
0 0.616146 0.175000 0.004167 0.011111
0 0.709896 0.256944 0.005208 0.017593
0 0.430729 0.226389 0.004167 0.013889
0 0.893490 0.337037 0.009896 0.020370
1 0.714063 0.412500 0.059375 0.065741
1 0.279687 0.477778 0.075000 0.074074