1 0.749219 0.406481 0.059896 0.064815
1 0.333073 0.438889 0.066146 0.062963
1 0.082292 0.321759 0.044792 0.037963
1 0.149219 0.437963 0.034896 0.077778
1 0.131250 0.970370 0.080208 0.059259
1 0.492708 0.235648 0.026042 0.026852
8 0.588542 0.672222 0.032292 0.068519
7 0.463802 0.242593 0.016146 0.024074
0 0.085156 0.345370 0.011979 0.031481
0 0.919010 0.329167 0.011979 0.030556
0 0.073177 0.482407 0.017188 0.042593
0 0.051042 0.343519 0.012500 0.031481
0 0.073698 0.591204 0.020312 0.050926
0 0.660937 0.175000 0.004167 0.011111
0 0.752083 0.256944 0.006250 0.017593
0 0.474479 0.218519 0.004167 0.012963
0 0.940104 0.343981 0.010417 0.021296
1 0.749219 0.406481 0.059896 0.064815
1 0.333073 0.438889 0.066146 0.062963