1 0.546615 0.475000 0.061979 0.074074
4 0.812500 0.182870 0.037500 0.093519
7 0.800781 0.091667 0.008854 0.009259
1 0.202083 0.320370 0.042708 0.042593
7 0.157813 0.342130 0.030208 0.037963
0 0.800781 0.108333 0.002604 0.007407
0 0.970833 0.112037 0.004167 0.007407
0 0.676042 0.317593 0.006250 0.029630
0 0.965625 0.101852 0.004167 0.011111
0 0.401823 0.193981 0.004688 0.012037
0 0.516927 0.274537 0.003646 0.019444
0 0.838802 0.220370 0.006771 0.022222
0 0.179948 0.296296 0.008854 0.018519
0 0.791667 0.120833 0.003125 0.012037
0 0.694792 0.327315 0.007292 0.019444
1 0.546615 0.475000 0.061979 0.074074
4 0.812500 0.182870 0.037500 0.093519