1 0.534635 0.493519 0.064062 0.077778
1 0.866406 0.167130 0.028646 0.017593
4 0.796354 0.183333 0.035417 0.094444
7 0.780208 0.090741 0.008333 0.009259
1 0.173438 0.335185 0.045833 0.044444
7 0.784635 0.231019 0.009896 0.023148
7 0.126042 0.359259 0.033333 0.040741
0 0.782031 0.107407 0.002604 0.007407
0 0.947656 0.110185 0.003646 0.007407
0 0.665104 0.323148 0.006250 0.029630
0 0.941927 0.100000 0.003646 0.011111
0 0.383073 0.198611 0.004688 0.012037
0 0.502344 0.281019 0.003646 0.019444
0 0.823177 0.220833 0.006771 0.021296
0 0.151562 0.309259 0.009375 0.018519
0 0.773438 0.120370 0.003125 0.012963
0 0.684115 0.333333 0.006771 0.018519
1 0.534635 0.493519 0.064062 0.077778
1 0.866667 0.167130 0.028125 0.017593
4 0.796354 0.183333 0.035417 0.094444