1 0.527604 0.502778 0.065625 0.079630
1 0.855469 0.166667 0.027604 0.016667
4 0.786719 0.183333 0.033854 0.094444
7 0.768750 0.090741 0.008333 0.009259
1 0.156771 0.343519 0.047917 0.046296
7 0.776042 0.231019 0.009375 0.023148
7 0.107552 0.369907 0.034896 0.041667
0 0.771354 0.106944 0.002083 0.008333
0 0.934115 0.109259 0.003646 0.007407
0 0.658073 0.325926 0.006771 0.029630
0 0.928385 0.099074 0.003646 0.011111
0 0.371615 0.201389 0.004688 0.012037
0 0.493750 0.284722 0.004167 0.019444
0 0.813542 0.220370 0.006250 0.022222
0 0.134635 0.316667 0.009896 0.018519
0 0.763021 0.119907 0.003125 0.012037
0 0.677604 0.336111 0.007292 0.020370
1 0.527344 0.502778 0.065104 0.079630
1 0.855729 0.166667 0.028125 0.016667
4 0.786719 0.183333 0.033854 0.094444