1 0.563802 0.450926 0.059896 0.070370
1 0.019531 0.766204 0.039062 0.175000
4 0.835938 0.183333 0.040625 0.092593
7 0.830990 0.093519 0.008854 0.009259
1 0.239844 0.301852 0.039062 0.038889
8 0.441146 0.974074 0.044792 0.051852
7 0.199740 0.320370 0.027604 0.035185
0 0.828385 0.109722 0.002604 0.008333
0 0.692187 0.309722 0.006250 0.028704
0 0.697135 0.071759 0.001563 0.008333
0 0.428125 0.187500 0.004167 0.012037
0 0.537500 0.265741 0.004167 0.018519
0 0.861719 0.219907 0.006771 0.021296
0 0.217969 0.279630 0.007812 0.016667
0 0.817969 0.121759 0.003646 0.012037
0 0.710938 0.319907 0.007292 0.019444
1 0.563802 0.450926 0.059896 0.070370
1 0.019792 0.766204 0.039583 0.175000
4 0.835938 0.183333 0.040625 0.092593