1 0.573958 0.443981 0.059375 0.069444
1 0.034896 0.725926 0.069792 0.159259
4 0.851042 0.184259 0.042708 0.092593
7 0.849219 0.094444 0.008854 0.009259
1 0.257812 0.294444 0.037500 0.037037
8 0.450781 0.955093 0.042188 0.089815
7 0.219271 0.312037 0.026042 0.033333
0 0.845052 0.110648 0.002604 0.008333
0 0.702865 0.307870 0.006771 0.028704
0 0.711979 0.071759 0.002083 0.008333
0 0.442187 0.185185 0.004167 0.011111
0 0.549479 0.263426 0.004167 0.017593
0 0.877083 0.221296 0.007292 0.022222
0 0.236458 0.273148 0.007292 0.016667
0 0.834635 0.123148 0.003646 0.012963
0 0.721875 0.318519 0.007292 0.018519
1 0.573958 0.443981 0.059375 0.069444
1 0.035156 0.725926 0.070312 0.159259
4 0.851042 0.184259 0.042708 0.092593