1 0.482031 0.546296 0.071354 0.085185
1 0.788802 0.160648 0.025521 0.015741
1 0.889844 0.226389 0.033854 0.025000
4 0.727083 0.180556 0.028125 0.094444
1 0.055729 0.393519 0.060417 0.055556
7 0.719792 0.228241 0.008333 0.023148
7 0.008073 0.429167 0.016146 0.050926
0 0.707292 0.103704 0.002083 0.007407
0 0.855208 0.102315 0.003125 0.006481
0 0.749740 0.095833 0.002604 0.006481
0 0.612760 0.335648 0.005729 0.030556
0 0.849479 0.093056 0.003125 0.010185
0 0.305990 0.215741 0.005729 0.012963
0 0.441406 0.300926 0.004688 0.020370
0 0.031510 0.361574 0.013021 0.021296
0 0.700260 0.117130 0.002604 0.012037
0 0.633073 0.344907 0.006771 0.019444
1 0.482031 0.546296 0.071354 0.085185
1 0.788802 0.160648 0.025521 0.015741
1 0.889844 0.226389 0.033854 0.025000
4 0.727083 0.180556 0.028125 0.094444