1 0.414062 0.608333 0.081250 0.090741
1 0.700260 0.154167 0.023438 0.013889
1 0.795052 0.214815 0.029687 0.022222
4 0.646354 0.177315 0.022917 0.093519
7 0.612240 0.084722 0.006771 0.008333
7 0.641406 0.225000 0.006771 0.022222
1 0.991927 0.103241 0.016146 0.010185
0 0.621094 0.100926 0.001563 0.007407
0 0.754948 0.095833 0.002604 0.006481
0 0.659375 0.091667 0.002083 0.005556
0 0.545833 0.348148 0.005208 0.031481
0 0.961979 0.251852 0.010417 0.024074
0 0.749219 0.087037 0.002604 0.009259
0 0.203385 0.241204 0.006771 0.013889
0 0.967969 0.170833 0.006771 0.017593
0 0.361979 0.325926 0.006250 0.022222
0 0.673437 0.212963 0.004167 0.020370
0 0.615625 0.114352 0.002083 0.012037
0 0.976042 0.147685 0.006250 0.015741
0 0.947656 0.249537 0.009896 0.023148
0 0.566667 0.355556 0.006250 0.020370
1 0.414062 0.608333 0.081250 0.090741
1 0.700521 0.154167 0.022917 0.013889
1 0.795052 0.214815 0.029687 0.022222
4 0.646354 0.177315 0.022917 0.093519