1 0.464063 0.559722 0.072917 0.086111
1 0.763802 0.158333 0.024479 0.014815
1 0.862500 0.222685 0.032292 0.025000
4 0.704427 0.179167 0.026563 0.093519
7 0.676302 0.086574 0.006771 0.008333
1 0.023698 0.413426 0.047396 0.060185
7 0.697656 0.226389 0.007812 0.023148
0 0.683073 0.102778 0.001563 0.007407
0 0.724219 0.094444 0.002604 0.005556
0 0.594531 0.337500 0.005729 0.030556
0 0.279948 0.221759 0.005729 0.013889
0 0.420312 0.306481 0.005208 0.020370
0 0.731771 0.215278 0.005208 0.021296
0 0.676823 0.116204 0.002604 0.012037
0 0.614583 0.346759 0.006250 0.019444
1 0.464063 0.559722 0.072917 0.086111
1 0.764063 0.158333 0.025000 0.014815
1 0.862500 0.222685 0.032292 0.025000
4 0.704427 0.179167 0.026563 0.093519