1 0.519271 0.512963 0.066667 0.081481
1 0.843490 0.165741 0.027604 0.016667
4 0.776042 0.183333 0.033333 0.094444
7 0.755990 0.089815 0.007812 0.009259
1 0.138542 0.352778 0.050000 0.048148
7 0.766146 0.231019 0.009375 0.023148
7 0.086979 0.380556 0.036458 0.042593
0 0.759375 0.106481 0.002083 0.007407
0 0.919531 0.107870 0.003646 0.006481
0 0.650521 0.328704 0.006250 0.029630
0 0.913802 0.098148 0.003646 0.011111
0 0.359635 0.204630 0.004688 0.012963
0 0.484375 0.288426 0.004167 0.019444
0 0.803125 0.220370 0.006250 0.022222
0 0.116146 0.325463 0.010417 0.019444
0 0.751562 0.119444 0.003125 0.012963
0 0.670052 0.338426 0.006771 0.019444
1 0.519271 0.512963 0.066667 0.081481
1 0.843490 0.165741 0.027604 0.016667
4 0.776042 0.183333 0.033333 0.094444