1 0.509375 0.523611 0.067708 0.082407
1 0.828646 0.164352 0.027083 0.015741
1 0.933333 0.233333 0.036458 0.025926
4 0.763281 0.182407 0.031771 0.094444
1 0.116927 0.363889 0.052604 0.050000
7 0.753906 0.230093 0.008854 0.023148
7 0.062240 0.393519 0.039062 0.044444
0 0.745313 0.106019 0.002083 0.008333
0 0.901823 0.106481 0.003646 0.007407
0 0.790625 0.098148 0.003125 0.005556
0 0.640625 0.331019 0.006250 0.030556
0 0.896094 0.096759 0.003646 0.010185
0 0.345313 0.207407 0.005208 0.012963
0 0.472917 0.292130 0.004167 0.019444
0 0.790365 0.219907 0.005729 0.021296
0 0.094010 0.334722 0.010937 0.019444
0 0.737760 0.118981 0.002604 0.012037
0 0.660677 0.341204 0.006771 0.019444
1 0.509375 0.523611 0.067708 0.082407
1 0.829167 0.164352 0.027083 0.015741
1 0.933333 0.233333 0.036458 0.025926
4 0.763281 0.182407 0.031771 0.094444