1 0.391406 0.644907 0.086979 0.095370
1 0.677604 0.154167 0.022917 0.013889
1 0.772396 0.213889 0.029167 0.022222
4 0.625260 0.178704 0.022396 0.094444
7 0.587500 0.084722 0.006250 0.008333
7 0.620833 0.226852 0.006250 0.022222
1 0.959375 0.100463 0.021875 0.010185
0 0.598177 0.100926 0.001563 0.007407
0 0.729427 0.094907 0.002604 0.006481
0 0.996615 0.099537 0.003646 0.006481
0 0.635417 0.091667 0.002083 0.005556
0 0.527344 0.357407 0.004688 0.033333
0 0.723437 0.086111 0.002083 0.009259
0 0.167448 0.252778 0.007812 0.014815
0 0.336719 0.338889 0.006771 0.022222
0 0.652083 0.214352 0.004167 0.021296
0 0.592708 0.115278 0.002083 0.012037
0 0.548958 0.364815 0.006250 0.020370
1 0.391406 0.644907 0.086979 0.095370
1 0.677604 0.154167 0.022917 0.013889
1 0.772396 0.213889 0.029167 0.022222
4 0.625260 0.178704 0.022396 0.094444