1 0.444792 0.575000 0.076042 0.087037
1 0.737500 0.156481 0.023958 0.014815
1 0.834375 0.218981 0.031250 0.023148
4 0.680469 0.177778 0.024479 0.092593
7 0.650260 0.085648 0.006771 0.008333
7 0.674740 0.225000 0.007812 0.022222
0 0.658073 0.101852 0.001563 0.007407
0 0.697656 0.093056 0.002604 0.006481
0 0.574740 0.340278 0.005729 0.030556
0 0.790885 0.089352 0.002604 0.010185
0 0.251042 0.228241 0.006250 0.013889
0 0.397917 0.312963 0.005208 0.020370
0 0.707552 0.213426 0.004688 0.021296
0 0.975000 0.257870 0.010417 0.025000
0 0.651823 0.115278 0.002604 0.012037
0 0.994792 0.258333 0.010417 0.024074
0 0.595052 0.349074 0.006771 0.020370
1 0.444792 0.575000 0.076042 0.087037
1 0.737760 0.156481 0.024479 0.014815
1 0.834375 0.218981 0.031250 0.023148
4 0.680469 0.177778 0.024479 0.092593