1 0.295833 0.801852 0.115625 0.111111
1 0.590365 0.154630 0.021354 0.012963
1 0.684896 0.211111 0.027083 0.020370
1 0.569271 0.093981 0.013542 0.010185
4 0.542188 0.183796 0.020833 0.097222
2 0.984375 0.083796 0.031250 0.026852
7 0.539844 0.234722 0.005729 0.023148
0 0.508854 0.101852 0.001042 0.007407
0 0.634896 0.091667 0.002083 0.005556
0 0.544271 0.091667 0.002083 0.005556
0 0.452344 0.393519 0.005729 0.035185
0 0.832031 0.235648 0.007812 0.023148
0 0.628906 0.083333 0.001563 0.009259
0 0.008073 0.307870 0.011979 0.017593
0 0.229167 0.395833 0.009375 0.025000
0 0.570312 0.219907 0.003125 0.021296
0 0.801562 0.236574 0.007292 0.023148
0 0.504427 0.117130 0.001563 0.012037
0 0.824479 0.235185 0.007292 0.022222
0 0.476302 0.398611 0.006771 0.023148
1 0.569271 0.093981 0.013542 0.010185
1 0.295833 0.801852 0.115625 0.111111
1 0.590365 0.154630 0.021354 0.012963
1 0.684896 0.211111 0.027083 0.020370
4 0.542188 0.183796 0.020833 0.097222