1 0.376823 0.665741 0.091146 0.098148
1 0.662500 0.154167 0.022917 0.013889
1 0.757031 0.212963 0.028646 0.022222
4 0.611198 0.179167 0.022396 0.095370
7 0.571875 0.084722 0.006250 0.008333
7 0.607031 0.227778 0.006771 0.022222
1 0.936458 0.098148 0.020833 0.009259
0 0.583073 0.100926 0.001563 0.007407
0 0.713021 0.093981 0.002083 0.006481
0 0.972135 0.097685 0.003646 0.006481
0 0.619792 0.091204 0.002083 0.006481
0 0.514844 0.362500 0.004688 0.032407
0 0.707292 0.085185 0.002083 0.009259
0 0.144271 0.260185 0.008333 0.014815
0 0.320052 0.347222 0.006771 0.022222
0 0.638281 0.214815 0.003646 0.020370
0 0.577865 0.115278 0.001563 0.012037
0 0.922135 0.141667 0.005729 0.014815
0 0.984115 0.095370 0.003646 0.007407
0 0.728646 0.092130 0.002083 0.010185
0 0.536979 0.369444 0.006250 0.022222
1 0.376823 0.665741 0.091146 0.098148
1 0.662760 0.154167 0.022396 0.013889
1 0.757031 0.212963 0.028646 0.022222
4 0.611198 0.179167 0.022396 0.095370