1 0.234375 0.920370 0.139583 0.120370
1 0.545313 0.156019 0.021875 0.013889
1 0.640885 0.211574 0.026563 0.019444
4 0.497396 0.188426 0.021875 0.100926
4 0.976562 0.166667 0.046875 0.035185
7 0.496615 0.240741 0.005729 0.024074
1 0.776823 0.087037 0.016146 0.009259
0 0.461719 0.103704 0.001563 0.007407
0 0.587760 0.091204 0.001563 0.006481
0 0.496615 0.092593 0.001563 0.005556
0 0.410417 0.417593 0.007292 0.037037
0 0.766667 0.153704 0.004167 0.011111
0 0.876302 0.087963 0.003646 0.009259
0 0.983333 0.118981 0.005208 0.012037
0 0.870573 0.087963 0.003646 0.009259
0 0.581510 0.083333 0.001563 0.009259
0 0.769792 0.150463 0.004167 0.015741
0 0.162500 0.436574 0.011458 0.026852
0 0.527344 0.225463 0.002604 0.021296
0 0.457552 0.119907 0.001563 0.012037
0 0.771094 0.128241 0.003646 0.013889
0 0.875521 0.088426 0.003125 0.006481
0 0.600260 0.089352 0.001563 0.010185
0 0.436198 0.421759 0.007812 0.025000
1 0.234115 0.920370 0.139062 0.120370
1 0.545313 0.156019 0.021875 0.013889
1 0.640885 0.211574 0.026563 0.019444
4 0.497396 0.188426 0.021875 0.100926
4 0.976562 0.166667 0.046875 0.035185