1 0.250260 0.881944 0.131771 0.115741
1 0.553385 0.155556 0.021354 0.012963
1 0.648438 0.210648 0.026042 0.019444
4 0.505729 0.186574 0.021875 0.099074
4 0.981771 0.168056 0.036458 0.034259
7 0.504427 0.238889 0.005729 0.024074
1 0.786719 0.087500 0.016146 0.008333
0 0.470313 0.103241 0.001042 0.008333
0 0.596094 0.091204 0.001563 0.006481
0 0.505469 0.092130 0.001563 0.006481
0 0.418490 0.410185 0.006771 0.037037
0 0.775260 0.153704 0.003646 0.011111
0 0.995833 0.120370 0.005208 0.012963
0 0.766667 0.145370 0.004167 0.014815
0 0.589844 0.082407 0.001563 0.009259
0 0.778646 0.150926 0.004167 0.014815
0 0.177604 0.425463 0.011458 0.026852
0 0.535156 0.223611 0.002604 0.021296
0 0.466406 0.118981 0.001563 0.012037
0 0.780208 0.128704 0.004167 0.012963
0 0.822656 0.083796 0.002604 0.006481
0 0.608594 0.088889 0.001563 0.009259
0 0.443750 0.413889 0.007292 0.024074
1 0.250260 0.881944 0.131771 0.115741
1 0.553385 0.155093 0.021354 0.013889
1 0.648438 0.210648 0.026042 0.019444
4 0.505729 0.186574 0.021875 0.099074
4 0.981771 0.168056 0.036458 0.034259