1 0.362500 0.687963 0.094792 0.100000
1 0.648698 0.154167 0.022396 0.013889
1 0.742708 0.212500 0.028125 0.021296
4 0.598177 0.180093 0.021354 0.095370
7 0.556771 0.084722 0.006250 0.008333
7 0.594271 0.228704 0.006250 0.022222
1 0.915885 0.096296 0.020312 0.009259
0 0.568750 0.100926 0.001042 0.007407
0 0.697917 0.093519 0.002083 0.005556
0 0.950260 0.095833 0.003646 0.006481
0 0.605208 0.091204 0.002083 0.006481
0 0.503385 0.367593 0.004688 0.033333
0 0.893229 0.165278 0.005208 0.012037
0 0.691667 0.085185 0.002083 0.009259
0 0.120573 0.268056 0.008854 0.015741
0 0.897396 0.162500 0.006250 0.015741
0 0.303646 0.355093 0.007292 0.023148
0 0.625260 0.215741 0.003646 0.020370
0 0.563802 0.115278 0.001563 0.012037
0 0.902604 0.139815 0.005208 0.014815
0 0.961198 0.093519 0.003646 0.007407
0 0.713021 0.091667 0.002083 0.009259
0 0.525521 0.374537 0.006250 0.021296
1 0.362500 0.687963 0.094792 0.100000
1 0.648698 0.154167 0.022396 0.013889
1 0.742708 0.212500 0.028125 0.021296
4 0.598177 0.180093 0.021354 0.095370