1 0.205469 0.969444 0.155729 0.061111
1 0.539583 0.158333 0.021875 0.012963
1 0.636719 0.215278 0.026563 0.021296
4 0.490885 0.192593 0.022396 0.103704
4 0.974740 0.167130 0.050521 0.036111
8 0.686719 0.102778 0.003646 0.011111
7 0.848958 0.094444 0.007292 0.009259
7 0.490104 0.246296 0.006250 0.024074
1 0.771094 0.087500 0.016146 0.008333
0 0.454688 0.105093 0.001042 0.008333
0 0.581771 0.092130 0.002083 0.006481
0 0.798698 0.086111 0.002604 0.005556
0 0.489583 0.093519 0.002083 0.005556
0 0.402344 0.434259 0.007812 0.038889
0 0.761979 0.154630 0.004167 0.011111
0 0.780729 0.235185 0.007292 0.022222
0 0.869792 0.087963 0.003125 0.009259
0 0.976823 0.118981 0.005729 0.012037
0 0.575260 0.083333 0.001563 0.009259
0 0.765365 0.151852 0.004688 0.014815
0 0.142188 0.457870 0.012500 0.028704
0 0.521615 0.230556 0.002604 0.022222
0 0.750260 0.237500 0.006771 0.023148
0 0.450260 0.121296 0.001563 0.012963
0 0.766146 0.129167 0.004167 0.013889
0 0.806250 0.083333 0.002083 0.005556
0 0.775260 0.235185 0.006771 0.022222
0 0.868750 0.088426 0.003125 0.006481
0 0.429167 0.437963 0.008333 0.025926
1 0.205469 0.969444 0.155729 0.061111
1 0.539583 0.158333 0.021875 0.012963
1 0.636719 0.215278 0.026563 0.021296
4 0.490885 0.192593 0.022396 0.103704
4 0.974740 0.167130 0.050521 0.036111