1 0.190885 0.990741 0.165104 0.018519
1 0.538802 0.159722 0.022396 0.013889
1 0.637240 0.217130 0.026563 0.021296
4 0.490104 0.194444 0.022917 0.105556
4 0.975781 0.168519 0.048437 0.035185
8 0.686719 0.102778 0.003646 0.011111
7 0.849479 0.094444 0.007292 0.009259
7 0.489323 0.249537 0.006771 0.025000
0 0.883854 0.096759 0.004167 0.010185
0 0.453646 0.105556 0.001042 0.007407
0 0.581250 0.092593 0.002083 0.005556
0 0.488542 0.093981 0.002083 0.006481
0 0.400260 0.443056 0.007812 0.039815
0 0.782552 0.237500 0.006771 0.023148
0 0.875000 0.089815 0.003125 0.005556
0 0.574740 0.084259 0.001563 0.009259
0 0.323177 0.100000 0.002604 0.011111
0 0.134375 0.467593 0.013542 0.029630
0 0.521094 0.233333 0.002604 0.022222
0 0.449219 0.122222 0.001563 0.012963
0 0.950260 0.215278 0.008854 0.021296
0 0.777344 0.237500 0.006771 0.023148
0 0.427604 0.446759 0.008333 0.026852
1 0.190885 0.990741 0.165104 0.018519
1 0.539062 0.159722 0.021875 0.013889
1 0.637240 0.217130 0.026563 0.021296
4 0.490104 0.194444 0.022917 0.105556
4 0.975781 0.168519 0.048437 0.035185