1 0.539844 0.164352 0.022396 0.013889
1 0.642448 0.225926 0.027604 0.022222
4 0.489844 0.201852 0.023438 0.111111
4 0.982552 0.174074 0.034896 0.037037
8 0.690104 0.105093 0.004167 0.012037
2 0.916927 0.080093 0.029687 0.025000
7 0.488802 0.259722 0.006771 0.026852
1 0.775521 0.089352 0.016667 0.008333
0 0.452865 0.107870 0.001563 0.008333
0 0.583073 0.093981 0.001563 0.006481
0 0.837240 0.191204 0.006771 0.019444
0 0.488021 0.095833 0.002083 0.006481
0 0.892708 0.088426 0.003125 0.010185
0 0.395312 0.476852 0.008333 0.042593
0 0.319792 0.079630 0.002083 0.009259
0 0.876562 0.089815 0.003125 0.009259
0 0.880729 0.091667 0.003125 0.005556
0 0.576563 0.085185 0.001042 0.009259
0 0.320052 0.101852 0.002604 0.011111
0 0.108073 0.505556 0.015104 0.031481
0 0.521875 0.243519 0.003125 0.024074
0 0.760677 0.250463 0.006771 0.023148
0 0.448177 0.125926 0.001563 0.012963
0 0.425000 0.480556 0.008333 0.027778
1 0.540104 0.164352 0.022917 0.013889
1 0.642448 0.225926 0.027604 0.022222
4 0.489844 0.201852 0.023438 0.111111
4 0.982552 0.174074 0.034896 0.037037