1 0.540104 0.167130 0.022917 0.013889
1 0.645052 0.231019 0.028646 0.023148
1 0.583854 0.103704 0.006250 0.009259
4 0.489062 0.206944 0.023958 0.113889
8 0.691667 0.106481 0.004167 0.011111
7 0.859115 0.098148 0.007812 0.009259
2 0.920573 0.081019 0.029687 0.025000
7 0.488281 0.266204 0.006771 0.026852
1 0.777083 0.090278 0.016667 0.008333
0 0.451823 0.108796 0.001563 0.008333
0 0.583594 0.094907 0.001563 0.006481
0 0.805469 0.088889 0.002604 0.005556
0 0.486979 0.096759 0.002083 0.006481
0 0.391406 0.497685 0.008854 0.043519
0 0.317708 0.080093 0.002083 0.008333
0 0.800521 0.254167 0.007292 0.025000
0 0.576823 0.086111 0.001563 0.009259
0 0.886979 0.106944 0.004167 0.012037
0 0.317448 0.103241 0.002604 0.010185
0 0.090365 0.530093 0.016146 0.032407
0 0.521875 0.249537 0.003125 0.023148
0 0.885677 0.106019 0.003646 0.006481
0 0.765365 0.256481 0.007812 0.024074
0 0.447135 0.127315 0.001563 0.013889
0 0.775260 0.134722 0.003646 0.013889
0 0.812500 0.085648 0.002083 0.006481
0 0.795573 0.253704 0.007812 0.024074
0 0.421875 0.501852 0.009375 0.029630
1 0.540104 0.167130 0.022917 0.013889
1 0.645052 0.231019 0.028646 0.023148
1 0.583854 0.103704 0.006250 0.009259
4 0.489062 0.206944 0.023958 0.113889