1 0.648698 0.181481 0.026563 0.016667
1 0.769792 0.266204 0.036458 0.026852
1 0.700000 0.113426 0.007292 0.010185
1 0.624479 0.105093 0.015625 0.012037
4 0.590885 0.224074 0.026563 0.127778
8 0.826823 0.121296 0.005729 0.012963
7 0.586198 0.289815 0.007812 0.029630
1 0.935156 0.106481 0.022396 0.011111
0 0.557031 0.112500 0.001563 0.008333
0 0.700521 0.103704 0.002083 0.007407
0 0.972917 0.106019 0.004167 0.006481
0 0.594010 0.101389 0.002604 0.006481
0 0.467448 0.556944 0.007812 0.047222
0 0.427344 0.078241 0.001563 0.008333
0 0.973958 0.314815 0.012500 0.029630
0 0.922135 0.183333 0.006771 0.018519
0 0.693229 0.093981 0.002083 0.010185
0 0.169271 0.536111 0.014583 0.033333
0 0.624740 0.276852 0.004688 0.025926
0 0.922135 0.312500 0.011979 0.028704
0 0.551042 0.132870 0.002083 0.013889
0 0.980990 0.102778 0.003646 0.007407
0 0.967448 0.312500 0.013021 0.028704
0 0.711979 0.101852 0.002083 0.011111
0 0.501823 0.566667 0.008854 0.033333
1 0.624479 0.105093 0.015625 0.012037
1 0.648958 0.181481 0.026042 0.016667
1 0.769792 0.266204 0.036458 0.026852
1 0.700000 0.113426 0.007292 0.010185
4 0.590885 0.224074 0.026563 0.127778