1 0.833333 0.212963 0.035417 0.022222
1 0.985677 0.340278 0.028646 0.041667
1 0.905208 0.136574 0.010417 0.012037
4 0.757031 0.257407 0.040104 0.150000
7 0.747135 0.331481 0.011979 0.035185
0 0.724219 0.124074 0.002604 0.009259
0 0.906250 0.125000 0.004167 0.007407
0 0.768490 0.114815 0.003646 0.007407
0 0.589844 0.621759 0.009896 0.049074
0 0.585156 0.079630 0.001563 0.009259
0 0.147135 0.315741 0.009896 0.018519
0 0.580208 0.104630 0.002083 0.011111
0 0.305208 0.512500 0.010417 0.032407
0 0.796875 0.324537 0.008333 0.030556
0 0.715625 0.146296 0.003125 0.014815
0 0.921094 0.123148 0.004688 0.012963
0 0.628906 0.646759 0.011979 0.036111
1 0.833333 0.212963 0.035417 0.022222
1 0.985677 0.340278 0.028646 0.041667
1 0.905208 0.136574 0.010417 0.012037
4 0.757031 0.257407 0.040104 0.150000