1 0.803125 0.206481 0.033333 0.020370
1 0.959115 0.324074 0.052604 0.038889
1 0.871615 0.131944 0.009896 0.012037
4 0.730208 0.250000 0.037500 0.144444
7 0.721615 0.321759 0.010937 0.034259
0 0.698698 0.121759 0.002604 0.008333
0 0.872656 0.120370 0.003646 0.007407
0 0.741667 0.112037 0.003125 0.007407
0 0.570573 0.603241 0.008854 0.049074
0 0.563021 0.079167 0.001042 0.008333
0 0.864062 0.108333 0.004167 0.011111
0 0.123958 0.319444 0.010417 0.018519
0 0.558073 0.102778 0.001563 0.011111
0 0.288802 0.508796 0.010937 0.032407
0 0.768490 0.313889 0.007812 0.029630
0 0.690625 0.143519 0.003125 0.014815
0 0.886719 0.118981 0.003646 0.012037
0 0.608594 0.625463 0.010937 0.034259
1 0.803385 0.206481 0.032812 0.020370
1 0.959115 0.324074 0.052604 0.038889
1 0.871615 0.131944 0.009896 0.012037
4 0.730208 0.250000 0.037500 0.144444