1 0.574479 0.173611 0.023958 0.013889
1 0.685938 0.245833 0.031250 0.023148
1 0.620833 0.107407 0.006250 0.009259
4 0.521354 0.215741 0.023958 0.120370
8 0.734115 0.111574 0.004688 0.012037
7 0.917188 0.105093 0.009375 0.010185
2 0.984635 0.087500 0.030729 0.026852
7 0.930990 0.109259 0.009896 0.011111
7 0.518750 0.278704 0.007292 0.027778
1 0.825781 0.095370 0.018229 0.009259
8 0.935938 0.106019 0.007292 0.012037
0 0.955729 0.107407 0.004167 0.011111
0 0.484896 0.110648 0.001042 0.008333
0 0.620313 0.098611 0.002083 0.006481
0 0.857031 0.094444 0.002604 0.005556
0 0.904427 0.212037 0.007812 0.020370
0 0.953906 0.110648 0.004688 0.012037
0 0.520833 0.099074 0.002083 0.005556
0 0.956771 0.095833 0.004167 0.010185
0 0.412500 0.537037 0.009375 0.046296
0 0.352344 0.080093 0.001563 0.008333
0 0.857813 0.276852 0.009375 0.025926
0 0.939062 0.097222 0.004167 0.011111
0 0.941146 0.098611 0.003125 0.006481
0 0.933333 0.097222 0.004167 0.011111
0 0.613802 0.088889 0.001563 0.009259
0 0.948177 0.115278 0.004688 0.012037
0 0.350521 0.103704 0.002083 0.011111
0 0.099479 0.555556 0.016667 0.033333
0 0.554688 0.263426 0.003125 0.025000
0 0.945052 0.113889 0.004688 0.007407
0 0.816927 0.277778 0.008854 0.025926
0 0.479427 0.130093 0.001563 0.013889
0 0.864062 0.091204 0.003125 0.006481
0 0.852344 0.275926 0.009896 0.025926
0 0.933594 0.097685 0.003646 0.006481
0 0.631250 0.095833 0.002083 0.010185
0 0.445573 0.542130 0.009896 0.032407
1 0.574479 0.173611 0.023958 0.013889
1 0.685938 0.245833 0.031250 0.023148
1 0.620833 0.107407 0.006250 0.009259
4 0.521354 0.215741 0.023958 0.120370