1 0.908073 0.232870 0.041146 0.025000
1 0.989323 0.149537 0.013021 0.013889
1 0.876042 0.130093 0.022917 0.015741
4 0.823698 0.280093 0.048437 0.165741
7 0.811719 0.361111 0.014062 0.038889
0 0.784635 0.131944 0.002604 0.010185
0 0.990625 0.136574 0.005208 0.008333
0 0.832812 0.122685 0.004167 0.008333
0 0.636979 0.684722 0.012500 0.054630
0 0.191667 0.312500 0.009375 0.019444
0 0.856250 0.120833 0.004167 0.012037
0 0.630208 0.107870 0.002083 0.012037
0 0.337240 0.531482 0.010937 0.033333
0 0.868490 0.357407 0.010937 0.033333
0 0.775521 0.156019 0.004167 0.015741
0 0.680729 0.718056 0.014583 0.039815
1 0.876042 0.130093 0.022917 0.015741
1 0.908594 0.232870 0.041146 0.025000
1 0.989323 0.149537 0.013021 0.013889
4 0.823698 0.280093 0.048437 0.165741