1 0.955469 0.245370 0.045313 0.027778
1 0.920573 0.136111 0.025521 0.016667
4 0.864062 0.293056 0.053125 0.175000
7 0.850521 0.377778 0.015625 0.040741
0 0.822396 0.136574 0.003125 0.010185
0 0.873698 0.128241 0.004688 0.008333
0 0.663281 0.713889 0.014062 0.055556
0 0.220313 0.308333 0.008333 0.018519
0 0.661198 0.110185 0.002604 0.011111
0 0.358333 0.535648 0.010417 0.034259
0 0.911979 0.376852 0.012500 0.035185
0 0.812760 0.161574 0.004688 0.015741
0 0.709635 0.752315 0.016146 0.041667
1 0.920573 0.136111 0.025521 0.016667
1 0.955729 0.244907 0.044792 0.026852
4 0.864062 0.293056 0.053125 0.175000