1 0.865365 0.316667 0.040104 0.044444
1 0.937500 0.296296 0.036458 0.044444
7 0.830469 0.346759 0.020312 0.036111
0 0.997656 0.293519 0.004688 0.027778
0 0.855990 0.272685 0.008854 0.026852
0 0.972135 0.288426 0.009896 0.017593
0 0.932031 0.224074 0.008854 0.022222
0 0.761198 0.373611 0.009896 0.034259
0 0.492188 0.557407 0.010417 0.033333
0 0.897656 0.247222 0.008854 0.024074
0 0.985677 0.311111 0.011979 0.029630
0 0.997917 0.282870 0.004167 0.026852
0 0.816406 0.317593 0.009896 0.029630
0 0.744271 0.353241 0.009375 0.032407
0 0.872656 0.419907 0.014062 0.037963