1 0.772135 0.304630 0.033854 0.044444
7 0.937500 0.105093 0.008333 0.010185
1 0.832812 0.277315 0.029167 0.041667
7 0.741927 0.340741 0.017188 0.035185
0 0.884896 0.270370 0.009375 0.025926
0 0.967448 0.112500 0.004688 0.012037
0 0.761458 0.259722 0.007292 0.025000
0 0.860677 0.267593 0.007812 0.016667
0 0.821354 0.208333 0.006250 0.020370
0 0.909375 0.112037 0.004167 0.011111
0 0.682813 0.373611 0.008333 0.034259
0 0.417969 0.623148 0.013021 0.037037
0 0.901563 0.218056 0.007292 0.021296
0 0.795052 0.232407 0.006771 0.022222
0 0.937240 0.159722 0.005729 0.015741
0 0.874219 0.287500 0.008854 0.026852
0 0.986198 0.149074 0.005729 0.014815
0 0.885156 0.259722 0.008854 0.025000
0 0.728906 0.309259 0.007812 0.029630
0 0.665885 0.353704 0.007812 0.033333
0 0.790104 0.406481 0.011458 0.037037