1 0.754167 0.303704 0.033333 0.044444
7 0.909896 0.103241 0.008333 0.010185
1 0.813542 0.275463 0.028125 0.041667
7 0.725000 0.341204 0.016667 0.036111
0 0.863542 0.267593 0.009375 0.025926
0 0.939062 0.109722 0.004167 0.012037
0 0.743490 0.258796 0.006771 0.025000
0 0.839844 0.265278 0.007812 0.015741
0 0.800521 0.206481 0.006250 0.020370
0 0.883854 0.109722 0.004167 0.012037
0 0.667188 0.375463 0.008333 0.034259
0 0.400521 0.643519 0.013542 0.038889
0 0.878646 0.214352 0.007292 0.021296
0 0.775781 0.230556 0.006771 0.022222
0 0.911198 0.156481 0.005729 0.016667
0 0.854167 0.284722 0.008333 0.026852
0 0.958333 0.145370 0.005208 0.014815
0 0.864062 0.256481 0.008333 0.024074
0 0.711979 0.309259 0.008333 0.029630
0 0.650260 0.356019 0.007812 0.032407
0 0.774479 0.406481 0.011458 0.037037