8 0.917448 0.139352 0.010937 0.013889
1 0.958073 0.144907 0.022396 0.015741
1 0.670313 0.306944 0.029167 0.045370
7 0.785677 0.094907 0.005729 0.010185
1 0.722396 0.270833 0.023958 0.041667
7 0.643490 0.356019 0.015104 0.037963
0 0.765104 0.259722 0.007292 0.025000
0 0.811719 0.100000 0.002604 0.011111
0 0.657031 0.258796 0.005729 0.025000
0 0.744531 0.258796 0.005729 0.015741
0 0.703385 0.200926 0.004688 0.020370
0 0.765885 0.100926 0.002604 0.011111
0 0.591146 0.399537 0.007292 0.036111
0 0.297396 0.807407 0.019792 0.048148
0 0.773438 0.203241 0.005208 0.019444
0 0.683854 0.226852 0.005208 0.022222
0 0.794271 0.145833 0.004167 0.015741
0 0.759635 0.276389 0.006771 0.026852
0 0.833333 0.132870 0.004167 0.013889
0 0.765625 0.247222 0.006250 0.024074
0 0.629687 0.318056 0.006250 0.030556
0 0.572656 0.378704 0.005729 0.035185
0 0.701563 0.415741 0.009375 0.037037