8 0.958073 0.143519 0.011979 0.014815
7 0.921875 0.137037 0.013542 0.012963
1 0.994010 0.149537 0.011979 0.015741
1 0.695052 0.304167 0.029687 0.045370
7 0.820833 0.096759 0.006250 0.010185
1 0.748958 0.270833 0.025000 0.041667
7 0.667708 0.349537 0.015625 0.036111
0 0.793490 0.260648 0.007812 0.025000
0 0.847917 0.102778 0.003125 0.011111
0 0.682552 0.257407 0.005729 0.024074
0 0.771875 0.259722 0.006250 0.015741
0 0.731771 0.201852 0.005208 0.020370
0 0.799479 0.103704 0.003125 0.011111
0 0.614062 0.389815 0.007292 0.035185
0 0.332552 0.743519 0.017188 0.044444
0 0.803385 0.205556 0.005729 0.020370
0 0.710938 0.226852 0.005208 0.022222
0 0.827604 0.148148 0.004167 0.014815
0 0.786979 0.277315 0.007292 0.026852
0 0.868750 0.135648 0.004167 0.013889
0 0.794010 0.249074 0.006771 0.024074
0 0.654167 0.313889 0.007292 0.029630
0 0.596094 0.369444 0.006771 0.033333
0 0.722656 0.411111 0.009896 0.037037