1 0.816406 0.309259 0.036979 0.044444
1 0.882292 0.285185 0.032292 0.042593
7 0.784375 0.342593 0.018750 0.035185
0 0.939583 0.280556 0.010417 0.025926
0 0.806510 0.265278 0.007812 0.025000
0 0.913021 0.276852 0.008333 0.016667
0 0.873438 0.215278 0.007292 0.021296
0 0.976042 0.118519 0.005208 0.012963
0 0.720573 0.371759 0.008854 0.034259
0 0.455208 0.587037 0.011458 0.035185
0 0.960156 0.227778 0.008854 0.022222
0 0.843750 0.238426 0.007292 0.023148
0 0.926562 0.297685 0.010417 0.028704
0 0.939844 0.269907 0.009896 0.025000
0 0.770833 0.312500 0.009375 0.028704
0 0.703906 0.352315 0.008854 0.032407
0 0.829427 0.412037 0.013021 0.037037