8 0.808594 0.131481 0.008854 0.012963
1 0.848698 0.135648 0.019271 0.013889
1 0.597135 0.331944 0.027604 0.050926
7 0.683854 0.092130 0.004167 0.010185
1 0.646094 0.284722 0.021354 0.043519
7 0.570312 0.406019 0.014583 0.043519
0 0.685417 0.270370 0.006250 0.025926
0 0.708854 0.095833 0.002083 0.010185
0 0.579687 0.275000 0.004167 0.025926
0 0.665625 0.270370 0.005208 0.016667
0 0.619010 0.208333 0.003646 0.020370
0 0.667708 0.098148 0.002083 0.011111
0 0.518229 0.467593 0.006250 0.040741
0 0.960156 0.147222 0.006771 0.014815
0 0.687240 0.203704 0.004688 0.020370
0 0.603646 0.236574 0.004167 0.023148
0 0.698958 0.143519 0.003125 0.014815
0 0.683594 0.286574 0.005729 0.026852
0 0.734896 0.128704 0.003125 0.012963
0 0.685417 0.252778 0.005208 0.024074
0 0.553906 0.353241 0.005729 0.032407
0 0.496354 0.441667 0.005208 0.038889
0 0.644271 0.461574 0.009375 0.041667