8 0.803906 0.131481 0.008854 0.012963
1 0.844531 0.135648 0.019271 0.013889
1 0.593490 0.336111 0.027604 0.051852
7 0.678646 0.092593 0.004167 0.009259
1 0.642448 0.287500 0.021354 0.045370
7 0.566406 0.413889 0.015104 0.044444
0 0.682292 0.273148 0.006250 0.025926
0 0.923958 0.151852 0.005208 0.009259
0 0.703906 0.095833 0.002604 0.010185
0 0.575781 0.277778 0.004688 0.025926
0 0.662500 0.272685 0.005208 0.015741
0 0.614844 0.210185 0.003646 0.020370
0 0.663021 0.098611 0.002083 0.010185
0 0.513802 0.477315 0.006771 0.041667
0 0.954167 0.147222 0.006250 0.014815
0 0.683333 0.204630 0.004167 0.020370
0 0.599479 0.238426 0.004167 0.023148
0 0.694271 0.144444 0.003125 0.014815
0 0.680469 0.288889 0.005729 0.027778
0 0.730729 0.128704 0.003125 0.012963
0 0.682292 0.254630 0.005208 0.024074
0 0.550000 0.358333 0.006250 0.033333
0 0.491406 0.450463 0.005729 0.039815
0 0.642708 0.468981 0.009375 0.041667