8 0.816927 0.130556 0.008854 0.012963
1 0.855208 0.134722 0.018750 0.013889
1 0.603125 0.319444 0.027083 0.048148
7 0.694271 0.091667 0.004167 0.009259
1 0.651563 0.275926 0.020833 0.042593
7 0.577604 0.384259 0.014583 0.040741
0 0.691146 0.262500 0.006250 0.025000
0 0.940104 0.150926 0.005208 0.009259
0 0.719010 0.094907 0.002604 0.010185
0 0.586979 0.266667 0.004167 0.025926
0 0.671354 0.262500 0.005208 0.015741
0 0.627344 0.203241 0.003646 0.019444
0 0.677604 0.097685 0.002083 0.010185
0 0.526563 0.439815 0.006250 0.038889
0 0.970312 0.147222 0.006250 0.014815
0 0.694271 0.200000 0.004167 0.020370
0 0.610937 0.230556 0.004167 0.022222
0 0.707292 0.141667 0.003125 0.014815
0 0.688281 0.278241 0.005729 0.026852
0 0.998177 0.138426 0.003646 0.013889
0 0.743229 0.127315 0.003125 0.013889
0 0.691146 0.246759 0.005208 0.023148
0 0.561979 0.337963 0.006250 0.031481
0 0.506250 0.416667 0.005208 0.037037
0 0.645573 0.439352 0.008854 0.039815