8 0.882812 0.136111 0.010417 0.014815
1 0.922656 0.141204 0.021354 0.013889
1 0.648438 0.310185 0.028125 0.046296
7 0.754687 0.093519 0.005208 0.009259
1 0.698958 0.271759 0.022917 0.041667
7 0.621875 0.364352 0.014583 0.037963
0 0.740365 0.260648 0.006771 0.025000
0 0.780208 0.098148 0.003125 0.011111
0 0.633854 0.260648 0.005208 0.025000
0 0.720052 0.259722 0.005729 0.015741
0 0.678125 0.201389 0.004167 0.019444
0 0.736198 0.100000 0.002604 0.011111
0 0.570312 0.411574 0.006250 0.037963
0 0.259635 0.883796 0.023438 0.052778
0 0.746875 0.201852 0.005208 0.020370
0 0.659896 0.227778 0.005208 0.022222
0 0.764844 0.144444 0.003646 0.014815
0 0.735937 0.276389 0.006250 0.026852
0 0.802865 0.131019 0.003646 0.013889
0 0.740885 0.246296 0.005729 0.024074
0 0.607813 0.323611 0.006250 0.030556
0 0.551302 0.389815 0.005729 0.035185
0 0.683333 0.422685 0.009375 0.037963