1 0.864062 0.146296 0.027083 0.016667
8 0.688542 0.126852 0.007292 0.012963
7 0.597396 0.087500 0.006250 0.008333
7 0.640104 0.122222 0.009375 0.011111
1 0.729688 0.129167 0.016667 0.012037
1 0.502604 0.378241 0.027083 0.060185
7 0.566146 0.092593 0.003125 0.009259
1 0.550781 0.310648 0.019271 0.049074
7 0.476562 0.495370 0.015625 0.053704
0 0.588802 0.290741 0.004688 0.027778
0 0.590885 0.093981 0.001563 0.010185
0 0.480208 0.305093 0.004167 0.028704
0 0.569531 0.291667 0.004688 0.016667
0 0.514844 0.224537 0.002604 0.021296
0 0.552865 0.098611 0.001563 0.010185
0 0.419271 0.594907 0.009375 0.049074
0 0.814323 0.134722 0.004688 0.013889
0 0.583333 0.210185 0.003125 0.020370
0 0.501562 0.256481 0.003125 0.024074
0 0.586979 0.146296 0.002083 0.014815
0 0.589323 0.306019 0.004688 0.028704
0 0.834115 0.124537 0.003646 0.013889
0 0.621875 0.126852 0.002083 0.012963
0 0.587500 0.266204 0.004167 0.025000
0 0.454688 0.415741 0.006250 0.037037
0 0.391146 0.559259 0.009375 0.046296
0 0.573177 0.537037 0.008854 0.046296
1 0.864062 0.146296 0.027083 0.016667