1 0.900000 0.150000 0.029167 0.016667
8 0.717448 0.127778 0.007812 0.012963
7 0.627604 0.087500 0.006250 0.008333
1 0.758594 0.130556 0.017188 0.012963
1 0.527083 0.366667 0.027083 0.057407
7 0.594792 0.092593 0.003125 0.009259
1 0.575000 0.304167 0.019792 0.047222
7 0.500781 0.473148 0.015104 0.051852
0 0.613021 0.285648 0.005208 0.026852
0 0.619531 0.093981 0.001563 0.010185
0 0.505469 0.297685 0.003646 0.028704
0 0.594010 0.287037 0.004688 0.016667
0 0.540885 0.219907 0.002604 0.021296
0 0.580990 0.098148 0.001563 0.011111
0 0.444792 0.561574 0.008333 0.047222
0 0.609115 0.208333 0.003646 0.020370
0 0.527604 0.251852 0.003125 0.024074
0 0.614323 0.145370 0.002604 0.014815
0 0.613281 0.301852 0.004688 0.027778
0 0.869792 0.127315 0.004167 0.013889
0 0.649479 0.127315 0.002083 0.013889
0 0.612240 0.263426 0.004688 0.025000
0 0.479948 0.399537 0.005729 0.036111
0 0.418490 0.528704 0.008854 0.044444
0 0.591927 0.519444 0.008854 0.044444
1 0.900000 0.150000 0.029167 0.016667