1 0.990104 0.160648 0.019792 0.019444
8 0.792448 0.131019 0.008854 0.013889
1 0.833333 0.134722 0.018750 0.013889
1 0.585156 0.339815 0.027604 0.051852
7 0.667448 0.092593 0.003646 0.009259
1 0.633854 0.289352 0.020833 0.045370
7 0.558073 0.420833 0.015104 0.045370
0 0.673177 0.274074 0.005729 0.025926
0 0.692708 0.095370 0.002083 0.011111
0 0.566927 0.280093 0.004688 0.026852
0 0.653646 0.274537 0.005208 0.015741
0 0.605469 0.211111 0.003646 0.020370
0 0.652083 0.098611 0.002083 0.010185
0 0.505208 0.487037 0.006250 0.042593
0 0.939844 0.145833 0.005729 0.015741
0 0.673698 0.205093 0.003646 0.019444
0 0.590365 0.240278 0.003646 0.023148
0 0.683854 0.144444 0.003125 0.014815
0 0.671875 0.290278 0.005208 0.026852
0 0.719792 0.128704 0.003125 0.012963
0 0.672917 0.255556 0.005208 0.024074
0 0.540885 0.362963 0.005729 0.033333
0 0.482552 0.459722 0.005729 0.039815
0 0.636198 0.475463 0.009896 0.041667
1 0.990104 0.160648 0.019792 0.019444