1 0.879167 0.148148 0.028125 0.016667
8 0.701042 0.126852 0.007292 0.012963
7 0.610677 0.087500 0.006771 0.008333
7 0.653125 0.122222 0.009375 0.011111
1 0.741927 0.129630 0.017188 0.012963
1 0.513542 0.371759 0.027083 0.058333
7 0.578646 0.092593 0.003125 0.009259
1 0.561198 0.307407 0.019271 0.048148
7 0.487240 0.483796 0.015104 0.052778
0 0.599219 0.287963 0.004688 0.027778
0 0.603385 0.093981 0.001563 0.010185
0 0.491406 0.301389 0.003646 0.028704
0 0.579948 0.288889 0.004688 0.016667
0 0.526302 0.222222 0.002604 0.022222
0 0.564844 0.098148 0.001563 0.011111
0 0.430990 0.577778 0.008854 0.048148
0 0.828906 0.136111 0.004688 0.014815
0 0.594271 0.209259 0.003125 0.020370
0 0.513021 0.253704 0.003125 0.024074
0 0.598958 0.145370 0.002083 0.014815
0 0.599740 0.303704 0.004688 0.027778
0 0.849219 0.125926 0.003646 0.012963
0 0.633854 0.126852 0.002083 0.012963
0 0.598437 0.264352 0.004167 0.025000
0 0.466146 0.407407 0.006250 0.037037
0 0.403646 0.543981 0.009375 0.045370
0 0.580990 0.527778 0.008854 0.046296
1 0.879167 0.148148 0.028125 0.016667