1 0.849740 0.150000 0.027604 0.016667
8 0.674740 0.130556 0.007812 0.012963
7 0.573698 0.089352 0.006771 0.008333
7 0.621354 0.125926 0.009375 0.011111
1 0.482812 0.425926 0.030208 0.070370
7 0.545833 0.095833 0.003125 0.010185
1 0.535156 0.340278 0.020312 0.054630
7 0.452083 0.589352 0.019792 0.065741
0 0.575521 0.317593 0.005208 0.029630
0 0.571615 0.096759 0.001563 0.010185
0 0.458854 0.333796 0.005208 0.030556
0 0.555729 0.318519 0.005208 0.018519
0 0.494531 0.241204 0.002604 0.023148
0 0.532552 0.101389 0.001563 0.010185
0 0.382812 0.730093 0.013542 0.056481
0 0.798437 0.138426 0.004167 0.013889
0 0.567187 0.221759 0.003125 0.021296
0 0.481510 0.276852 0.003646 0.025926
0 0.569010 0.153241 0.002604 0.015741
0 0.576563 0.332870 0.005208 0.030556
0 0.816927 0.126852 0.003646 0.012963
0 0.605990 0.131481 0.002604 0.012963
0 0.573958 0.286574 0.004167 0.026852
0 0.427604 0.476389 0.008333 0.041667
0 0.350000 0.680093 0.013542 0.052778
0 0.569271 0.624074 0.009375 0.051852
1 0.849740 0.150000 0.027604 0.016667