1 0.850260 0.148148 0.027604 0.016667
8 0.675781 0.128704 0.007812 0.012963
7 0.578125 0.089352 0.006250 0.008333
7 0.623438 0.125000 0.009375 0.011111
1 0.486198 0.411574 0.029687 0.067593
7 0.549219 0.094907 0.002604 0.010185
1 0.537500 0.331019 0.019792 0.052778
7 0.457292 0.559722 0.018750 0.062037
0 0.576823 0.308796 0.004688 0.028704
0 0.574219 0.095833 0.001563 0.010185
0 0.462760 0.325463 0.004688 0.030556
0 0.557292 0.310648 0.005208 0.017593
0 0.497917 0.236574 0.003125 0.023148
0 0.535677 0.100463 0.001563 0.010185
0 0.391927 0.686574 0.011979 0.054630
0 0.569271 0.218056 0.003125 0.021296
0 0.484896 0.270833 0.003125 0.025000
0 0.571615 0.150926 0.002604 0.014815
0 0.577604 0.324074 0.005208 0.029630
0 0.818490 0.125926 0.003646 0.012963
0 0.607813 0.130093 0.002083 0.013889
0 0.575260 0.280093 0.003646 0.026852
0 0.433594 0.457870 0.007812 0.039815
0 0.360677 0.642130 0.011979 0.050926
0 0.568229 0.596296 0.009375 0.050000
1 0.850260 0.148148 0.027604 0.016667