1 0.846875 0.146296 0.027083 0.016667
8 0.673958 0.127778 0.007292 0.012963
7 0.579167 0.088426 0.006250 0.008333
7 0.622917 0.123148 0.009375 0.011111
1 0.715885 0.129630 0.016146 0.012963
1 0.487240 0.397685 0.028646 0.063889
7 0.549219 0.093981 0.002604 0.010185
1 0.536719 0.322685 0.019271 0.050926
7 0.460156 0.533333 0.017188 0.059259
0 0.575781 0.300926 0.004688 0.027778
0 0.574219 0.094907 0.001563 0.010185
0 0.463802 0.317593 0.004688 0.029630
0 0.556250 0.302778 0.005208 0.016667
0 0.498698 0.231481 0.002604 0.022222
0 0.535677 0.099537 0.001563 0.010185
0 0.398438 0.649074 0.011458 0.051852
0 0.568490 0.214352 0.002604 0.021296
0 0.485938 0.265278 0.003125 0.025000
0 0.571354 0.148611 0.002083 0.015741
0 0.576563 0.316667 0.005208 0.029630
0 0.816146 0.124074 0.003125 0.012963
0 0.606771 0.128704 0.002083 0.012963
0 0.574219 0.274074 0.003646 0.025926
0 0.436458 0.440741 0.007292 0.038889
0 0.368229 0.608796 0.011458 0.049074
0 0.564844 0.571296 0.008854 0.048148
1 0.846875 0.146296 0.027083 0.016667