1 0.848437 0.145833 0.027083 0.015741
8 0.675521 0.126852 0.007292 0.012963
7 0.582292 0.087963 0.006250 0.007407
7 0.625260 0.123148 0.008854 0.011111
1 0.717188 0.129167 0.016667 0.012037
1 0.490104 0.390741 0.028125 0.062963
7 0.551823 0.093519 0.002604 0.009259
1 0.538802 0.318519 0.019271 0.050000
7 0.463281 0.520370 0.017188 0.057407
0 0.577344 0.297222 0.004688 0.027778
0 0.576823 0.094907 0.001563 0.010185
0 0.466667 0.313426 0.004167 0.028704
0 0.558073 0.299074 0.004688 0.016667
0 0.501302 0.229167 0.002604 0.021296
0 0.538281 0.099074 0.001563 0.011111
0 0.403385 0.631019 0.010937 0.050926
0 0.570573 0.212963 0.002604 0.020370
0 0.488542 0.262500 0.003125 0.025000
0 0.573438 0.147685 0.002083 0.015741
0 0.577865 0.312500 0.004688 0.028704
0 0.608854 0.127778 0.002083 0.012963
0 0.575781 0.271296 0.003646 0.025926
0 0.440104 0.432407 0.007292 0.038889
0 0.373698 0.592593 0.010937 0.048148
0 0.565365 0.559259 0.008854 0.048148
1 0.848437 0.145833 0.027083 0.015741