1 0.804948 0.150000 0.026563 0.016667
8 0.634896 0.133333 0.007292 0.012963
7 0.523177 0.092130 0.006771 0.008333
7 0.578125 0.130093 0.009375 0.012037
1 0.438281 0.501852 0.035937 0.088889
7 0.499219 0.100463 0.002604 0.010185
1 0.496615 0.382407 0.021354 0.062963
7 0.400000 0.759259 0.027083 0.088889
0 0.539844 0.354167 0.004688 0.032407
0 0.526042 0.099537 0.001042 0.010185
0 0.411458 0.377778 0.006250 0.033333
0 0.519010 0.356019 0.005729 0.021296
0 0.448698 0.266204 0.003646 0.025000
0 0.486198 0.105556 0.001563 0.011111
0 0.305208 0.985185 0.022917 0.029630
0 0.753646 0.139352 0.004167 0.013889
0 0.526823 0.237037 0.002604 0.022222
0 0.435677 0.306481 0.004688 0.027778
0 0.525781 0.161574 0.001563 0.015741
0 0.541146 0.368981 0.005208 0.034259
0 0.769792 0.126389 0.003125 0.013889
0 0.565104 0.136574 0.002083 0.013889
0 0.536979 0.312500 0.004167 0.028704
0 0.370833 0.579630 0.011458 0.048148
0 0.263802 0.920833 0.022396 0.065741
0 0.551823 0.763426 0.010937 0.060185
1 0.804948 0.150000 0.026563 0.016667