1 0.806510 0.152778 0.026563 0.016667
8 0.634635 0.135648 0.007812 0.013889
7 0.517969 0.093981 0.006771 0.008333
7 0.575521 0.132407 0.009375 0.012963
1 0.685156 0.137037 0.017188 0.012963
1 0.430990 0.537037 0.039062 0.098148
7 0.495573 0.102315 0.002604 0.010185
1 0.493229 0.402315 0.021875 0.067593
7 0.385938 0.846759 0.031250 0.100926
0 0.538281 0.371296 0.004688 0.033333
0 0.725781 0.147685 0.003646 0.008333
0 0.522656 0.100926 0.001563 0.011111
0 0.404427 0.396296 0.006771 0.035185
0 0.516927 0.373148 0.005729 0.022222
0 0.443490 0.276852 0.003646 0.025926
0 0.482552 0.106944 0.001563 0.012037
0 0.753646 0.141667 0.004167 0.014815
0 0.524219 0.243981 0.002604 0.023148
0 0.429948 0.318519 0.004688 0.029630
0 0.522917 0.165741 0.002083 0.016667
0 0.539844 0.386111 0.005729 0.035185
0 0.933333 0.127778 0.005208 0.012963
0 0.563281 0.139352 0.001563 0.013889
0 0.535156 0.325000 0.003646 0.029630
0 0.357552 0.627778 0.013021 0.051852
0 0.555469 0.836574 0.011979 0.063889
1 0.806510 0.152778 0.026563 0.016667