1 0.809635 0.149537 0.026563 0.015741
8 0.639063 0.133333 0.007292 0.012963
7 0.528646 0.092130 0.006250 0.008333
7 0.582292 0.129167 0.009375 0.012037
1 0.686458 0.134259 0.016667 0.012963
1 0.443750 0.490278 0.035417 0.086111
7 0.504427 0.100000 0.002604 0.011111
1 0.500781 0.376389 0.021354 0.062037
7 0.406510 0.732870 0.025521 0.084259
0 0.543490 0.349074 0.004688 0.031481
0 0.530729 0.099074 0.001042 0.011111
0 0.416667 0.371296 0.006250 0.033333
0 0.522917 0.350926 0.005208 0.020370
0 0.453906 0.262963 0.003646 0.024074
0 0.491146 0.104630 0.001042 0.011111
0 0.316406 0.958796 0.021354 0.065741
0 0.530990 0.234722 0.002604 0.023148
0 0.440885 0.301852 0.004688 0.027778
0 0.530469 0.160185 0.001563 0.016667
0 0.544792 0.363889 0.005208 0.033333
0 0.936458 0.125926 0.005208 0.012963
0 0.774479 0.126389 0.003125 0.013889
0 0.569271 0.135648 0.002083 0.013889
0 0.540885 0.308796 0.003646 0.028704
0 0.378385 0.564352 0.010937 0.047222
0 0.276563 0.881481 0.020833 0.064815
0 0.553385 0.742130 0.010937 0.058333
1 0.809635 0.149537 0.026563 0.015741