1 0.810677 0.154630 0.027604 0.016667
8 0.636979 0.137500 0.007292 0.013889
7 0.517187 0.094907 0.006250 0.008333
7 0.576563 0.133796 0.009375 0.012037
1 0.428125 0.562037 0.041667 0.105556
7 0.495573 0.103704 0.002604 0.011111
1 0.493229 0.415741 0.022917 0.070370
7 0.376823 0.914815 0.034896 0.111111
0 0.539323 0.383333 0.005729 0.035185
0 0.728385 0.150000 0.003646 0.009259
0 0.522917 0.101852 0.001042 0.011111
0 0.401563 0.408796 0.007292 0.036111
0 0.517708 0.385185 0.006250 0.022222
0 0.442187 0.283796 0.004167 0.026852
0 0.482552 0.107870 0.001563 0.012037
0 0.756771 0.143519 0.004167 0.014815
0 0.524740 0.248611 0.002604 0.023148
0 0.428385 0.326852 0.004688 0.029630
0 0.523438 0.168519 0.002083 0.016667
0 0.541406 0.398611 0.005729 0.036111
0 0.772396 0.130093 0.003125 0.013889
0 0.564583 0.140741 0.002083 0.014815
0 0.536198 0.333333 0.003646 0.029630
0 0.349219 0.662963 0.014062 0.053704
0 0.559896 0.893056 0.012500 0.067593
1 0.810677 0.154630 0.027604 0.016667