1 0.812760 0.155556 0.027604 0.016667
8 0.638021 0.138426 0.007292 0.013889
7 0.516406 0.094907 0.006771 0.008333
7 0.577083 0.134722 0.009375 0.012037
1 0.690885 0.139815 0.017188 0.012963
1 0.426042 0.575926 0.042708 0.109259
7 0.495573 0.104630 0.002604 0.011111
1 0.492969 0.423148 0.023438 0.072222
7 0.371615 0.946759 0.036979 0.106481
0 0.539583 0.389815 0.005208 0.035185
0 0.729427 0.150926 0.003646 0.009259
0 0.523177 0.102315 0.001563 0.010185
0 0.400000 0.415278 0.007292 0.036111
0 0.518229 0.391667 0.006250 0.022222
0 0.441667 0.287500 0.004167 0.026852
0 0.482292 0.108333 0.001042 0.011111
0 0.881771 0.129630 0.005208 0.012963
0 0.525000 0.250926 0.003125 0.024074
0 0.427604 0.331019 0.005208 0.030556
0 0.523438 0.169444 0.002083 0.016667
0 0.541927 0.405093 0.005729 0.036111
0 0.773698 0.130556 0.003646 0.012963
0 0.565104 0.141667 0.002083 0.014815
0 0.536458 0.337500 0.004167 0.030556
0 0.344792 0.681944 0.014583 0.054630
0 0.562240 0.923611 0.013021 0.067593
1 0.812760 0.155556 0.027604 0.016667