1 0.804427 0.151389 0.026563 0.015741
8 0.633333 0.135185 0.007292 0.012963
7 0.518490 0.093056 0.006771 0.008333
7 0.575000 0.131944 0.009375 0.012037
1 0.683073 0.136111 0.017188 0.012963
1 0.432552 0.524537 0.038021 0.095370
7 0.495573 0.101852 0.002604 0.011111
1 0.493229 0.395370 0.021875 0.066667
7 0.389844 0.816204 0.029687 0.097222
0 0.537760 0.365278 0.004688 0.032407
0 0.522396 0.100463 0.001042 0.010185
0 0.405469 0.389815 0.006771 0.035185
0 0.516406 0.367130 0.005729 0.021296
0 0.444010 0.273148 0.003646 0.025926
0 0.482552 0.106481 0.001563 0.011111
0 0.752083 0.140741 0.004167 0.014815
0 0.523698 0.241667 0.002604 0.022222
0 0.430990 0.314352 0.004688 0.028704
0 0.522656 0.163889 0.001563 0.016667
0 0.539062 0.380093 0.005208 0.034259
0 0.562500 0.138426 0.002083 0.013889
0 0.534635 0.320370 0.003646 0.029630
0 0.360938 0.611574 0.012500 0.050926
0 0.241146 0.984722 0.026042 0.030556
0 0.553125 0.811111 0.011458 0.062963
1 0.804427 0.151389 0.026563 0.015741