1 0.814583 0.157407 0.028125 0.016667
8 0.639323 0.139352 0.007812 0.013889
7 0.515885 0.095833 0.006771 0.008333
7 0.577344 0.135648 0.009896 0.012037
1 0.692969 0.140741 0.017188 0.012963
1 0.424219 0.589815 0.044271 0.112963
7 0.495573 0.105093 0.002604 0.010185
1 0.492708 0.430556 0.023958 0.074074
7 0.365885 0.965278 0.039062 0.069444
0 0.540104 0.396296 0.005208 0.035185
0 0.916667 0.148148 0.005208 0.009259
0 0.730469 0.151852 0.003646 0.009259
0 0.523177 0.102778 0.001563 0.011111
0 0.398438 0.422222 0.007292 0.037037
0 0.518229 0.398148 0.006250 0.022222
0 0.440625 0.291204 0.004167 0.026852
0 0.482292 0.108796 0.001042 0.012037
0 0.884115 0.130556 0.004688 0.012963
0 0.525000 0.253704 0.003125 0.024074
0 0.426562 0.335648 0.005208 0.030556
0 0.523438 0.171296 0.002083 0.016667
0 0.542708 0.411574 0.005208 0.036111
0 0.565625 0.142593 0.002083 0.014815
0 0.536979 0.342130 0.004167 0.030556
0 0.340365 0.701389 0.015104 0.056481
0 0.564583 0.956019 0.013542 0.069444
1 0.814583 0.157407 0.028125 0.016667