1 0.816667 0.158333 0.028125 0.016667
8 0.640365 0.140278 0.007812 0.013889
7 0.515365 0.096296 0.006771 0.009259
7 0.577865 0.136574 0.009896 0.012037
1 0.422396 0.605093 0.045833 0.117593
7 0.495573 0.105556 0.002604 0.011111
1 0.492448 0.437963 0.024479 0.075926
0 0.540625 0.403241 0.005208 0.036111
0 0.731510 0.152778 0.003646 0.009259
0 0.523177 0.103241 0.001563 0.010185
0 0.396875 0.429167 0.007292 0.037963
0 0.518750 0.405093 0.006250 0.023148
0 0.440104 0.294907 0.004167 0.026852
0 0.482031 0.109722 0.001563 0.012037
0 0.760938 0.146759 0.004167 0.015741
0 0.525521 0.256481 0.003125 0.024074
0 0.425521 0.339815 0.005208 0.031481
0 0.523958 0.172685 0.002083 0.017593
0 0.543490 0.418519 0.005729 0.037037
0 0.566667 0.143519 0.002083 0.014815
0 0.537500 0.346296 0.004167 0.031481
0 0.335417 0.722222 0.015625 0.057407
0 0.567187 0.977778 0.014583 0.044444
1 0.816667 0.158333 0.028125 0.016667