1 0.839323 0.170370 0.030729 0.018519
8 0.653646 0.150000 0.008333 0.014815
7 0.510417 0.101852 0.007292 0.009259
7 0.582812 0.145370 0.010417 0.012963
1 0.716667 0.151389 0.019792 0.013889
1 0.393750 0.821296 0.067708 0.190741
7 0.495052 0.112963 0.002604 0.011111
1 0.490885 0.533333 0.029687 0.100000
0 0.547135 0.487963 0.006771 0.042593
0 0.524479 0.108333 0.001042 0.011111
0 0.377344 0.514352 0.009896 0.043519
0 0.523698 0.487963 0.007812 0.027778
0 0.431250 0.339352 0.005208 0.030556
0 0.480990 0.115278 0.001563 0.012037
0 0.911458 0.139815 0.005208 0.014815
0 0.777344 0.157870 0.004688 0.015741
0 0.528125 0.284722 0.003125 0.026852
0 0.414583 0.393519 0.006250 0.035185
0 0.525521 0.187963 0.002083 0.018519
0 0.552865 0.503241 0.006771 0.043519
0 0.573698 0.154167 0.002604 0.015741
0 0.543490 0.400926 0.004688 0.035185
1 0.839323 0.170370 0.030729 0.018519