1 0.857552 0.180093 0.032812 0.019444
8 0.665365 0.157407 0.008854 0.014815
7 0.507031 0.106019 0.006771 0.010185
7 0.586198 0.153241 0.010937 0.013889
1 0.354948 0.976852 0.101562 0.046296
7 0.494792 0.118981 0.003125 0.012037
1 0.489062 0.629167 0.035417 0.126852
0 0.554167 0.570370 0.008333 0.048148
0 0.753906 0.172685 0.004688 0.010185
0 0.525260 0.112500 0.001563 0.012037
0 0.358594 0.598611 0.011979 0.049074
0 0.528385 0.569444 0.009896 0.033333
0 0.423698 0.379630 0.005729 0.033333
0 0.480208 0.119907 0.002083 0.012037
0 0.790104 0.166667 0.005208 0.016667
0 0.530469 0.308796 0.003646 0.028704
0 0.404167 0.442130 0.007292 0.037963
0 0.527083 0.201389 0.002083 0.019444
0 0.561719 0.587500 0.007812 0.049074
0 0.803385 0.147685 0.004688 0.015741
0 0.579427 0.162037 0.002604 0.016667
0 0.548698 0.450926 0.005729 0.038889
1 0.857552 0.180093 0.032812 0.019444