1 0.852083 0.177315 0.032292 0.019444
8 0.661719 0.155556 0.008854 0.014815
7 0.508073 0.104630 0.006771 0.009259
7 0.585156 0.150463 0.010937 0.013889
1 0.368750 0.937500 0.088542 0.125000
7 0.494792 0.117130 0.003125 0.012037
1 0.489583 0.599074 0.033333 0.118519
0 0.551823 0.545370 0.007812 0.046296
0 0.750781 0.169907 0.004688 0.010185
0 0.525000 0.111111 0.001042 0.011111
0 0.364583 0.572222 0.011458 0.048148
0 0.527083 0.543519 0.009375 0.031481
0 0.426042 0.367130 0.005208 0.032407
0 0.480469 0.118981 0.001563 0.012037
0 0.786198 0.163889 0.004688 0.016667
0 0.529948 0.301389 0.003646 0.028704
0 0.407292 0.427315 0.007292 0.037963
0 0.526823 0.197222 0.002604 0.018519
0 0.559115 0.560648 0.007812 0.047222
0 0.577604 0.159722 0.002083 0.015741
0 0.547396 0.435648 0.005208 0.037963
1 0.852083 0.177315 0.032292 0.019444