1 0.847135 0.174537 0.031771 0.019444
8 0.658594 0.152778 0.008854 0.014815
7 0.508854 0.103241 0.007292 0.010185
7 0.584115 0.148611 0.010937 0.013889
1 0.379948 0.905093 0.078646 0.189815
7 0.495052 0.115278 0.002604 0.012037
1 0.490365 0.571759 0.031771 0.110185
0 0.549740 0.521296 0.007812 0.044444
0 0.748177 0.168056 0.004688 0.010185
0 0.524740 0.110185 0.001563 0.011111
0 0.369792 0.548148 0.010417 0.046296
0 0.525781 0.520370 0.008854 0.029630
0 0.428125 0.356019 0.005208 0.032407
0 0.480990 0.117593 0.001563 0.012963
0 0.782552 0.161574 0.004688 0.015741
0 0.529427 0.294444 0.003646 0.027778
0 0.410156 0.413426 0.006771 0.036111
0 0.526302 0.193519 0.002604 0.018519
0 0.556510 0.537037 0.007812 0.046296
0 0.576042 0.157407 0.002083 0.016667
0 0.545833 0.421296 0.005208 0.037037
1 0.847135 0.174537 0.031771 0.019444