1 0.854688 0.178704 0.032292 0.018519
8 0.663542 0.156481 0.008333 0.014815
7 0.507552 0.105093 0.006771 0.010185
7 0.585677 0.151852 0.010937 0.012963
1 0.362240 0.956481 0.094271 0.087037
7 0.494792 0.118056 0.003125 0.012037
1 0.489323 0.613889 0.033854 0.122222
0 0.552604 0.557870 0.008333 0.047222
0 0.752344 0.171759 0.004688 0.010185
0 0.525260 0.111574 0.001563 0.012037
0 0.361458 0.585185 0.011458 0.048148
0 0.527604 0.556019 0.009375 0.032407
0 0.424740 0.373148 0.005729 0.033333
0 0.480469 0.119444 0.001563 0.012963
0 0.788021 0.165741 0.005208 0.016667
0 0.530469 0.304630 0.003646 0.027778
0 0.405729 0.434722 0.007292 0.037963
0 0.526823 0.199537 0.002604 0.019444
0 0.560417 0.574074 0.008333 0.048148
0 0.801562 0.146296 0.004167 0.014815
0 0.578385 0.160648 0.002604 0.015741
0 0.548177 0.443056 0.005729 0.037963
1 0.854688 0.178704 0.032292 0.018519