1 0.865365 0.184722 0.033854 0.019444
8 0.670573 0.160648 0.008854 0.015741
7 0.505729 0.107870 0.007292 0.010185
7 0.588021 0.156019 0.011458 0.013889
1 0.741406 0.162500 0.021354 0.015741
7 0.494531 0.121296 0.002604 0.012963
1 0.488281 0.680556 0.038021 0.142593
0 0.557813 0.612963 0.009375 0.051852
0 0.758073 0.176852 0.004688 0.011111
0 0.525521 0.113426 0.001042 0.012037
0 0.348698 0.641667 0.013021 0.051852
0 0.531250 0.612037 0.010417 0.035185
0 0.419792 0.399074 0.006250 0.035185
0 0.479688 0.122222 0.002083 0.012963
0 0.939583 0.150000 0.006250 0.014815
0 0.795833 0.170833 0.005208 0.017593
0 0.531771 0.319907 0.004167 0.028704
0 0.399219 0.466204 0.007812 0.039815
0 0.527865 0.206944 0.002604 0.019444
0 0.566146 0.631944 0.008333 0.050926
0 0.808594 0.150463 0.004688 0.015741
0 0.582031 0.165741 0.002604 0.016667
0 0.551562 0.475000 0.006250 0.040741
0 0.916406 0.317130 0.011979 0.028704
1 0.865365 0.184722 0.033854 0.019444