1 0.886458 0.195833 0.036458 0.021296
8 0.684375 0.169444 0.009375 0.016667
7 0.502865 0.112500 0.006771 0.010185
7 0.592188 0.163889 0.011458 0.014815
1 0.760938 0.171296 0.022917 0.016667
7 0.494271 0.127778 0.003125 0.012963
1 0.484635 0.842130 0.047396 0.197222
0 0.569531 0.743519 0.010937 0.059259
0 0.783854 0.210185 0.005208 0.014815
0 0.770312 0.187037 0.005208 0.011111
0 0.526302 0.118056 0.001563 0.012037
0 0.319271 0.775000 0.017708 0.059259
0 0.539323 0.743519 0.013021 0.042593
0 0.408854 0.454630 0.007292 0.038889
0 0.478646 0.126852 0.002083 0.012963
0 0.811458 0.181019 0.005208 0.017593
0 0.534896 0.350000 0.004167 0.031481
0 0.384375 0.535648 0.009375 0.045370
0 0.529688 0.222685 0.003125 0.021296
0 0.579167 0.768519 0.012500 0.059259
0 0.821875 0.157870 0.005208 0.015741
0 0.588281 0.174537 0.002604 0.017593
0 0.558854 0.544907 0.007292 0.045370
0 0.960417 0.351852 0.014583 0.031481
0 0.970052 0.176389 0.007812 0.017593
1 0.886458 0.195833 0.036458 0.021296