1 0.871354 0.187963 0.034375 0.020370
8 0.674479 0.163426 0.009375 0.015741
7 0.504687 0.108796 0.007292 0.010185
7 0.589063 0.158333 0.011458 0.014815
1 0.746875 0.164815 0.021875 0.014815
7 0.494531 0.123148 0.002604 0.012963
1 0.487240 0.720370 0.040104 0.155556
0 0.560677 0.645370 0.009896 0.053704
0 0.761719 0.179630 0.004688 0.011111
0 0.525781 0.115278 0.001563 0.012037
0 0.341406 0.675000 0.014062 0.053704
0 0.533333 0.644444 0.011458 0.037037
0 0.416927 0.413426 0.006771 0.036111
0 0.479427 0.123148 0.001563 0.012963
0 0.800521 0.173611 0.005208 0.017593
0 0.532812 0.327778 0.004167 0.029630
0 0.395312 0.484259 0.008333 0.040741
0 0.528385 0.211111 0.002604 0.020370
0 0.569271 0.665741 0.009375 0.051852
0 0.812240 0.152778 0.004688 0.014815
0 0.583594 0.168519 0.002604 0.016667
0 0.553385 0.493056 0.006771 0.041667
0 0.928125 0.326389 0.012500 0.030556
1 0.871354 0.187963 0.034375 0.020370