1 0.903125 0.204630 0.038542 0.022222
8 0.695573 0.175926 0.009896 0.016667
7 0.500781 0.116667 0.006771 0.011111
7 0.595573 0.170370 0.011979 0.014815
1 0.776042 0.177778 0.023958 0.016667
7 0.494010 0.132870 0.003646 0.013889
1 0.481510 0.941204 0.057813 0.117593
0 0.581510 0.881481 0.013021 0.066667
0 0.796094 0.219444 0.005729 0.014815
0 0.527344 0.121296 0.001563 0.012963
0 0.289583 0.910185 0.021875 0.066667
0 0.547656 0.877315 0.016146 0.050926
0 0.399479 0.504630 0.008333 0.042593
0 0.477604 0.131019 0.002083 0.013889
0 0.823698 0.188889 0.005729 0.018519
0 0.537760 0.375000 0.004688 0.033333
0 0.371094 0.599074 0.010937 0.048148
0 0.531250 0.234722 0.003125 0.023148
0 0.594271 0.908796 0.014583 0.063889
0 0.832292 0.163889 0.005208 0.016667
0 0.593229 0.181944 0.003125 0.017593
0 0.565885 0.608333 0.008854 0.050000
0 0.995052 0.381944 0.009896 0.034259
1 0.903125 0.204630 0.038542 0.022222