1 0.906510 0.206481 0.039062 0.022222
8 0.697656 0.177778 0.009896 0.016667
7 0.500260 0.117130 0.006771 0.012037
7 0.596094 0.171759 0.011979 0.015741
1 0.779167 0.179630 0.023958 0.016667
7 0.493750 0.133796 0.003125 0.013889
1 0.480208 0.957870 0.060417 0.084259
0 0.584375 0.915278 0.013542 0.067593
0 0.798698 0.221759 0.005729 0.015741
0 0.527344 0.122222 0.001563 0.012963
0 0.282292 0.942130 0.023958 0.067593
0 0.549479 0.909722 0.016667 0.052778
0 0.397135 0.515278 0.008854 0.043519
0 0.477604 0.131944 0.002083 0.013889
0 0.825781 0.190741 0.005729 0.018519
0 0.537760 0.380556 0.004688 0.033333
0 0.368229 0.613426 0.011458 0.049074
0 0.531510 0.237500 0.002604 0.023148
0 0.597656 0.942593 0.015104 0.066667
0 0.834115 0.164815 0.005729 0.016667
0 0.594271 0.183333 0.003125 0.018519
0 0.567448 0.622222 0.008854 0.050000
1 0.906510 0.206481 0.039062 0.022222