1 0.913281 0.210648 0.040104 0.023148
8 0.702083 0.180556 0.010417 0.016667
7 0.499479 0.118519 0.006250 0.011111
7 0.597396 0.174537 0.012500 0.015741
1 0.785156 0.182407 0.024479 0.016667
7 0.493750 0.135648 0.003125 0.013889
0 0.590365 0.977315 0.015104 0.045370
0 0.527344 0.123148 0.001563 0.012963
0 0.265365 0.990278 0.026563 0.019444
0 0.553906 0.976389 0.018229 0.047222
0 0.392448 0.538889 0.008854 0.044444
0 0.477083 0.132870 0.002083 0.013889
0 0.947135 0.188889 0.007812 0.018519
0 0.830990 0.193981 0.005729 0.019444
0 0.538802 0.391667 0.004688 0.035185
0 0.361458 0.643981 0.012500 0.050926
0 0.532031 0.243056 0.002604 0.023148
0 0.605469 0.991667 0.016146 0.016667
0 0.838021 0.167593 0.005208 0.016667
0 0.596354 0.186111 0.003125 0.018519
0 0.570312 0.652778 0.009375 0.051852
1 0.913281 0.210648 0.040104 0.023148