1 0.896354 0.201389 0.037500 0.021296
8 0.690885 0.173148 0.009896 0.016667
7 0.501302 0.114815 0.006771 0.011111
7 0.594010 0.167593 0.011979 0.014815
1 0.769531 0.175463 0.023438 0.015741
7 0.494271 0.130556 0.003125 0.012963
1 0.482812 0.910185 0.053125 0.179630
0 0.576042 0.819907 0.012500 0.063889
0 0.790885 0.215741 0.005729 0.014815
0 0.775521 0.191667 0.005208 0.011111
0 0.526823 0.119907 0.001563 0.012037
0 0.302344 0.850463 0.020312 0.063889
0 0.544010 0.818519 0.015104 0.048148
0 0.403385 0.483333 0.007812 0.040741
0 0.478125 0.129167 0.002083 0.013889
0 0.818490 0.185648 0.005729 0.019444
0 0.536458 0.364352 0.004167 0.032407
0 0.377083 0.572222 0.010417 0.046296
0 0.530469 0.229630 0.002604 0.022222
0 0.587500 0.846759 0.013542 0.062037
0 0.827865 0.161574 0.004688 0.015741
0 0.591146 0.179167 0.003125 0.017593
0 0.562760 0.581019 0.007812 0.047222
0 0.982292 0.369444 0.015625 0.033333
1 0.896354 0.201389 0.037500 0.021296