1 0.922656 0.214815 0.041146 0.024074
8 0.708594 0.183796 0.010937 0.017593
7 0.500260 0.120370 0.005729 0.011111
7 0.600000 0.177315 0.012500 0.015741
1 0.793750 0.185648 0.025000 0.017593
7 0.494792 0.137963 0.003125 0.014815
0 0.528906 0.125000 0.001563 0.012963
0 0.388542 0.564815 0.009375 0.046296
0 0.478125 0.134722 0.002083 0.013889
0 0.838021 0.197685 0.006250 0.019444
0 0.541406 0.403704 0.004688 0.035185
0 0.355469 0.678241 0.013021 0.052778
0 0.533854 0.248611 0.003125 0.023148
0 0.844531 0.170370 0.005729 0.016667
0 0.599740 0.189815 0.003646 0.018519
0 0.575000 0.687037 0.010417 0.053704
1 0.922656 0.214815 0.041146 0.024074