1 0.918229 0.212500 0.040625 0.023148
8 0.705729 0.181944 0.010417 0.017593
7 0.500000 0.119444 0.006250 0.011111
7 0.598958 0.175463 0.012500 0.015741
1 0.789583 0.183796 0.025000 0.017593
7 0.494271 0.136574 0.003125 0.013889
0 0.528385 0.124074 0.001563 0.012963
0 0.390625 0.551389 0.009375 0.045370
0 0.477604 0.133796 0.002083 0.013889
0 0.834635 0.195833 0.005729 0.019444
0 0.540365 0.397222 0.004688 0.035185
0 0.358854 0.660185 0.012500 0.051852
0 0.533073 0.245370 0.002604 0.024074
0 0.841667 0.168981 0.005208 0.017593
0 0.598177 0.187963 0.003646 0.018519
0 0.572656 0.669444 0.009896 0.051852
1 0.918229 0.212500 0.040625 0.023148