1 0.892969 0.199537 0.036979 0.021296
8 0.688802 0.172222 0.009896 0.016667
7 0.501823 0.113889 0.006771 0.011111
7 0.593490 0.166667 0.011979 0.014815
1 0.766667 0.174074 0.022917 0.016667
7 0.494271 0.129630 0.003125 0.012963
1 0.483333 0.896296 0.051042 0.207407
0 0.573698 0.792130 0.011979 0.062037
0 0.788542 0.213889 0.005208 0.014815
0 0.773698 0.189815 0.005729 0.011111
0 0.526823 0.119444 0.001563 0.012963
0 0.308594 0.823611 0.019271 0.062037
0 0.542448 0.791667 0.014062 0.046296
0 0.405469 0.473148 0.007812 0.040741
0 0.478125 0.128704 0.002083 0.012963
0 0.816146 0.184259 0.005208 0.018519
0 0.535937 0.359722 0.004167 0.032407
0 0.379427 0.559259 0.009896 0.046296
0 0.530208 0.226852 0.003125 0.022222
0 0.584635 0.818519 0.013021 0.061111
0 0.825781 0.160648 0.004688 0.015741
0 0.590104 0.177315 0.003125 0.017593
0 0.561198 0.568519 0.007812 0.046296
0 0.974740 0.363426 0.015104 0.032407
0 0.976823 0.179167 0.007812 0.017593
1 0.892969 0.199537 0.036979 0.021296