1 0.915885 0.217130 0.041146 0.023148
8 0.702865 0.186574 0.010937 0.017593
7 0.487240 0.122685 0.005729 0.012037
7 0.590365 0.181019 0.013021 0.015741
1 0.788802 0.188426 0.025521 0.017593
7 0.482552 0.141667 0.003646 0.014815
0 0.804167 0.233796 0.006250 0.015741
0 0.517448 0.126852 0.001563 0.012963
0 0.369531 0.613889 0.010937 0.050000
0 0.465365 0.137500 0.001563 0.013889
0 0.989583 0.170370 0.007292 0.016667
0 0.830208 0.200926 0.006250 0.020370
0 0.532812 0.423148 0.005208 0.037037
0 0.332812 0.743981 0.015625 0.056481
0 0.523438 0.257407 0.003125 0.024074
0 0.835156 0.172222 0.005729 0.016667
0 0.591146 0.193981 0.003125 0.019444
0 0.572656 0.745833 0.010937 0.056481
1 0.915885 0.217130 0.041146 0.023148