1 0.943229 0.234259 0.044792 0.025926
8 0.720052 0.199074 0.011979 0.018519
7 0.482031 0.130556 0.004688 0.012963
7 0.592708 0.192593 0.013542 0.016667
1 0.813802 0.200926 0.027604 0.018519
7 0.478385 0.151389 0.003646 0.015741
0 0.823698 0.252778 0.006771 0.016667
0 0.515365 0.132870 0.001563 0.013889
0 0.333854 0.773611 0.015625 0.058333
0 0.460417 0.144444 0.002083 0.014815
0 0.979427 0.207407 0.008854 0.020370
0 0.847396 0.215741 0.007292 0.020370
0 0.534896 0.484259 0.006250 0.040741
0 0.280729 0.966667 0.022917 0.066667
0 0.522917 0.284259 0.003125 0.025926
0 0.849740 0.182407 0.005729 0.018519
0 0.597135 0.207870 0.003646 0.019444
0 0.590365 0.956944 0.015104 0.065741
1 0.943229 0.234259 0.044792 0.025926