1 0.938802 0.231944 0.044271 0.025000
8 0.717188 0.197685 0.011458 0.019444
7 0.482292 0.129630 0.005208 0.012963
7 0.592188 0.191204 0.013542 0.017593
1 0.809896 0.199074 0.027083 0.018519
7 0.478385 0.150000 0.003646 0.014815
0 0.820573 0.250000 0.006771 0.016667
0 0.514844 0.131944 0.001563 0.013889
0 0.338802 0.749074 0.015104 0.057407
0 0.460938 0.143519 0.002083 0.014815
0 0.844792 0.213426 0.007292 0.021296
0 0.534115 0.475926 0.005729 0.040741
0 0.288542 0.931944 0.021875 0.065741
0 0.522656 0.280556 0.003646 0.025926
0 0.847396 0.181019 0.006250 0.017593
0 0.596094 0.206019 0.003646 0.019444
0 0.587240 0.923611 0.014062 0.065741
1 0.938802 0.231944 0.044271 0.025000