1 0.926562 0.225000 0.042708 0.024074
8 0.709375 0.192593 0.011458 0.018519
7 0.483333 0.126852 0.005208 0.012963
7 0.590104 0.186574 0.013542 0.015741
1 0.799219 0.193981 0.026563 0.017593
7 0.479167 0.146296 0.003125 0.014815
0 0.811458 0.242593 0.006250 0.016667
0 0.514844 0.130093 0.001563 0.013889
0 0.352865 0.683333 0.013021 0.053704
0 0.461458 0.140741 0.002083 0.014815
0 0.836719 0.207407 0.006771 0.020370
0 0.532552 0.450926 0.005729 0.038889
0 0.309375 0.839815 0.018750 0.061111
0 0.521875 0.269907 0.003125 0.025000
0 0.840365 0.177315 0.005729 0.017593
0 0.592708 0.200463 0.003125 0.019444
0 0.579167 0.836111 0.012500 0.061111
1 0.926562 0.225000 0.042708 0.024074