1 0.915365 0.218519 0.041146 0.024074
8 0.702344 0.187963 0.010937 0.018519
7 0.484115 0.123611 0.005729 0.012037
7 0.588281 0.181944 0.013021 0.015741
1 0.788802 0.189352 0.025521 0.017593
7 0.479688 0.142593 0.003125 0.014815
0 0.803646 0.235648 0.006250 0.015741
0 0.514844 0.127778 0.001563 0.012963
0 0.364062 0.630556 0.011458 0.050000
0 0.462500 0.138426 0.002083 0.013889
0 0.988281 0.170833 0.007812 0.017593
0 0.829167 0.201852 0.006250 0.020370
0 0.531250 0.430093 0.005208 0.037963
0 0.325781 0.767130 0.016146 0.058333
0 0.521354 0.260185 0.003125 0.024074
0 0.833854 0.172685 0.005208 0.017593
0 0.589583 0.195833 0.003125 0.019444
0 0.572917 0.766204 0.011458 0.058333
1 0.915365 0.218519 0.041146 0.024074