1 0.920052 0.217130 0.041146 0.023148
8 0.705990 0.185648 0.010937 0.017593
7 0.492708 0.122222 0.006250 0.011111
7 0.594531 0.179630 0.013021 0.016667
1 0.791927 0.187500 0.025521 0.017593
7 0.487760 0.140278 0.003646 0.013889
0 0.807813 0.232870 0.006250 0.015741
0 0.522396 0.125926 0.001042 0.012963
0 0.377083 0.596296 0.010417 0.048148
0 0.470833 0.136574 0.002083 0.013889
0 0.994792 0.170370 0.007292 0.016667
0 0.834375 0.200000 0.006250 0.020370
0 0.536719 0.416667 0.004688 0.037037
0 0.341406 0.720370 0.014062 0.055556
0 0.528125 0.254630 0.003125 0.024074
0 0.839844 0.171759 0.005729 0.017593
0 0.595052 0.192593 0.003646 0.018519
0 0.574219 0.725926 0.010937 0.055556
1 0.920052 0.217130 0.041146 0.023148