1 0.965365 0.246759 0.048437 0.026852
8 0.734896 0.208333 0.012500 0.020370
7 0.480990 0.135648 0.004688 0.013889
7 0.596615 0.201389 0.014062 0.017593
1 0.833333 0.209722 0.029167 0.019444
7 0.477344 0.157870 0.003646 0.015741
0 0.840104 0.266204 0.007292 0.017593
0 0.515365 0.137037 0.001563 0.014815
0 0.302865 0.921759 0.020312 0.065741
0 0.459375 0.149537 0.002083 0.015741
0 0.861979 0.226389 0.008333 0.021296
0 0.538281 0.531944 0.006771 0.043519
0 0.524479 0.303704 0.003125 0.027778
0 0.862500 0.190278 0.006250 0.019444
0 0.603646 0.217593 0.004167 0.020370
1 0.965365 0.246759 0.048437 0.026852