1 0.960677 0.243981 0.047396 0.026852
8 0.731771 0.206944 0.012500 0.019444
7 0.480990 0.134722 0.004688 0.013889
7 0.595833 0.199537 0.014583 0.017593
1 0.829427 0.207870 0.028646 0.019444
7 0.477865 0.156944 0.003646 0.015741
0 0.836458 0.263426 0.007292 0.017593
0 0.515365 0.136574 0.001563 0.013889
0 0.310156 0.888426 0.019271 0.063889
0 0.459635 0.148148 0.001563 0.014815
0 0.859115 0.224074 0.007812 0.022222
0 0.537500 0.521759 0.006250 0.043519
0 0.524219 0.300000 0.003646 0.027778
0 0.602344 0.215741 0.003646 0.020370
1 0.960677 0.243981 0.047396 0.026852