1 0.980208 0.257870 0.039583 0.028704
8 0.748177 0.216667 0.013021 0.020370
7 0.480208 0.140278 0.004167 0.013889
7 0.600260 0.208796 0.015104 0.017593
1 0.851042 0.217593 0.031250 0.020370
7 0.477083 0.163889 0.004167 0.016667
0 0.516146 0.140741 0.002083 0.014815
0 0.458854 0.153241 0.002083 0.015741
0 0.875260 0.236111 0.008854 0.022222
0 0.541667 0.579167 0.007292 0.047222
0 0.526042 0.322222 0.004167 0.029630
0 0.874219 0.196759 0.006771 0.019444
0 0.609375 0.226389 0.004167 0.021296
1 0.980208 0.257870 0.039583 0.028704