8 0.818229 0.465741 0.030208 0.040741
7 0.975781 0.097222 0.005729 0.009259
7 0.442448 0.780556 0.048437 0.101852
2 0.988281 0.096759 0.021354 0.030556
1 0.856250 0.309259 0.029167 0.038889
0 0.994792 0.125000 0.005208 0.012963
0 0.810156 0.537500 0.015104 0.032407
0 0.925521 0.289352 0.010417 0.026852
0 0.836458 0.217593 0.007292 0.022222
0 0.897917 0.484259 0.015625 0.042593
0 0.859896 0.193981 0.006250 0.019444
0 0.738021 0.322685 0.008333 0.030556
0 0.665104 0.822222 0.017708 0.064815
0 0.944010 0.141204 0.004688 0.010185
0 0.936198 0.131019 0.004688 0.008333
0 0.907292 0.290741 0.010417 0.027778