1 0.938281 0.394907 0.038021 0.065741
8 0.758333 0.460648 0.028125 0.039815
8 0.870313 0.083333 0.003125 0.009259
7 0.387500 0.877315 0.056250 0.123148
2 0.878385 0.087037 0.016146 0.027778
1 0.780990 0.295370 0.024479 0.037037
8 0.950781 0.133796 0.011979 0.013889
0 0.954427 0.594444 0.017188 0.037037
0 0.889063 0.117130 0.004167 0.012037
0 0.752865 0.538426 0.013021 0.032407
0 0.856250 0.081481 0.003125 0.009259
0 0.888802 0.114352 0.003646 0.012037
0 0.846094 0.094907 0.002604 0.010185
0 0.756250 0.207870 0.005208 0.021296
0 0.829687 0.472685 0.013542 0.041667
0 0.775260 0.183333 0.004688 0.018519
0 0.672135 0.320833 0.006771 0.030556
0 0.632812 0.873611 0.016667 0.067593
0 0.844531 0.130556 0.003646 0.009259
0 0.836458 0.121296 0.003125 0.007407
0 0.823698 0.276852 0.007812 0.025926
1 0.938281 0.394907 0.038021 0.065741