1 0.889323 0.287037 0.025521 0.027778
1 0.837240 0.369907 0.033854 0.060185
8 0.683854 0.457407 0.025000 0.038889
7 0.845052 0.126389 0.010937 0.012037
8 0.755208 0.076389 0.002083 0.008333
8 0.941406 0.131944 0.009896 0.012037
7 0.753125 0.081019 0.003125 0.008333
7 0.312500 0.975000 0.068750 0.050000
2 0.762500 0.079630 0.012500 0.025926
1 0.693229 0.283333 0.020833 0.035185
1 0.788542 0.120370 0.020833 0.012963
0 0.775000 0.072685 0.002083 0.008333
0 0.865625 0.566667 0.014583 0.035185
0 0.683333 0.543056 0.011458 0.032407
0 0.766927 0.096759 0.002604 0.010185
0 0.743229 0.074537 0.002083 0.008333
0 0.765885 0.098611 0.002604 0.010185
0 0.828125 0.196759 0.005208 0.019444
0 0.735417 0.087963 0.002083 0.009259
0 0.664062 0.200463 0.004167 0.019444
0 0.987760 0.142593 0.005729 0.014815
0 0.749479 0.462037 0.010417 0.040741
0 0.679688 0.175463 0.004167 0.017593
0 0.592448 0.323611 0.005729 0.030556
0 0.590104 0.939815 0.015625 0.070370
0 0.736979 0.121296 0.003125 0.009259
0 0.728906 0.112963 0.002604 0.007407
1 0.837240 0.369907 0.033854 0.060185
1 0.889323 0.287037 0.025521 0.027778