1 0.857031 0.282870 0.024479 0.026852
1 0.810677 0.369444 0.033854 0.061111
8 0.662500 0.467130 0.025000 0.039815
8 0.720312 0.075463 0.002083 0.008333
7 0.718750 0.080093 0.003125 0.008333
2 0.727865 0.077778 0.011979 0.025926
1 0.667188 0.283333 0.019792 0.035185
0 0.739583 0.070833 0.002083 0.008333
0 0.845052 0.572222 0.014062 0.035185
0 0.739323 0.105556 0.002604 0.011111
0 0.736198 0.102778 0.002604 0.011111
0 0.963802 0.221759 0.008854 0.021296
0 0.847917 0.126852 0.004167 0.012963
0 0.664583 0.559722 0.011458 0.032407
0 0.732552 0.094907 0.002604 0.010185
0 0.708854 0.073611 0.002083 0.008333
0 0.736458 0.084259 0.002083 0.009259
0 0.731771 0.096759 0.002083 0.010185
0 0.794271 0.193981 0.005208 0.019444
0 0.739062 0.102778 0.003125 0.011111
0 0.702083 0.086574 0.002083 0.010185
0 0.635677 0.200463 0.003646 0.019444
0 0.738021 0.084259 0.002083 0.009259
0 0.728125 0.470370 0.010417 0.040741
0 0.650260 0.174537 0.003646 0.017593
0 0.567187 0.330556 0.005208 0.031481
0 0.580208 0.983333 0.015625 0.033333
0 0.739062 0.075926 0.002083 0.009259
0 0.704948 0.119907 0.002604 0.008333
0 0.696094 0.112037 0.002604 0.007407
0 0.701823 0.265278 0.005729 0.025000
1 0.810677 0.369444 0.033854 0.061111
1 0.857031 0.282870 0.024479 0.026852