1 0.837240 0.282870 0.024479 0.026852
1 0.795313 0.373148 0.034375 0.061111
8 0.649219 0.480556 0.024479 0.042593
8 0.697135 0.074537 0.001563 0.008333
7 0.695312 0.079167 0.003125 0.008333
2 0.704687 0.077315 0.011458 0.025000
1 0.650000 0.285185 0.019792 0.035185
7 0.801823 0.122685 0.010937 0.012037
1 0.924740 0.129630 0.020312 0.012963
0 0.715365 0.070370 0.001563 0.007407
0 0.835156 0.584722 0.014062 0.036111
0 0.716406 0.104630 0.002604 0.011111
0 0.713281 0.101852 0.002604 0.011111
0 0.939062 0.218981 0.008333 0.021296
0 0.653125 0.581019 0.011458 0.034259
0 0.709375 0.093981 0.002083 0.010185
0 0.685677 0.072685 0.001563 0.008333
0 0.713021 0.083333 0.002083 0.009259
0 0.708854 0.096296 0.002083 0.011111
0 0.717188 0.089352 0.002083 0.010185
0 0.715885 0.101852 0.002604 0.011111
0 0.679167 0.086111 0.002083 0.009259
0 0.697135 0.259722 0.005729 0.025000
0 0.616406 0.202315 0.003646 0.019444
0 0.714583 0.083333 0.002083 0.009259
0 0.915365 0.135185 0.004688 0.014815
0 0.715885 0.482870 0.009896 0.041667
0 0.630469 0.175463 0.003646 0.017593
0 0.549219 0.339815 0.004688 0.031481
0 0.715365 0.075463 0.001563 0.008333
0 0.683073 0.119444 0.002604 0.009259
0 0.674219 0.111111 0.002604 0.007407
0 0.683854 0.268056 0.005208 0.025000
1 0.795313 0.373148 0.034375 0.061111
1 0.837240 0.282870 0.024479 0.026852