1 0.991667 0.414352 0.016667 0.069444
8 0.804427 0.465741 0.029687 0.040741
7 0.946354 0.094907 0.005208 0.010185
7 0.428385 0.807870 0.050521 0.108333
2 0.958333 0.093519 0.019792 0.029630
1 0.837240 0.305556 0.027604 0.038889
1 0.984896 0.141667 0.028125 0.016667
0 0.796354 0.540278 0.014583 0.032407
0 0.961458 0.113426 0.004167 0.012037
0 0.960156 0.115741 0.004688 0.012963
0 0.974479 0.107870 0.004167 0.012037
0 0.921615 0.100926 0.003646 0.011111
0 0.903385 0.285185 0.009896 0.027778
0 0.815365 0.215278 0.006771 0.021296
0 0.972135 0.101389 0.004688 0.010185
0 0.880990 0.482407 0.015104 0.042593
0 0.837500 0.190741 0.006250 0.018519
0 0.721354 0.322685 0.008333 0.030556
0 0.657812 0.840278 0.017708 0.065741
0 0.909375 0.128241 0.004167 0.008333
0 0.885677 0.287500 0.009896 0.026852
1 0.991667 0.414352 0.016667 0.069444