1 0.826563 0.300926 0.026042 0.027778
1 0.794792 0.412037 0.041667 0.070370
8 0.644792 0.560185 0.028125 0.050000
7 0.754948 0.123611 0.009896 0.012037
8 0.664062 0.075926 0.002083 0.009259
7 0.662760 0.081019 0.002604 0.008333
2 0.672656 0.076852 0.010937 0.029630
1 0.632552 0.302778 0.019271 0.038889
1 0.706510 0.120370 0.019271 0.012963
8 0.735937 0.118056 0.008333 0.012037
0 0.682031 0.070833 0.001563 0.008333
0 0.861198 0.688426 0.017188 0.041667
0 0.686979 0.106944 0.003125 0.012037
0 0.680729 0.228241 0.004167 0.013889
0 0.705208 0.126389 0.003125 0.008333
0 0.682813 0.103704 0.002083 0.011111
0 0.699219 0.080093 0.001563 0.008333
0 0.656250 0.712963 0.013542 0.040741
0 0.678125 0.095833 0.002083 0.010185
0 0.652865 0.073611 0.001563 0.008333
0 0.681250 0.084259 0.002083 0.009259
0 0.746094 0.208796 0.004688 0.013889
0 0.677604 0.097685 0.002083 0.010185
0 0.814062 0.118056 0.003125 0.012037
0 0.702344 0.111111 0.002604 0.007407
0 0.685417 0.090278 0.002083 0.010185
0 0.746875 0.201389 0.005208 0.019444
0 0.685417 0.103704 0.002083 0.011111
0 0.647656 0.087500 0.001563 0.010185
0 0.679948 0.277778 0.005729 0.025926
0 0.590885 0.214352 0.003646 0.021296
0 0.682292 0.084259 0.002083 0.009259
0 0.720833 0.565278 0.012500 0.047222
0 0.604167 0.184259 0.003125 0.018519
0 0.523438 0.386111 0.005208 0.035185
0 0.682552 0.075926 0.001563 0.009259
0 0.654688 0.122685 0.002083 0.008333
0 0.643750 0.114815 0.002083 0.007407
0 0.666667 0.291204 0.006250 0.026852
1 0.794792 0.412037 0.041667 0.070370
1 0.826563 0.300926 0.026042 0.027778