1 0.829948 0.291204 0.025521 0.026852
1 0.792969 0.391204 0.038021 0.065741
8 0.645312 0.517130 0.026042 0.045370
8 0.678906 0.075463 0.001563 0.008333
7 0.677344 0.080093 0.002604 0.008333
2 0.686979 0.077315 0.011458 0.026852
1 0.639844 0.293519 0.019271 0.037037
7 0.786198 0.123611 0.010937 0.012037
1 0.903125 0.128704 0.019792 0.012963
1 0.717969 0.118981 0.019271 0.012037
0 0.697135 0.070833 0.001563 0.008333
0 0.844792 0.631481 0.015625 0.038889
0 0.700260 0.105556 0.002604 0.011111
0 0.690104 0.222222 0.004167 0.012963
0 0.696615 0.102778 0.002604 0.011111
0 0.714063 0.079630 0.002083 0.009259
0 0.806510 0.125926 0.003646 0.012963
0 0.652604 0.639815 0.012500 0.037037
0 0.692187 0.094907 0.002083 0.010185
0 0.667708 0.072685 0.002083 0.008333
0 0.695312 0.083333 0.002083 0.009259
0 0.691667 0.096759 0.002083 0.010185
0 0.715365 0.110185 0.002604 0.007407
0 0.699479 0.089815 0.002083 0.009259
0 0.699219 0.102778 0.002604 0.011111
0 0.661719 0.086574 0.001563 0.010185
0 0.687240 0.268519 0.005729 0.025926
0 0.602344 0.208333 0.003646 0.020370
0 0.696875 0.083333 0.002083 0.009259
0 0.898958 0.135648 0.005208 0.013889
0 0.716406 0.520370 0.010937 0.044444
0 0.615885 0.180093 0.003646 0.017593
0 0.535417 0.362037 0.005208 0.033333
0 0.697135 0.075463 0.001563 0.008333
0 0.667448 0.120833 0.002604 0.008333
0 0.657552 0.112963 0.002604 0.007407
0 0.673698 0.278704 0.005729 0.025926
1 0.792969 0.391204 0.038021 0.065741
1 0.829948 0.291204 0.025521 0.026852