1 0.826302 0.298148 0.025521 0.027778
1 0.793490 0.406481 0.040104 0.068519
8 0.644010 0.548611 0.027604 0.049074
8 0.666927 0.075463 0.001563 0.008333
7 0.665365 0.081019 0.002604 0.008333
2 0.675260 0.076852 0.010937 0.029630
1 0.633594 0.300463 0.019271 0.037963
1 0.708594 0.119907 0.019271 0.012037
0 0.685156 0.070833 0.001563 0.008333
0 0.856250 0.673148 0.016667 0.040741
0 0.689323 0.106481 0.002604 0.011111
0 0.682292 0.226389 0.004167 0.013889
0 0.707292 0.125926 0.003125 0.007407
0 0.685417 0.103704 0.002083 0.011111
0 0.702083 0.080093 0.002083 0.008333
0 0.654427 0.693056 0.013021 0.039815
0 0.680729 0.094907 0.002083 0.010185
0 0.655729 0.073611 0.002083 0.008333
0 0.683854 0.083796 0.002083 0.010185
0 0.680208 0.097222 0.002083 0.011111
0 0.704948 0.110648 0.002604 0.006481
0 0.688021 0.090278 0.002083 0.010185
0 0.688021 0.102778 0.002083 0.011111
0 0.650260 0.087037 0.001563 0.009259
0 0.680990 0.275000 0.005729 0.025926
0 0.592969 0.212963 0.003646 0.020370
0 0.684896 0.084259 0.002083 0.009259
0 0.719010 0.552778 0.011979 0.046296
0 0.606250 0.183333 0.003125 0.018519
0 0.525521 0.380093 0.005208 0.034259
0 0.685156 0.075463 0.001563 0.008333
0 0.833594 0.135185 0.003646 0.009259
0 0.657031 0.122222 0.002604 0.009259
0 0.646354 0.113889 0.002083 0.007407
0 0.667708 0.287500 0.006250 0.026852
1 0.793490 0.406481 0.040104 0.068519
1 0.826302 0.298148 0.025521 0.027778