1 0.828906 0.293519 0.025521 0.027778
1 0.793229 0.396296 0.038542 0.066667
8 0.645052 0.527315 0.026563 0.047222
8 0.675260 0.075463 0.001563 0.008333
7 0.673698 0.080093 0.002604 0.008333
2 0.683073 0.076852 0.010937 0.027778
1 0.638021 0.295833 0.019792 0.037963
1 0.714844 0.118981 0.019271 0.012037
0 0.693490 0.070833 0.001563 0.008333
0 0.848698 0.644907 0.016146 0.039815
0 0.696615 0.106481 0.002604 0.011111
0 0.687760 0.223611 0.004688 0.013889
0 0.692969 0.102778 0.002604 0.011111
0 0.710417 0.079630 0.002083 0.009259
0 0.803385 0.125926 0.003646 0.012963
0 0.653125 0.656944 0.012500 0.037963
0 0.688542 0.094907 0.002083 0.010185
0 0.663802 0.073611 0.001563 0.008333
0 0.691667 0.083333 0.002083 0.009259
0 0.688021 0.096759 0.002083 0.010185
0 0.824740 0.117593 0.003646 0.012963
0 0.712240 0.110185 0.002604 0.007407
0 0.695833 0.089815 0.002083 0.009259
0 0.695573 0.102778 0.002604 0.011111
0 0.658073 0.087037 0.001563 0.009259
0 0.685156 0.270370 0.005729 0.025926
0 0.599740 0.209259 0.003646 0.020370
0 0.692969 0.084259 0.002604 0.009259
0 0.717188 0.531018 0.011458 0.045370
0 0.613021 0.181019 0.003125 0.017593
0 0.532292 0.367593 0.005208 0.033333
0 0.693490 0.075463 0.001563 0.008333
0 0.664062 0.121296 0.002083 0.009259
0 0.653906 0.112963 0.002604 0.007407
0 0.672135 0.281944 0.005729 0.026852
1 0.793229 0.396296 0.038542 0.066667
1 0.828906 0.293519 0.025521 0.027778