1 0.833073 0.283796 0.024479 0.026852
1 0.792448 0.376389 0.034896 0.062037
8 0.646615 0.488426 0.025521 0.043519
8 0.690365 0.074537 0.001563 0.008333
7 0.688802 0.079167 0.002604 0.008333
2 0.698177 0.076852 0.010937 0.025926
1 0.645833 0.286574 0.019792 0.036111
1 0.916406 0.128704 0.020312 0.012963
1 0.726823 0.118056 0.019271 0.012037
0 0.708854 0.070370 0.002083 0.007407
0 0.835156 0.594444 0.014062 0.037037
0 0.710156 0.104630 0.002604 0.011111
0 0.697396 0.217593 0.004167 0.012963
0 0.707031 0.101852 0.002604 0.011111
0 0.816406 0.125000 0.003646 0.012963
0 0.651563 0.594444 0.011458 0.035185
0 0.703125 0.093981 0.002083 0.010185
0 0.679167 0.072685 0.002083 0.008333
0 0.706771 0.083333 0.002083 0.009259
0 0.702344 0.096296 0.002604 0.011111
0 0.710677 0.089352 0.002604 0.010185
0 0.709635 0.101852 0.002604 0.011111
0 0.672917 0.086111 0.002083 0.009259
0 0.692969 0.261574 0.005729 0.025000
0 0.611198 0.203704 0.003646 0.020370
0 0.707812 0.083333 0.002083 0.009259
0 0.908594 0.134722 0.004688 0.013889
0 0.714063 0.490741 0.010417 0.042593
0 0.625000 0.176389 0.003125 0.017593
0 0.544271 0.344907 0.005208 0.032407
0 0.708594 0.075463 0.001563 0.008333
0 0.677083 0.119907 0.002083 0.008333
0 0.667969 0.111574 0.002604 0.006481
0 0.679688 0.270370 0.005208 0.025926
1 0.792448 0.376389 0.034896 0.062037
1 0.833073 0.283796 0.024479 0.026852