1 0.836458 0.318519 0.028125 0.029630
1 0.811719 0.446759 0.047396 0.078704
8 0.655469 0.629630 0.031771 0.055556
7 0.753385 0.126389 0.009896 0.012037
8 0.657552 0.077778 0.001563 0.009259
7 0.655990 0.082870 0.002604 0.008333
2 0.666406 0.077315 0.010937 0.032407
1 0.633333 0.316667 0.019792 0.040741
7 0.773177 0.127315 0.010937 0.012037
1 0.880208 0.131481 0.019792 0.012963
1 0.704948 0.123148 0.019271 0.012963
0 0.675521 0.071759 0.002083 0.008333
0 0.902865 0.786574 0.020312 0.047222
0 0.682552 0.109722 0.002604 0.012037
0 0.680469 0.237500 0.004688 0.013889
0 0.702083 0.129630 0.003125 0.007407
0 0.677865 0.106481 0.002604 0.011111
0 0.693229 0.081481 0.002083 0.009259
0 0.792448 0.130093 0.003646 0.013889
0 0.674479 0.836574 0.015625 0.049074
0 0.672396 0.097222 0.002083 0.011111
0 0.646094 0.074537 0.001563 0.008333
0 0.675521 0.085185 0.002083 0.009259
0 0.745573 0.216667 0.004688 0.014815
0 0.672135 0.099537 0.002604 0.010185
0 0.698698 0.113426 0.002604 0.006481
0 0.679167 0.092130 0.002083 0.010185
0 0.745833 0.208796 0.005208 0.021296
0 0.680208 0.105556 0.002083 0.011111
0 0.641146 0.089352 0.002083 0.010185
0 0.681771 0.292593 0.006250 0.027778
0 0.587240 0.224074 0.003646 0.022222
0 0.676042 0.085648 0.002083 0.010185
0 0.741406 0.639352 0.015104 0.052778
0 0.599479 0.191667 0.003125 0.018519
0 0.517187 0.422685 0.005208 0.037963
0 0.676042 0.077315 0.002083 0.008333
0 0.650260 0.125926 0.002604 0.009259
0 0.638021 0.117593 0.002083 0.007407
0 0.669531 0.310185 0.006771 0.027778
1 0.811719 0.446759 0.047396 0.078704
1 0.836458 0.318519 0.028125 0.029630