1 0.835417 0.312037 0.027083 0.029630
1 0.807292 0.433333 0.044792 0.075926
8 0.652604 0.600926 0.030208 0.053704
7 0.757031 0.125926 0.009896 0.011111
8 0.662760 0.077315 0.001563 0.008333
7 0.661458 0.081944 0.003125 0.008333
2 0.671615 0.076852 0.010937 0.031481
1 0.635417 0.311574 0.019792 0.039815
7 0.776823 0.126389 0.010937 0.012037
1 0.886458 0.131481 0.019792 0.012963
1 0.708333 0.122222 0.019792 0.012963
8 0.736458 0.119907 0.008333 0.012037
0 0.680990 0.071759 0.001563 0.008333
0 0.887760 0.746759 0.019271 0.045370
0 0.687240 0.108796 0.002604 0.012037
0 0.683073 0.233796 0.004688 0.013889
0 0.706250 0.128241 0.003125 0.008333
0 0.682552 0.105556 0.002604 0.011111
0 0.698438 0.081019 0.002083 0.008333
0 0.668229 0.783796 0.014583 0.045370
0 0.677604 0.096759 0.002083 0.010185
0 0.651302 0.074537 0.001563 0.008333
0 0.680208 0.085185 0.002083 0.009259
0 0.677083 0.098611 0.002083 0.010185
0 0.814844 0.119907 0.003646 0.012037
0 0.684375 0.091667 0.002083 0.009259
0 0.685156 0.104630 0.002604 0.011111
0 0.646354 0.088889 0.002083 0.009259
0 0.683594 0.287037 0.005729 0.027778
0 0.590885 0.219907 0.003646 0.021296
0 0.681250 0.085185 0.002083 0.009259
0 0.734635 0.608796 0.014062 0.050926
0 0.603646 0.188889 0.003125 0.018519
0 0.521875 0.407407 0.005208 0.037037
0 0.681250 0.076852 0.002083 0.009259
0 0.654688 0.125000 0.002083 0.009259
0 0.642969 0.116667 0.002604 0.007407
0 0.670573 0.302778 0.006771 0.027778
1 0.807292 0.433333 0.044792 0.075926
1 0.835417 0.312037 0.027083 0.029630