1 0.807552 0.457407 0.049479 0.081481
8 0.652344 0.657870 0.032812 0.058333
7 0.740885 0.126389 0.009896 0.012037
8 0.643490 0.077778 0.001563 0.009259
7 0.642448 0.082870 0.002604 0.008333
2 0.652865 0.076852 0.010937 0.033333
1 0.623958 0.321296 0.019792 0.040741
7 0.760417 0.127315 0.011458 0.012037
1 0.692969 0.123611 0.019271 0.012037
8 0.718490 0.120833 0.007812 0.012037
0 0.742188 0.217593 0.005208 0.020370
0 0.661458 0.071759 0.001042 0.008333
0 0.910156 0.820833 0.021354 0.049074
0 0.669531 0.109722 0.002604 0.012037
0 0.669531 0.240278 0.004688 0.013889
0 0.689583 0.130093 0.003125 0.008333
0 0.664583 0.106481 0.002083 0.011111
0 0.679167 0.081481 0.002083 0.009259
0 0.922656 0.235185 0.008854 0.022222
0 0.676823 0.891667 0.016146 0.051852
0 0.658854 0.097222 0.002083 0.011111
0 0.632031 0.074537 0.001563 0.008333
0 0.661458 0.085185 0.002083 0.009259
0 0.658854 0.099537 0.002083 0.010185
0 0.795313 0.120370 0.003125 0.012963
0 0.685677 0.113889 0.002604 0.007407
0 0.665625 0.092130 0.002083 0.010185
0 0.666927 0.105556 0.002604 0.011111
0 0.627865 0.089352 0.001563 0.010185
0 0.672396 0.297222 0.006250 0.027778
0 0.575521 0.226852 0.003125 0.022222
0 0.662240 0.085648 0.002604 0.010185
0 0.741667 0.668519 0.015625 0.053704
0 0.588021 0.193981 0.003125 0.019444
0 0.506250 0.438889 0.005208 0.038889
0 0.662240 0.077315 0.001563 0.008333
0 0.637760 0.126852 0.002604 0.009259
0 0.624740 0.118519 0.002604 0.007407
0 0.660417 0.316667 0.006250 0.029630
1 0.807552 0.457407 0.049479 0.081481