1 0.822135 0.326389 0.028646 0.030556
1 0.805990 0.469907 0.051562 0.084259
8 0.651563 0.691667 0.034375 0.062963
7 0.730469 0.126852 0.009896 0.011111
8 0.631771 0.078241 0.001042 0.008333
7 0.630469 0.083333 0.002604 0.009259
2 0.640885 0.077315 0.010937 0.034259
1 0.616406 0.326389 0.019271 0.041667
7 0.749740 0.127315 0.010937 0.012037
1 0.683073 0.124074 0.019271 0.012963
8 0.707292 0.121759 0.008333 0.012037
0 0.649740 0.071759 0.001563 0.008333
0 0.922656 0.863426 0.023438 0.050926
0 0.658854 0.110185 0.002083 0.011111
0 0.660937 0.243519 0.004167 0.014815
0 0.679427 0.131019 0.002604 0.008333
0 0.653385 0.106944 0.002604 0.012037
0 0.667448 0.081481 0.001563 0.009259
0 0.914844 0.236574 0.008854 0.023148
0 0.767708 0.130093 0.003125 0.013889
0 0.682552 0.958796 0.018229 0.054630
0 0.647396 0.097685 0.002083 0.010185
0 0.620573 0.075463 0.001563 0.008333
0 0.671354 0.079630 0.002083 0.005556
0 0.650000 0.085185 0.002083 0.009259
0 0.975781 0.149074 0.005729 0.009259
0 0.647396 0.100000 0.002083 0.011111
0 0.674740 0.113889 0.002604 0.007407
0 0.654167 0.093056 0.002083 0.010185
0 0.723958 0.212037 0.005208 0.020370
0 0.655729 0.105556 0.002083 0.011111
0 0.616406 0.090278 0.001563 0.010185
0 0.664844 0.302315 0.005729 0.028704
0 0.565885 0.230556 0.003646 0.022222
0 0.650521 0.086111 0.002083 0.009259
0 0.745573 0.702778 0.017188 0.055556
0 0.577604 0.196296 0.003125 0.018519
0 0.496354 0.456944 0.005208 0.039815
0 0.650260 0.077315 0.001563 0.008333
0 0.627083 0.127778 0.002083 0.009259
0 0.613802 0.118981 0.002604 0.008333
0 0.653385 0.324074 0.006771 0.029630
1 0.805990 0.469907 0.051562 0.084259
1 0.822135 0.326389 0.028646 0.030556