1 0.825781 0.324537 0.028646 0.030556
1 0.807031 0.463889 0.050521 0.083333
8 0.652083 0.674537 0.033333 0.060185
7 0.735937 0.126852 0.010417 0.011111
8 0.638021 0.077778 0.001042 0.009259
7 0.636719 0.083333 0.002604 0.009259
2 0.647135 0.076852 0.010937 0.033333
1 0.620573 0.323611 0.019271 0.041667
7 0.755469 0.127315 0.010937 0.012037
1 0.688542 0.124074 0.019792 0.012963
8 0.713281 0.121296 0.007812 0.012963
0 0.737500 0.218981 0.005208 0.021296
0 0.655990 0.071759 0.001563 0.008333
0 0.916406 0.841667 0.022396 0.050000
0 0.664844 0.110185 0.002604 0.011111
0 0.665625 0.241667 0.004167 0.014815
0 0.684896 0.130093 0.003125 0.008333
0 0.659375 0.106481 0.002083 0.011111
0 0.673698 0.081481 0.001563 0.009259
0 0.679688 0.924074 0.017708 0.051852
0 0.653646 0.097685 0.002083 0.010185
0 0.626823 0.075000 0.001563 0.009259
0 0.677604 0.079630 0.002083 0.005556
0 0.656250 0.085185 0.002083 0.009259
0 0.653385 0.099537 0.001563 0.010185
0 0.789583 0.120370 0.003125 0.012963
0 0.680469 0.113889 0.002604 0.007407
0 0.660156 0.092593 0.001563 0.009259
0 0.729167 0.211111 0.005208 0.020370
0 0.661458 0.105556 0.002083 0.011111
0 0.622135 0.089815 0.001563 0.009259
0 0.669010 0.300000 0.005729 0.027778
0 0.571094 0.228704 0.003646 0.022222
0 0.656771 0.086111 0.002083 0.009259
0 0.743750 0.684722 0.016667 0.054630
0 0.583333 0.194907 0.003125 0.019444
0 0.501562 0.447685 0.005208 0.039815
0 0.656510 0.077315 0.001563 0.008333
0 0.812240 0.138426 0.003646 0.008333
0 0.632812 0.126852 0.002083 0.009259
0 0.619531 0.118519 0.002604 0.007407
0 0.657292 0.320370 0.006250 0.029630
1 0.807031 0.463889 0.050521 0.083333
1 0.825781 0.324537 0.028646 0.030556