1 0.815625 0.328241 0.029167 0.030556
1 0.801823 0.475000 0.052604 0.085185
8 0.648698 0.708333 0.034896 0.064815
7 0.721615 0.126852 0.009896 0.011111
8 0.622656 0.078241 0.001563 0.008333
8 0.787240 0.126389 0.007812 0.012037
7 0.621615 0.083796 0.002604 0.008333
2 0.631771 0.077315 0.010417 0.034259
1 0.609635 0.328704 0.019271 0.042593
7 0.740365 0.127315 0.010937 0.012037
1 0.837760 0.129630 0.018229 0.012963
1 0.674740 0.124074 0.019271 0.012963
8 0.698177 0.121296 0.007812 0.012963
0 0.640365 0.071759 0.001563 0.008333
0 0.925781 0.882407 0.023438 0.051852
0 0.650260 0.110648 0.002604 0.012037
0 0.653385 0.244444 0.004688 0.014815
0 0.670573 0.131019 0.002604 0.008333
0 0.644271 0.107407 0.002083 0.011111
0 0.658073 0.081481 0.001563 0.009259
0 0.905990 0.236111 0.008854 0.022222
0 0.758594 0.129630 0.003646 0.012963
0 0.683594 0.983333 0.019271 0.033333
0 0.638542 0.097685 0.002083 0.010185
0 0.611198 0.075463 0.001563 0.008333
0 0.661719 0.079630 0.001563 0.005556
0 0.640885 0.085185 0.001563 0.009259
0 0.963281 0.148148 0.005729 0.009259
0 0.638281 0.100000 0.001563 0.011111
0 0.772917 0.119444 0.003125 0.012963
0 0.665885 0.113889 0.002604 0.007407
0 0.644792 0.093056 0.002083 0.010185
0 0.715625 0.212963 0.005208 0.020370
0 0.646875 0.105556 0.002083 0.011111
0 0.607031 0.090278 0.001563 0.010185
0 0.658073 0.304630 0.005729 0.027778
0 0.557813 0.232870 0.003125 0.023148
0 0.641406 0.086111 0.001563 0.009259
0 0.744792 0.719907 0.017708 0.056481
0 0.569531 0.197685 0.002604 0.019444
0 0.488802 0.466667 0.005729 0.040741
0 0.640885 0.077315 0.001563 0.008333
0 0.796875 0.137963 0.004167 0.009259
0 0.618490 0.127778 0.002604 0.009259
0 0.604948 0.119444 0.002604 0.007407
0 0.646875 0.327315 0.006250 0.030556
1 0.801823 0.475000 0.052604 0.085185
1 0.815625 0.328241 0.029167 0.030556