1 0.769531 0.348148 0.029687 0.031481
1 0.778646 0.535185 0.063542 0.100000
4 0.994792 0.157407 0.010417 0.068519
6 0.592708 0.071296 0.001042 0.005556
6 0.592448 0.070370 0.001563 0.005556
8 0.638021 0.914352 0.042708 0.087963
7 0.655208 0.127778 0.009375 0.011111
8 0.552083 0.080093 0.001042 0.008333
7 0.551302 0.086111 0.002604 0.009259
2 0.561458 0.078241 0.009375 0.034259
1 0.556250 0.354630 0.018750 0.046296
7 0.671875 0.127778 0.010417 0.011111
1 0.756250 0.126852 0.016667 0.012963
1 0.611198 0.126389 0.019271 0.012037
8 0.629687 0.122685 0.007292 0.012037
0 0.661719 0.229630 0.004688 0.022222
0 0.569271 0.072685 0.001042 0.008333
0 0.583333 0.112500 0.002083 0.012037
0 0.595573 0.259259 0.004688 0.014815
0 0.605729 0.133796 0.002083 0.008333
0 0.576302 0.109722 0.001563 0.012037
0 0.587240 0.082407 0.001563 0.009259
0 0.846094 0.237037 0.007812 0.022222
0 0.690104 0.130093 0.003125 0.013889
0 0.569271 0.099074 0.001042 0.011111
0 0.540625 0.076389 0.001042 0.008333
0 0.590885 0.080556 0.001563 0.005556
0 0.961719 0.136111 0.005729 0.014815
0 0.571094 0.086111 0.001563 0.009259
0 0.654167 0.231019 0.004167 0.015741
0 0.874740 0.141667 0.004688 0.009259
0 0.748177 0.206019 0.004688 0.013889
0 0.569531 0.101389 0.001563 0.010185
0 0.598958 0.115741 0.002083 0.007407
0 0.575260 0.093981 0.001563 0.010185
0 0.652604 0.221759 0.004167 0.021296
0 0.578125 0.107407 0.002083 0.011111
0 0.537500 0.092593 0.001042 0.009259
0 0.605729 0.330556 0.005208 0.029630
0 0.494531 0.252778 0.002604 0.024074
0 0.572135 0.087037 0.001563 0.009259
0 0.992448 0.128704 0.005729 0.012963
0 0.981771 0.141667 0.006250 0.014815
0 0.760417 0.925000 0.025000 0.064815
0 0.505208 0.211111 0.002083 0.020370
0 0.422656 0.577315 0.008854 0.047222
0 0.570312 0.078241 0.001042 0.008333
0 0.552604 0.131944 0.002083 0.010185
0 0.536458 0.124074 0.002083 0.007407
0 0.597656 0.364815 0.006771 0.033333
1 0.778646 0.535185 0.063542 0.100000
1 0.769531 0.348148 0.029687 0.031481
4 0.994792 0.157407 0.010417 0.068519