1 0.781510 0.413889 0.035937 0.037037
1 0.838542 0.722222 0.101042 0.153704
4 0.982031 0.162500 0.035937 0.071296
6 0.556771 0.075000 0.001042 0.005556
6 0.557813 0.076389 0.001042 0.006481
6 0.557813 0.077315 0.001042 0.006481
6 0.556510 0.074074 0.000521 0.005556
6 0.556250 0.073148 0.001042 0.005556
6 0.557292 0.075926 0.001042 0.005556
7 0.628125 0.136111 0.009375 0.011111
8 0.514583 0.085648 0.001042 0.010185
8 0.672396 0.131944 0.007292 0.012037
7 0.514063 0.092130 0.002083 0.010185
2 0.525000 0.085185 0.009375 0.029630
1 0.531250 0.412037 0.020833 0.055556
7 0.647396 0.135648 0.010417 0.012037
1 0.720052 0.132870 0.017188 0.012037
1 0.584635 0.135185 0.020312 0.012963
8 0.598437 0.130556 0.007292 0.012963
0 0.637500 0.259259 0.005208 0.024074
0 0.532292 0.076389 0.001042 0.008333
0 0.671615 0.137500 0.002604 0.013889
0 0.551302 0.120370 0.001563 0.012963
0 0.570833 0.296296 0.005208 0.016667
0 0.576823 0.143519 0.002604 0.009259
0 0.542448 0.118056 0.001563 0.012037
0 0.551562 0.086574 0.001042 0.010185
0 0.849740 0.262037 0.008854 0.024074
0 0.664062 0.138426 0.003125 0.013889
0 0.533594 0.104630 0.001563 0.011111
0 0.503125 0.080556 0.001042 0.009259
0 0.555208 0.084259 0.001042 0.005556
0 0.535156 0.090741 0.001563 0.009259
0 0.629427 0.261111 0.004688 0.016667
0 0.846094 0.147222 0.004688 0.009259
0 0.727344 0.225463 0.004688 0.015741
0 0.533854 0.107407 0.001042 0.011111
0 0.667708 0.125000 0.003125 0.012963
0 0.568229 0.123611 0.002083 0.008333
0 0.539583 0.100463 0.001042 0.010185
0 0.914062 0.263426 0.010417 0.025000
0 0.626823 0.249074 0.004688 0.024074
0 0.543490 0.114352 0.001563 0.012037
0 0.500260 0.098611 0.001563 0.010185
0 0.587500 0.393981 0.006250 0.034259
0 0.455469 0.293519 0.003646 0.027778
0 0.537240 0.091204 0.001563 0.010185
0 0.757812 0.142130 0.004167 0.013889
0 0.959635 0.131019 0.004688 0.013889
0 0.958854 0.146296 0.006250 0.014815
0 0.467187 0.239352 0.003125 0.023148
0 0.346615 0.877315 0.017188 0.063889
0 0.533854 0.082407 0.001042 0.009259
0 0.704948 0.144907 0.003646 0.008333
0 0.519271 0.143056 0.002083 0.010185
0 0.499479 0.134722 0.002083 0.008333
0 0.584115 0.456019 0.007812 0.039815
1 0.838542 0.722222 0.101042 0.153704
1 0.781510 0.413889 0.035937 0.037037
4 0.982031 0.162500 0.035937 0.071296