1 0.760417 0.381944 0.032292 0.034259
1 0.796094 0.630093 0.081771 0.125000
4 0.975000 0.156481 0.050000 0.066667
6 0.555729 0.073148 0.001042 0.005556
6 0.556250 0.075000 0.001042 0.005556
6 0.555469 0.072222 0.000521 0.005556
6 0.555208 0.071759 0.001042 0.006481
6 0.556250 0.074537 0.001042 0.006481
7 0.622396 0.131944 0.009375 0.012037
8 0.514583 0.083333 0.001042 0.009259
8 0.670833 0.128241 0.007292 0.012037
7 0.514063 0.089815 0.002083 0.009259
2 0.524219 0.081944 0.008854 0.032407
1 0.528646 0.388426 0.019792 0.050926
7 0.641146 0.131944 0.010417 0.012037
1 0.717188 0.129167 0.016667 0.012037
1 0.580469 0.131481 0.019271 0.012963
8 0.595833 0.126852 0.007292 0.012963
0 0.632552 0.245833 0.004688 0.023148
0 0.531771 0.074537 0.001042 0.008333
0 0.665365 0.132870 0.002604 0.013889
0 0.549219 0.117130 0.001563 0.012037
0 0.566927 0.280556 0.004688 0.016667
0 0.573438 0.139352 0.002083 0.008333
0 0.540885 0.114352 0.001563 0.012037
0 0.550521 0.084722 0.001042 0.010185
0 0.658594 0.133796 0.002604 0.013889
0 0.532812 0.102778 0.001042 0.011111
0 0.502865 0.079167 0.000521 0.008333
0 0.553906 0.082407 0.001563 0.005556
0 0.920833 0.135648 0.005208 0.013889
0 0.534375 0.088889 0.001042 0.009259
0 0.624479 0.247222 0.004167 0.016667
0 0.719271 0.215278 0.004167 0.013889
0 0.533073 0.104630 0.001563 0.011111
0 0.664323 0.121296 0.002604 0.012963
0 0.565365 0.120370 0.001563 0.007407
0 0.538542 0.097685 0.001042 0.010185
0 0.622396 0.236574 0.004167 0.023148
0 0.542188 0.111111 0.001042 0.011111
0 0.500000 0.096296 0.001042 0.011111
0 0.581510 0.366204 0.005729 0.032407
0 0.457552 0.277778 0.003646 0.025926
0 0.535677 0.089352 0.001563 0.010185
0 0.748698 0.137500 0.003646 0.013889
0 0.948177 0.126852 0.004688 0.012963
0 0.943750 0.141204 0.006250 0.013889
0 0.468750 0.228704 0.003125 0.022222
0 0.370052 0.740278 0.013021 0.056481
0 0.533333 0.080556 0.001042 0.009259
0 0.993750 0.140278 0.006250 0.013889
0 0.517969 0.138426 0.001563 0.010185
0 0.499479 0.130093 0.002083 0.008333
0 0.576302 0.415741 0.006771 0.037037
1 0.796094 0.630093 0.081771 0.125000
1 0.760417 0.381944 0.032292 0.034259
4 0.975000 0.156481 0.050000 0.066667