1 0.756510 0.366204 0.030729 0.032407
1 0.781510 0.587963 0.073437 0.112963
4 0.976823 0.154630 0.046354 0.066667
6 0.563021 0.072685 0.001042 0.006481
6 0.562500 0.072222 0.001042 0.005556
6 0.562240 0.071296 0.000521 0.005556
6 0.563021 0.074074 0.001042 0.005556
7 0.627604 0.130093 0.009375 0.012037
8 0.521875 0.081944 0.001042 0.008333
8 0.678125 0.126852 0.007292 0.011111
7 0.521354 0.087963 0.002083 0.009259
2 0.531510 0.080556 0.008854 0.033333
1 0.533594 0.374537 0.019271 0.049074
7 0.645312 0.129630 0.010417 0.011111
1 0.723958 0.127315 0.016667 0.012037
1 0.585677 0.129167 0.019271 0.012037
8 0.601562 0.125000 0.007292 0.012963
0 0.636979 0.238426 0.004167 0.023148
0 0.539062 0.073611 0.001042 0.008333
0 0.669531 0.131019 0.002604 0.013889
0 0.555208 0.115278 0.002083 0.012037
0 0.571615 0.271759 0.004688 0.015741
0 0.578646 0.136574 0.002083 0.008333
0 0.547656 0.112500 0.001563 0.012037
0 0.557552 0.083333 0.001563 0.009259
0 0.663281 0.131944 0.002604 0.013889
0 0.539844 0.100926 0.001563 0.011111
0 0.510417 0.078241 0.001042 0.008333
0 0.560938 0.081481 0.001042 0.005556
0 0.925521 0.134722 0.005208 0.013889
0 0.541406 0.087963 0.001563 0.009259
0 0.629167 0.240278 0.004167 0.015741
0 0.539844 0.103704 0.001563 0.011111
0 0.670052 0.119907 0.002604 0.012037
0 0.571354 0.118519 0.002083 0.007407
0 0.545573 0.096296 0.001563 0.011111
0 0.627344 0.230093 0.004688 0.021296
0 0.548958 0.109722 0.001042 0.012037
0 0.507292 0.094907 0.001042 0.010185
0 0.584635 0.351852 0.005729 0.031481
0 0.465625 0.268056 0.003125 0.025000
0 0.542448 0.088426 0.001563 0.010185
0 0.752083 0.135648 0.004167 0.013889
0 0.953385 0.126389 0.004688 0.013889
0 0.946875 0.139815 0.006250 0.014815
0 0.476302 0.221759 0.002604 0.021296
0 0.386458 0.672222 0.011458 0.053704
0 0.540104 0.079630 0.001042 0.009259
0 0.996875 0.139352 0.006250 0.013889
0 0.701302 0.138426 0.003646 0.008333
0 0.997396 0.213889 0.005208 0.020370
0 0.524479 0.135648 0.002083 0.010185
0 0.507031 0.127778 0.001563 0.007407
0 0.578646 0.394444 0.006250 0.035185
1 0.781510 0.587963 0.073437 0.112963
1 0.756510 0.366204 0.030729 0.032407
4 0.976823 0.154630 0.046354 0.066667