1 0.768229 0.393519 0.033333 0.035185
1 0.810938 0.662963 0.088542 0.135185
4 0.977604 0.158796 0.044792 0.069444
6 0.556250 0.074074 0.001042 0.005556
6 0.556771 0.075463 0.001042 0.006481
6 0.555729 0.073148 0.001042 0.005556
6 0.555729 0.072222 0.001042 0.005556
6 0.556771 0.075000 0.001042 0.005556
7 0.624479 0.133333 0.009375 0.011111
8 0.514583 0.084259 0.001042 0.009259
8 0.671354 0.130093 0.007292 0.012037
7 0.514063 0.090741 0.002083 0.009259
2 0.524740 0.083333 0.008854 0.031481
1 0.529948 0.396759 0.020312 0.052778
7 0.643490 0.132870 0.009896 0.012037
8 0.489583 0.065278 0.003125 0.006481
1 0.718229 0.130556 0.016667 0.012963
1 0.582292 0.133333 0.019792 0.012963
8 0.596875 0.128704 0.007292 0.012963
0 0.634115 0.250926 0.004688 0.024074
0 0.531771 0.075463 0.001042 0.008333
0 0.667708 0.134722 0.003125 0.013889
0 0.550000 0.118519 0.002083 0.012963
0 0.568490 0.286111 0.004688 0.016667
0 0.574740 0.141204 0.002604 0.008333
0 0.541406 0.115741 0.001563 0.012963
0 0.551042 0.085185 0.001042 0.009259
0 0.836979 0.253704 0.008333 0.024074
0 0.660677 0.135648 0.002604 0.013889
0 0.533073 0.103704 0.001563 0.011111
0 0.503125 0.079630 0.001042 0.009259
0 0.554427 0.083333 0.001563 0.005556
0 0.925260 0.137037 0.005729 0.014815
0 0.534635 0.089352 0.001563 0.010185
0 0.626562 0.252778 0.004167 0.016667
0 0.722135 0.219444 0.004688 0.014815
0 0.533333 0.105556 0.001042 0.011111
0 0.665365 0.123148 0.002604 0.012963
0 0.566667 0.121296 0.002083 0.007407
0 0.538802 0.098611 0.001563 0.010185
0 0.899740 0.254630 0.009896 0.024074
0 0.623958 0.241204 0.004167 0.023148
0 0.542448 0.112500 0.001563 0.012037
0 0.500000 0.097222 0.001042 0.011111
0 0.583854 0.376852 0.006250 0.033333
0 0.456771 0.283796 0.004167 0.026852
0 0.536198 0.090278 0.001563 0.010185
0 0.752344 0.139352 0.003646 0.013889
0 0.952344 0.128704 0.004688 0.012963
0 0.949479 0.142593 0.006250 0.014815
0 0.468229 0.232407 0.003125 0.022222
0 0.361979 0.787963 0.014583 0.059259
0 0.533333 0.081481 0.001042 0.009259
0 0.998438 0.142130 0.003125 0.013889
0 0.700260 0.142130 0.003646 0.008333
0 0.518490 0.140278 0.001563 0.010185
0 0.499479 0.131944 0.002083 0.008333
0 0.579167 0.431019 0.007292 0.037963
1 0.810938 0.662963 0.088542 0.135185
1 0.768229 0.393519 0.033333 0.035185
4 0.977604 0.158796 0.044792 0.069444