1 0.772396 0.400000 0.034375 0.035185
1 0.819531 0.681019 0.092188 0.139815
4 0.978906 0.159722 0.042188 0.069444
6 0.556250 0.074074 0.001042 0.005556
6 0.555729 0.073148 0.001042 0.005556
6 0.555729 0.072222 0.001042 0.005556
6 0.556771 0.075463 0.001042 0.006481
7 0.625521 0.134259 0.009375 0.011111
8 0.514583 0.084259 0.001042 0.009259
8 0.671354 0.131019 0.007292 0.012037
7 0.514063 0.090741 0.002083 0.009259
2 0.524740 0.083796 0.008854 0.030556
1 0.529948 0.401852 0.020312 0.053704
7 0.644531 0.133796 0.009896 0.012037
8 0.490104 0.066204 0.003125 0.006481
1 0.718490 0.131481 0.017188 0.012963
1 0.582812 0.133796 0.019792 0.013889
8 0.597135 0.129167 0.007812 0.012037
0 0.635156 0.253704 0.004688 0.024074
0 0.531771 0.075463 0.001042 0.008333
0 0.668750 0.135648 0.003125 0.013889
0 0.550260 0.118981 0.001563 0.012037
0 0.569010 0.289815 0.004688 0.016667
0 0.575260 0.141667 0.002604 0.009259
0 0.541667 0.116204 0.002083 0.012037
0 0.551042 0.086111 0.001042 0.009259
0 0.840625 0.256481 0.008333 0.024074
0 0.661719 0.136574 0.002604 0.013889
0 0.533073 0.103704 0.001563 0.011111
0 0.503125 0.080093 0.001042 0.008333
0 0.554427 0.083333 0.001563 0.005556
0 0.927604 0.137963 0.005208 0.014815
0 0.534635 0.089815 0.001563 0.009259
0 0.627344 0.255556 0.004688 0.016667
0 0.723698 0.221296 0.004688 0.014815
0 0.533333 0.106481 0.001042 0.011111
0 0.665885 0.123611 0.002604 0.012037
0 0.566667 0.122222 0.002083 0.007407
0 0.539062 0.099074 0.001042 0.011111
0 0.624740 0.243981 0.004688 0.023148
0 0.542708 0.112500 0.001042 0.012037
0 0.500000 0.097685 0.001042 0.010185
0 0.584896 0.381944 0.006250 0.034259
0 0.456250 0.286574 0.004167 0.026852
0 0.536198 0.090741 0.001563 0.009259
0 0.753906 0.140278 0.003646 0.013889
0 0.954687 0.129167 0.005208 0.013889
0 0.952344 0.143519 0.005729 0.014815
0 0.467708 0.234722 0.003125 0.023148
0 0.357292 0.815278 0.015625 0.060185
0 0.533333 0.081481 0.001042 0.009259
0 0.701563 0.143056 0.003125 0.008333
0 0.518490 0.141204 0.001563 0.010185
0 0.499479 0.132870 0.002083 0.008333
0 0.580729 0.438889 0.007292 0.038889
1 0.819531 0.681019 0.092188 0.139815
1 0.772396 0.400000 0.034375 0.035185
4 0.978906 0.159722 0.042188 0.069444