1 0.757031 0.375926 0.031771 0.033333
1 0.789323 0.614815 0.078646 0.120370
4 0.973958 0.155556 0.052083 0.066667
6 0.556250 0.073148 0.001042 0.005556
6 0.556771 0.074537 0.001042 0.006481
6 0.555729 0.072222 0.001042 0.005556
6 0.555469 0.071296 0.000521 0.005556
6 0.556250 0.074074 0.001042 0.005556
7 0.621875 0.131019 0.009375 0.012037
8 0.514844 0.082407 0.000521 0.009259
8 0.671094 0.127778 0.006771 0.011111
7 0.514063 0.088889 0.002083 0.009259
2 0.524740 0.081481 0.008854 0.033333
1 0.528906 0.383796 0.019271 0.050926
7 0.640365 0.131019 0.009896 0.012037
1 0.717188 0.128241 0.016667 0.012037
1 0.579948 0.130556 0.019271 0.012963
8 0.595833 0.126389 0.007292 0.012037
0 0.632031 0.243056 0.004688 0.023148
0 0.532292 0.074537 0.001042 0.008333
0 0.664844 0.132407 0.002604 0.012963
0 0.549219 0.116204 0.001563 0.012037
0 0.566667 0.277778 0.004167 0.016667
0 0.573177 0.138426 0.002604 0.008333
0 0.541146 0.113426 0.002083 0.012037
0 0.550781 0.084259 0.001563 0.009259
0 0.658073 0.132870 0.002604 0.013889
0 0.533073 0.101852 0.001563 0.011111
0 0.503125 0.078704 0.001042 0.009259
0 0.554427 0.082407 0.001563 0.005556
0 0.919271 0.134722 0.005208 0.013889
0 0.534635 0.088426 0.001563 0.010185
0 0.624479 0.244907 0.004167 0.015741
0 0.718229 0.213426 0.004167 0.013889
0 0.533333 0.104630 0.001042 0.011111
0 0.663802 0.120833 0.002604 0.012037
0 0.565365 0.119444 0.001563 0.007407
0 0.538802 0.097222 0.001563 0.011111
0 0.622396 0.234259 0.004167 0.022222
0 0.542448 0.110648 0.001563 0.012037
0 0.500521 0.095833 0.001042 0.010185
0 0.580990 0.361574 0.005729 0.032407
0 0.458594 0.274537 0.003646 0.025000
0 0.535937 0.089352 0.001042 0.010185
0 0.747656 0.136574 0.003646 0.013889
0 0.946615 0.126389 0.004688 0.013889
0 0.941667 0.140278 0.006250 0.013889
0 0.469271 0.226389 0.003125 0.021296
0 0.374219 0.717593 0.013021 0.055556
0 0.533333 0.080093 0.001042 0.008333
0 0.991667 0.139815 0.006250 0.014815
0 0.996354 0.215741 0.007292 0.020370
0 0.517969 0.137500 0.001563 0.010185
0 0.500000 0.129167 0.002083 0.008333
0 0.575781 0.408796 0.006771 0.036111
1 0.789323 0.614815 0.078646 0.120370
1 0.757031 0.375926 0.031771 0.033333
4 0.973958 0.155556 0.052083 0.066667