1 0.797135 0.448611 0.040104 0.039815
1 0.886458 0.837037 0.128125 0.192593
4 0.982031 0.166204 0.035937 0.073148
6 0.548698 0.075926 0.000521 0.005556
6 0.549479 0.077778 0.001042 0.005556
6 0.549479 0.078704 0.001042 0.005556
6 0.548437 0.075463 0.001042 0.006481
6 0.547917 0.074537 0.001042 0.006481
6 0.548958 0.077315 0.001042 0.006481
8 0.966927 0.261111 0.020312 0.024074
7 0.624740 0.140278 0.009896 0.012037
8 0.505729 0.087963 0.001042 0.009259
8 0.664323 0.135648 0.007812 0.012037
7 0.505469 0.094907 0.002604 0.010185
2 0.516406 0.087037 0.008854 0.027778
1 0.526302 0.439352 0.022396 0.060185
7 0.644271 0.139815 0.010417 0.012963
1 0.712760 0.136111 0.017188 0.012963
1 0.580469 0.139352 0.020312 0.013889
8 0.592188 0.134259 0.007292 0.012963
0 0.634375 0.273148 0.005208 0.025926
0 0.523958 0.078241 0.001042 0.008333
0 0.668490 0.141667 0.002604 0.014815
0 0.544792 0.124074 0.002083 0.012963
0 0.566667 0.313889 0.005208 0.018519
0 0.571615 0.148148 0.002604 0.009259
0 0.534896 0.121296 0.002083 0.012963
0 0.543490 0.088889 0.001563 0.009259
0 0.660417 0.142130 0.003125 0.013889
0 0.525521 0.107407 0.001042 0.011111
0 0.494271 0.082407 0.001042 0.009259
0 0.547135 0.086111 0.001563 0.005556
0 0.527083 0.093056 0.001042 0.010185
0 0.625781 0.275463 0.004688 0.017593
0 0.726042 0.235648 0.005208 0.015741
0 0.525781 0.110185 0.001563 0.011111
0 0.661719 0.128241 0.002604 0.013889
0 0.561979 0.127315 0.002083 0.008333
0 0.531250 0.102778 0.001042 0.011111
0 0.622656 0.262500 0.004688 0.025000
0 0.535677 0.117130 0.001563 0.012037
0 0.491146 0.101389 0.001042 0.010185
0 0.586719 0.425000 0.006771 0.037037
0 0.444792 0.312500 0.004167 0.028704
0 0.529167 0.093056 0.002083 0.010185
0 0.757031 0.146296 0.003646 0.014815
0 0.959896 0.149074 0.006250 0.014815
0 0.457292 0.251852 0.003125 0.024074
0 0.525521 0.084259 0.001042 0.009259
0 0.702344 0.149074 0.003646 0.009259
0 0.511979 0.147685 0.002083 0.010185
0 0.490625 0.139352 0.002083 0.008333
0 0.585938 0.505093 0.008333 0.043519
1 0.886458 0.837037 0.128125 0.192593
1 0.797135 0.448611 0.040104 0.039815
4 0.982031 0.166204 0.035937 0.073148