1 0.808073 0.468056 0.042188 0.041667
1 0.917708 0.898611 0.145833 0.202778
4 0.984115 0.168981 0.031771 0.075000
6 0.547396 0.076852 0.001042 0.005556
6 0.547917 0.078704 0.001042 0.005556
6 0.548437 0.079630 0.001042 0.005556
6 0.546875 0.075926 0.001042 0.005556
6 0.546615 0.075000 0.000521 0.005556
6 0.547917 0.078241 0.001042 0.006481
7 0.625521 0.142130 0.010417 0.012037
8 0.504167 0.089352 0.001042 0.010185
8 0.663542 0.137500 0.007292 0.012037
7 0.503646 0.095833 0.002083 0.010185
2 0.514844 0.087963 0.008854 0.027778
1 0.525781 0.454167 0.023438 0.063889
7 0.645052 0.141667 0.010937 0.012963
8 0.481771 0.068056 0.003125 0.006481
1 0.712500 0.137963 0.017708 0.012963
1 0.580729 0.141667 0.020833 0.012963
8 0.591927 0.136574 0.007812 0.013889
0 0.635156 0.280556 0.005729 0.025926
0 0.522396 0.078704 0.001042 0.009259
0 0.669531 0.143519 0.002604 0.014815
0 0.544010 0.125926 0.001563 0.012963
0 0.567187 0.323148 0.005208 0.018519
0 0.571094 0.150926 0.002604 0.009259
0 0.533854 0.123148 0.002083 0.012963
0 0.542188 0.089815 0.001042 0.009259
0 0.869010 0.281944 0.009896 0.026852
0 0.661198 0.144444 0.002604 0.014815
0 0.523958 0.108796 0.001042 0.012037
0 0.492708 0.083333 0.001042 0.009259
0 0.545833 0.087037 0.001042 0.005556
0 0.525521 0.093981 0.001042 0.010185
0 0.626823 0.282407 0.004688 0.018519
0 0.728385 0.240741 0.004688 0.016667
0 0.524219 0.111574 0.001563 0.012037
0 0.661719 0.130093 0.002604 0.013889
0 0.561458 0.129167 0.002083 0.008333
0 0.529948 0.104630 0.001563 0.011111
0 0.623177 0.268981 0.004688 0.025000
0 0.534115 0.118056 0.001563 0.012037
0 0.489583 0.102778 0.001042 0.011111
0 0.588802 0.442130 0.006771 0.037963
0 0.441667 0.322222 0.004167 0.029630
0 0.527865 0.094444 0.001563 0.011111
0 0.759375 0.148148 0.004167 0.014815
0 0.454948 0.258333 0.003646 0.024074
0 0.523958 0.085185 0.001042 0.009259
0 0.704167 0.150926 0.004167 0.009259
0 0.510677 0.150000 0.001563 0.011111
0 0.488542 0.141667 0.002083 0.009259
0 0.589323 0.531482 0.008854 0.044444
1 0.917708 0.898611 0.145833 0.202778
1 0.808073 0.468056 0.042188 0.041667
4 0.984115 0.168981 0.031771 0.075000