1 0.814323 0.477778 0.043229 0.042593
1 0.928385 0.913426 0.143229 0.173148
4 0.985417 0.170370 0.029167 0.075926
6 0.547396 0.077315 0.001042 0.006481
6 0.547917 0.079167 0.001042 0.006481
6 0.548437 0.080093 0.001042 0.006481
6 0.546875 0.076389 0.001042 0.006481
6 0.546354 0.075463 0.001042 0.006481
6 0.547917 0.078241 0.001042 0.006481
8 0.981771 0.270370 0.021875 0.024074
7 0.626562 0.143056 0.010417 0.012037
8 0.504167 0.089352 0.001042 0.010185
8 0.663542 0.138426 0.007292 0.012037
7 0.503646 0.096759 0.002083 0.010185
2 0.960677 0.063426 0.025521 0.021296
2 0.514844 0.088889 0.008854 0.027778
1 0.526042 0.461111 0.023958 0.064815
7 0.646094 0.142593 0.010937 0.012963
8 0.481771 0.068519 0.003125 0.007407
1 0.712500 0.138889 0.017708 0.012963
1 0.581510 0.142593 0.021354 0.012963
8 0.591927 0.137500 0.007812 0.013889
0 0.636198 0.284259 0.005729 0.025926
0 0.522396 0.079167 0.001042 0.008333
0 0.670833 0.144444 0.003125 0.014815
0 0.544271 0.126389 0.002083 0.013889
0 0.567969 0.327315 0.005729 0.019444
0 0.571615 0.151852 0.002604 0.009259
0 0.533854 0.124074 0.002083 0.012963
0 0.542188 0.090278 0.001042 0.010185
0 0.873698 0.285648 0.009896 0.026852
0 0.662240 0.145370 0.002604 0.014815
0 0.523958 0.109259 0.001042 0.011111
0 0.492448 0.084259 0.001563 0.009259
0 0.545833 0.087963 0.001042 0.005556
0 0.525521 0.093981 0.001042 0.010185
0 0.627865 0.286574 0.004688 0.019444
0 0.847396 0.154630 0.005208 0.009259
0 0.730208 0.243519 0.005208 0.016667
0 0.524219 0.112037 0.001563 0.011111
0 0.662500 0.131019 0.003125 0.013889
0 0.561979 0.130093 0.002083 0.008333
0 0.529948 0.104630 0.001563 0.011111
0 0.624219 0.272685 0.004688 0.025000
0 0.534115 0.118981 0.001563 0.012037
0 0.489062 0.103704 0.001042 0.011111
0 0.590104 0.450000 0.007292 0.038889
0 0.440625 0.326852 0.004167 0.029630
0 0.527865 0.094907 0.001563 0.010185
0 0.761458 0.149074 0.004167 0.014815
0 0.454167 0.261574 0.003125 0.025000
0 0.523958 0.085185 0.001042 0.009259
0 0.705469 0.151852 0.003646 0.009259
0 0.510938 0.151389 0.002083 0.010185
0 0.488281 0.142593 0.002604 0.009259
0 0.591146 0.544907 0.009375 0.045370
1 0.928385 0.913426 0.143229 0.173148
1 0.814323 0.477778 0.043229 0.042593
4 0.985417 0.170370 0.029167 0.075926