1 0.877604 0.576852 0.055208 0.053704
6 0.548958 0.080093 0.001042 0.006481
6 0.549479 0.081944 0.001042 0.006481
6 0.550000 0.082870 0.001042 0.006481
6 0.548437 0.079167 0.001042 0.006481
6 0.547917 0.078241 0.001042 0.006481
6 0.549479 0.081019 0.001042 0.006481
7 0.636198 0.151852 0.010937 0.012963
8 0.504167 0.094444 0.001042 0.011111
8 0.666146 0.146759 0.008333 0.013889
7 0.503646 0.102315 0.002083 0.010185
2 0.515365 0.092593 0.009896 0.029630
1 0.530208 0.525000 0.027083 0.077778
7 0.654688 0.151389 0.011458 0.013889
8 0.484635 0.070833 0.003646 0.006481
1 0.717188 0.147685 0.018750 0.013889
1 0.590104 0.151389 0.022917 0.013889
8 0.596875 0.145833 0.008333 0.013889
0 0.647135 0.318519 0.006771 0.029630
0 0.522917 0.082407 0.001042 0.009259
0 0.683333 0.154167 0.003125 0.015741
0 0.548177 0.133796 0.001563 0.013889
0 0.576042 0.368056 0.006250 0.021296
0 0.578125 0.161574 0.003125 0.010185
0 0.535937 0.131019 0.002083 0.013889
0 0.543750 0.093981 0.001042 0.010185
0 0.673437 0.155093 0.003125 0.015741
0 0.525000 0.114352 0.001042 0.012037
0 0.492448 0.087500 0.001563 0.010185
0 0.547656 0.091204 0.001563 0.006481
0 0.526563 0.098148 0.001042 0.011111
0 0.638021 0.320370 0.005208 0.020370
0 0.865104 0.164352 0.005208 0.010185
0 0.747656 0.267130 0.005729 0.017593
0 0.525260 0.117130 0.001563 0.012037
0 0.668750 0.138426 0.003125 0.013889
0 0.566667 0.137500 0.002083 0.008333
0 0.531250 0.110185 0.001042 0.011111
0 0.994531 0.320370 0.010937 0.029630
0 0.633594 0.303704 0.005729 0.027778
0 0.535937 0.125000 0.002083 0.012963
0 0.488542 0.108333 0.001042 0.011111
0 0.605990 0.530556 0.008854 0.044444
0 0.433333 0.368981 0.005208 0.032407
0 0.529948 0.099074 0.001563 0.011111
0 0.779948 0.158796 0.004688 0.015741
0 0.984896 0.142593 0.006250 0.014815
0 0.449740 0.288426 0.003646 0.026852
0 0.524479 0.089352 0.001042 0.010185
0 0.720312 0.162037 0.004167 0.009259
0 0.513021 0.161111 0.002083 0.011111
0 0.487240 0.151852 0.002604 0.009259
0 0.614583 0.687037 0.012500 0.053704
1 0.877604 0.576852 0.055208 0.053704