1 0.869792 0.564352 0.054167 0.052778
6 0.548958 0.079630 0.001042 0.005556
6 0.549479 0.081481 0.001042 0.005556
6 0.550000 0.082870 0.001042 0.006481
6 0.548437 0.078704 0.001042 0.005556
6 0.547917 0.077778 0.001042 0.005556
6 0.549479 0.081019 0.001042 0.006481
7 0.635677 0.150926 0.010937 0.012963
8 0.504427 0.093981 0.000521 0.010185
8 0.666146 0.146296 0.008333 0.012963
7 0.503906 0.101389 0.002604 0.010185
2 0.515625 0.092130 0.009375 0.028704
1 0.529948 0.517593 0.026563 0.075926
7 0.653906 0.150463 0.011979 0.013889
8 0.484375 0.070833 0.003125 0.006481
1 0.717188 0.146759 0.018750 0.013889
1 0.589323 0.150463 0.022396 0.013889
8 0.596875 0.144907 0.008333 0.013889
0 0.646094 0.314352 0.005729 0.028704
0 0.523438 0.082407 0.001042 0.009259
0 0.682292 0.153241 0.003125 0.015741
0 0.547917 0.132870 0.002083 0.013889
0 0.575260 0.362963 0.005729 0.020370
0 0.577604 0.160185 0.003125 0.009259
0 0.535937 0.130556 0.002083 0.012963
0 0.543750 0.093981 0.001042 0.010185
0 0.916927 0.315741 0.011979 0.029630
0 0.672396 0.153241 0.003125 0.015741
0 0.525260 0.114352 0.001563 0.012037
0 0.492708 0.087037 0.001042 0.009259
0 0.547656 0.090741 0.001563 0.005556
0 0.526563 0.097685 0.001042 0.010185
0 0.636979 0.316667 0.005208 0.020370
0 0.863542 0.163426 0.005208 0.010185
0 0.745573 0.264352 0.005729 0.017593
0 0.525521 0.116667 0.001042 0.012963
0 0.668229 0.137500 0.003125 0.013889
0 0.566406 0.136574 0.002604 0.008333
0 0.531250 0.109722 0.001042 0.012037
0 0.990104 0.316204 0.013542 0.028704
0 0.632812 0.300000 0.006250 0.027778
0 0.536198 0.124074 0.001563 0.012963
0 0.489062 0.107870 0.001042 0.012037
0 0.603906 0.520833 0.008854 0.043519
0 0.434375 0.363426 0.005208 0.032407
0 0.529948 0.098611 0.001563 0.010185
0 0.778385 0.157870 0.004688 0.015741
0 0.450521 0.285185 0.004167 0.025926
0 0.524740 0.088889 0.001563 0.009259
0 0.718750 0.161111 0.004167 0.009259
0 0.513021 0.160185 0.002083 0.011111
0 0.487500 0.150926 0.002083 0.009259
0 0.611458 0.668056 0.011458 0.052778
1 0.869792 0.564352 0.054167 0.052778