1 0.883333 0.588426 0.057292 0.054630
6 0.546875 0.080093 0.001042 0.006481
6 0.547396 0.081944 0.001042 0.006481
6 0.547917 0.082870 0.001042 0.006481
6 0.546354 0.079167 0.001042 0.006481
6 0.545833 0.078241 0.001042 0.006481
6 0.546875 0.081944 0.001042 0.006481
7 0.634635 0.152778 0.010937 0.012963
8 0.501823 0.094907 0.000521 0.010185
8 0.663802 0.147685 0.007812 0.013889
7 0.501302 0.102778 0.002604 0.011111
2 0.513021 0.093056 0.009375 0.028704
1 0.528906 0.533333 0.027604 0.079630
7 0.653385 0.152315 0.011979 0.013889
8 0.482552 0.071296 0.003646 0.007407
1 0.715104 0.147685 0.018750 0.013889
1 0.588802 0.151852 0.022396 0.014815
8 0.595312 0.146759 0.008333 0.013889
0 0.646354 0.322222 0.006250 0.029630
0 0.520833 0.082407 0.001042 0.009259
0 0.682292 0.155093 0.003125 0.015741
0 0.546354 0.134722 0.002083 0.013889
0 0.575000 0.372685 0.006250 0.021296
0 0.576563 0.162500 0.003125 0.010185
0 0.533854 0.131944 0.002083 0.013889
0 0.541667 0.094907 0.001042 0.010185
0 0.671875 0.155556 0.003125 0.016667
0 0.522656 0.115278 0.001563 0.012037
0 0.490104 0.087963 0.001042 0.009259
0 0.545313 0.091667 0.001042 0.005556
0 0.958854 0.155093 0.006250 0.015741
0 0.524219 0.098611 0.001563 0.010185
0 0.637240 0.324537 0.005729 0.021296
0 0.864062 0.165278 0.005208 0.010185
0 0.747135 0.269907 0.005729 0.017593
0 0.523177 0.118056 0.001563 0.012037
0 0.666927 0.138889 0.002604 0.014815
0 0.565104 0.137963 0.002083 0.009259
0 0.528906 0.110648 0.001563 0.012037
0 0.996094 0.323148 0.007812 0.029630
0 0.632292 0.306944 0.006250 0.028704
0 0.533594 0.125000 0.001563 0.012963
0 0.486198 0.109259 0.001563 0.011111
0 0.605990 0.540741 0.008854 0.044444
0 0.430208 0.374074 0.005208 0.033333
0 0.527865 0.099537 0.001563 0.010185
0 0.779427 0.159722 0.004688 0.015741
0 0.983854 0.143519 0.006250 0.014815
0 0.446875 0.292130 0.004167 0.026852
0 0.522396 0.089815 0.001042 0.009259
0 0.719271 0.162963 0.004167 0.009259
0 0.510938 0.162037 0.002083 0.011111
0 0.484635 0.153241 0.002604 0.010185
0 0.616146 0.707407 0.012500 0.055556
1 0.883333 0.588426 0.057292 0.054630