1 0.846354 0.528704 0.048958 0.048148
4 0.992708 0.177315 0.014583 0.080556
6 0.547396 0.078704 0.001042 0.005556
6 0.548437 0.080556 0.001042 0.005556
6 0.548437 0.081944 0.001042 0.006481
6 0.546875 0.077778 0.001042 0.005556
6 0.546875 0.076852 0.001042 0.005556
6 0.547917 0.080093 0.001042 0.006481
7 0.631771 0.147685 0.010417 0.012037
8 0.503646 0.092130 0.001042 0.010185
8 0.664323 0.143056 0.007812 0.012037
7 0.503125 0.099537 0.002083 0.010185
2 0.514583 0.091204 0.009375 0.028704
1 0.527865 0.495833 0.025521 0.071296
7 0.650000 0.147222 0.011458 0.012963
8 0.482812 0.069907 0.003125 0.006481
1 0.714583 0.143519 0.018750 0.012963
1 0.585417 0.147222 0.021875 0.014815
8 0.594271 0.142130 0.008333 0.013889
0 0.641406 0.302778 0.005729 0.027778
0 0.521875 0.081019 0.001042 0.008333
0 0.677083 0.150000 0.003125 0.014815
0 0.545833 0.130556 0.002083 0.012963
0 0.571615 0.349074 0.005729 0.020370
0 0.574740 0.156944 0.002604 0.010185
0 0.534375 0.127778 0.002083 0.012963
0 0.991927 0.153241 0.006771 0.015741
0 0.542448 0.092130 0.001563 0.010185
0 0.667708 0.150463 0.003125 0.015741
0 0.523958 0.112500 0.001042 0.012037
0 0.491667 0.086111 0.001042 0.009259
0 0.546094 0.089815 0.001563 0.005556
0 0.525521 0.096296 0.001042 0.011111
0 0.632812 0.304630 0.005208 0.020370
0 0.856250 0.159722 0.005208 0.010185
0 0.738802 0.256019 0.005729 0.017593
0 0.524219 0.114815 0.001563 0.012963
0 0.665365 0.134722 0.002604 0.013889
0 0.564062 0.133796 0.002083 0.008333
0 0.529948 0.107870 0.001563 0.012037
0 0.629167 0.289352 0.005208 0.026852
0 0.534635 0.122222 0.001563 0.012963
0 0.488281 0.106481 0.001563 0.011111
0 0.597917 0.492130 0.008333 0.041667
0 0.436198 0.349074 0.004688 0.031481
0 0.528385 0.097222 0.001563 0.011111
0 0.770833 0.154167 0.004167 0.015741
0 0.973698 0.139352 0.005729 0.013889
0 0.983333 0.157407 0.007292 0.016667
0 0.451302 0.275926 0.003646 0.025926
0 0.523438 0.087500 0.001042 0.010185
0 0.713021 0.157407 0.004167 0.009259
0 0.511458 0.156481 0.002083 0.011111
0 0.486979 0.148148 0.002083 0.009259
0 0.602604 0.616667 0.010417 0.050000
1 0.846354 0.528704 0.048958 0.048148
4 0.992708 0.177315 0.014583 0.080556