1 0.853385 0.539815 0.050521 0.050000
4 0.994271 0.178704 0.011458 0.081481
6 0.547396 0.079167 0.001042 0.006481
6 0.548437 0.081019 0.001042 0.006481
6 0.548437 0.081944 0.001042 0.006481
6 0.547396 0.078241 0.001042 0.006481
6 0.546875 0.077315 0.001042 0.006481
6 0.547917 0.080093 0.001042 0.006481
7 0.632812 0.149074 0.010417 0.012963
8 0.503646 0.093056 0.001042 0.010185
8 0.664323 0.143981 0.007812 0.012037
7 0.502865 0.100463 0.002604 0.010185
2 0.514583 0.091204 0.009375 0.028704
1 0.528125 0.502778 0.026042 0.072222
7 0.651042 0.148148 0.011458 0.012963
8 0.482812 0.069907 0.003125 0.006481
1 0.714844 0.144444 0.018229 0.012963
1 0.586458 0.148148 0.021875 0.014815
8 0.594792 0.143056 0.008333 0.013889
0 0.642708 0.306481 0.006250 0.027778
0 0.521875 0.081481 0.001042 0.009259
0 0.678125 0.150926 0.003125 0.014815
0 0.546094 0.131019 0.001563 0.013889
0 0.572656 0.353704 0.005729 0.020370
0 0.575260 0.158333 0.002604 0.009259
0 0.534635 0.128704 0.001563 0.012963
0 0.995052 0.154167 0.006771 0.015741
0 0.542448 0.093056 0.001563 0.010185
0 0.668750 0.151389 0.003125 0.015741
0 0.523958 0.112500 0.001042 0.012037
0 0.491667 0.086111 0.001042 0.009259
0 0.546094 0.089815 0.001563 0.005556
0 0.950521 0.151389 0.006250 0.015741
0 0.525521 0.096759 0.001042 0.010185
0 0.633854 0.308333 0.005208 0.020370
0 0.858333 0.160648 0.005208 0.010185
0 0.740885 0.258796 0.005729 0.017593
0 0.524219 0.115278 0.001563 0.012037
0 0.665885 0.135648 0.002604 0.013889
0 0.564323 0.134722 0.002604 0.008333
0 0.529948 0.108333 0.001563 0.011111
0 0.975781 0.307870 0.013021 0.028704
0 0.629948 0.292593 0.005729 0.027778
0 0.534635 0.123148 0.001563 0.012963
0 0.488021 0.106944 0.001042 0.012037
0 0.599479 0.501389 0.008333 0.041667
0 0.435417 0.354167 0.005208 0.032407
0 0.528385 0.097685 0.001563 0.010185
0 0.772917 0.155093 0.004167 0.015741
0 0.976042 0.139815 0.006250 0.014815
0 0.986458 0.158333 0.007292 0.016667
0 0.450521 0.279167 0.004167 0.026852
0 0.523438 0.087963 0.001042 0.009259
0 0.714583 0.158796 0.004167 0.010185
0 0.511458 0.157407 0.002083 0.011111
0 0.486719 0.149074 0.002604 0.009259
0 0.604948 0.632870 0.010937 0.050926
1 0.853385 0.539815 0.050521 0.050000
4 0.994271 0.178704 0.011458 0.081481