1 0.861198 0.551389 0.052604 0.050926
4 0.996094 0.180093 0.007812 0.082407
6 0.547917 0.079167 0.001042 0.006481
6 0.548958 0.081019 0.001042 0.006481
6 0.548958 0.081944 0.001042 0.006481
6 0.547396 0.078704 0.001042 0.005556
6 0.547396 0.077778 0.001042 0.005556
6 0.548437 0.080556 0.001042 0.005556
7 0.634115 0.150000 0.010937 0.012963
8 0.503646 0.093056 0.001042 0.010185
8 0.665104 0.145370 0.008333 0.012963
7 0.503125 0.100926 0.002083 0.011111
2 0.514844 0.091667 0.009896 0.029630
1 0.528906 0.510185 0.026563 0.074074
7 0.652083 0.149074 0.011458 0.012963
8 0.483594 0.070370 0.003646 0.007407
1 0.715625 0.145370 0.018750 0.012963
1 0.587760 0.149074 0.022396 0.014815
8 0.595573 0.143981 0.007812 0.013889
0 0.644271 0.310648 0.006250 0.028704
0 0.522396 0.081481 0.001042 0.009259
0 0.679688 0.151852 0.003125 0.014815
0 0.546875 0.131944 0.002083 0.013889
0 0.573698 0.358333 0.005729 0.020370
0 0.576302 0.159259 0.002604 0.009259
0 0.535417 0.129630 0.002083 0.012963
0 0.997396 0.155093 0.005208 0.015741
0 0.542969 0.093056 0.001563 0.010185
0 0.670313 0.152315 0.003125 0.015741
0 0.524219 0.113426 0.001563 0.012037
0 0.491927 0.086574 0.001563 0.010185
0 0.546615 0.090741 0.001563 0.005556
0 0.953646 0.152315 0.006250 0.015741
0 0.526042 0.097222 0.001042 0.011111
0 0.635417 0.312037 0.005208 0.020370
0 0.860417 0.162037 0.005208 0.009259
0 0.742969 0.261574 0.005729 0.017593
0 0.524740 0.116204 0.001563 0.012037
0 0.666667 0.136574 0.003125 0.013889
0 0.565104 0.135648 0.002083 0.008333
0 0.530469 0.108796 0.001563 0.012037
0 0.982552 0.312037 0.013021 0.029630
0 0.631250 0.296296 0.006250 0.027778
0 0.535156 0.123148 0.001563 0.012963
0 0.488281 0.107407 0.001563 0.011111
0 0.601562 0.510648 0.008333 0.043519
0 0.434896 0.358796 0.005208 0.032407
0 0.528906 0.098148 0.001563 0.011111
0 0.775260 0.156944 0.004688 0.015741
0 0.979167 0.140741 0.006250 0.014815
0 0.450260 0.281944 0.003646 0.026852
0 0.523958 0.088426 0.001042 0.010185
0 0.716667 0.159722 0.004167 0.010185
0 0.511979 0.158796 0.002083 0.012037
0 0.486979 0.150000 0.002083 0.009259
0 0.608073 0.650000 0.010937 0.051852
1 0.861198 0.551389 0.052604 0.050926
4 0.996094 0.180093 0.007812 0.082407