1 0.928906 0.667593 0.067188 0.062963
6 0.541667 0.081944 0.001042 0.006481
6 0.542188 0.083796 0.001042 0.006481
6 0.542708 0.084722 0.001042 0.006481
6 0.541146 0.081019 0.001042 0.006481
6 0.540625 0.080093 0.001042 0.006481
6 0.542188 0.083796 0.001042 0.006481
7 0.633073 0.157870 0.010937 0.013889
8 0.495833 0.098148 0.001042 0.011111
8 0.659375 0.152315 0.008333 0.013889
7 0.495313 0.106481 0.002083 0.011111
2 0.507292 0.095370 0.009375 0.029630
1 0.526823 0.583333 0.030729 0.088889
7 0.653906 0.157407 0.011979 0.014815
8 0.477865 0.072685 0.003646 0.006481
1 0.711719 0.152778 0.019271 0.014815
1 0.588281 0.157870 0.023438 0.015741
8 0.592448 0.151852 0.008854 0.014815
0 0.648698 0.346296 0.006771 0.031481
0 0.515104 0.085185 0.001042 0.009259
0 0.683854 0.160648 0.003125 0.015741
0 0.542969 0.138889 0.001563 0.014815
0 0.575260 0.402315 0.006771 0.023148
0 0.574740 0.168981 0.002604 0.010185
0 0.529167 0.136574 0.002083 0.013889
0 0.536458 0.097222 0.001042 0.011111
0 0.950781 0.344907 0.014062 0.030556
0 0.672917 0.161111 0.003125 0.016667
0 0.517448 0.118056 0.001563 0.012037
0 0.483854 0.090278 0.001042 0.010185
0 0.540365 0.093981 0.001563 0.006481
0 0.964323 0.159259 0.006771 0.016667
0 0.518750 0.100926 0.001042 0.011111
0 0.638802 0.348148 0.005729 0.022222
0 0.867448 0.169907 0.005729 0.010185
0 0.752604 0.285648 0.006250 0.019444
0 0.517969 0.121296 0.001563 0.012963
0 0.664583 0.143519 0.003125 0.014815
0 0.561979 0.142593 0.002083 0.009259
0 0.523698 0.114352 0.001563 0.012037
0 0.632552 0.329630 0.006771 0.029630
0 0.528906 0.129167 0.001563 0.013889
0 0.479948 0.112500 0.001563 0.012037
0 0.613021 0.604630 0.010417 0.048148
0 0.419271 0.406944 0.006250 0.036111
0 0.523177 0.101852 0.001563 0.011111
0 0.784375 0.164815 0.005208 0.016667
0 0.988542 0.146759 0.006250 0.015741
0 0.438021 0.311574 0.004167 0.028704
0 0.516667 0.092130 0.001042 0.010185
0 0.722135 0.168981 0.004688 0.010185
0 0.506250 0.168981 0.002083 0.012037
0 0.477865 0.159722 0.002604 0.010185
0 0.632812 0.839815 0.015625 0.061111
1 0.928906 0.667593 0.067188 0.062963