1 0.964844 0.730556 0.070312 0.070370
6 0.541667 0.082870 0.001042 0.006481
6 0.542188 0.084722 0.001042 0.006481
6 0.542708 0.086574 0.001042 0.006481
6 0.541146 0.081944 0.001042 0.006481
6 0.540625 0.081019 0.001042 0.006481
6 0.541667 0.084722 0.001042 0.006481
7 0.635938 0.161574 0.011458 0.013889
8 0.495313 0.100000 0.001042 0.011111
8 0.659896 0.156019 0.008333 0.013889
7 0.494531 0.108333 0.002604 0.011111
2 0.507031 0.096759 0.009896 0.030556
1 0.528125 0.618981 0.032292 0.097222
7 0.658333 0.161111 0.012500 0.014815
8 0.478385 0.073611 0.003646 0.006481
1 0.713542 0.156481 0.019792 0.014815
1 0.590885 0.161574 0.024479 0.015741
8 0.594010 0.154630 0.008854 0.014815
0 0.653646 0.363426 0.007292 0.032407
0 0.514583 0.086111 0.001042 0.009259
0 0.688281 0.164815 0.003646 0.016667
0 0.543750 0.141667 0.002083 0.014815
0 0.578646 0.423148 0.007292 0.024074
0 0.576563 0.172685 0.003125 0.010185
0 0.529167 0.139815 0.002083 0.014815
0 0.536458 0.098611 0.001042 0.010185
0 0.676823 0.164815 0.003646 0.016667
0 0.516927 0.120370 0.001563 0.012963
0 0.483333 0.091667 0.001042 0.009259
0 0.540365 0.095370 0.001563 0.005556
0 0.973177 0.162963 0.006771 0.016667
0 0.518490 0.102778 0.001563 0.011111
0 0.643229 0.365278 0.006250 0.023148
0 0.874219 0.174537 0.005729 0.010185
0 0.760156 0.296759 0.006771 0.019444
0 0.517448 0.123148 0.001563 0.012963
0 0.666667 0.146296 0.003125 0.014815
0 0.563542 0.145370 0.002083 0.009259
0 0.523698 0.116204 0.001563 0.012037
0 0.635677 0.345370 0.006771 0.031481
0 0.528906 0.131481 0.001563 0.012963
0 0.478906 0.114352 0.001563 0.012037
0 0.621615 0.652778 0.011979 0.051852
0 0.414323 0.428704 0.006771 0.037037
0 0.523177 0.103704 0.001563 0.011111
0 0.791406 0.169444 0.004688 0.016667
0 0.996875 0.149537 0.006250 0.015741
0 0.435156 0.325000 0.004688 0.029630
0 0.516146 0.093519 0.001042 0.009259
0 0.727604 0.172685 0.004167 0.010185
0 0.506510 0.172685 0.002604 0.012037
0 0.476823 0.163426 0.002604 0.010185
0 0.650000 0.948611 0.018750 0.065741
1 0.964844 0.730556 0.070312 0.070370