1 0.916146 0.647685 0.064583 0.060185
6 0.540885 0.081944 0.001563 0.006481
6 0.541667 0.083796 0.001042 0.006481
6 0.542188 0.084722 0.001042 0.006481
6 0.540365 0.081019 0.000521 0.006481
6 0.540104 0.079630 0.001042 0.005556
6 0.541146 0.082870 0.001042 0.006481
7 0.631771 0.156481 0.011458 0.012963
8 0.495313 0.097222 0.001042 0.011111
8 0.658594 0.151389 0.007812 0.013889
7 0.495052 0.105556 0.002604 0.011111
2 0.506771 0.094907 0.009375 0.030556
1 0.526042 0.571296 0.030208 0.087037
7 0.652083 0.156019 0.012500 0.013889
8 0.477083 0.072222 0.003125 0.007407
1 0.710677 0.151389 0.019271 0.013889
1 0.586719 0.156481 0.023438 0.014815
8 0.591406 0.150463 0.008854 0.013889
0 0.646615 0.340741 0.006771 0.031481
0 0.514583 0.084259 0.001042 0.009259
0 0.681510 0.159259 0.003646 0.016667
0 0.541927 0.137963 0.001563 0.014815
0 0.573698 0.395370 0.006771 0.022222
0 0.573438 0.167130 0.003125 0.010185
0 0.528385 0.135648 0.001563 0.013889
0 0.535937 0.096759 0.001042 0.010185
0 0.942708 0.339352 0.013542 0.030556
0 0.670833 0.159722 0.003125 0.015741
0 0.516927 0.117593 0.001563 0.012963
0 0.483594 0.089815 0.001563 0.009259
0 0.539844 0.093519 0.001563 0.005556
0 0.960156 0.157870 0.006771 0.015741
0 0.518229 0.100463 0.001042 0.010185
0 0.636719 0.342593 0.005729 0.022222
0 0.864323 0.168981 0.005729 0.010185
0 0.749479 0.281481 0.006250 0.018519
0 0.517448 0.120370 0.001563 0.012963
0 0.663281 0.142130 0.002604 0.013889
0 0.560938 0.141204 0.002083 0.008333
0 0.523177 0.113426 0.001563 0.012037
0 0.630729 0.324074 0.006250 0.029630
0 0.528385 0.128241 0.001563 0.013889
0 0.479427 0.111574 0.001563 0.012037
0 0.610156 0.589815 0.009896 0.048148
0 0.420052 0.400000 0.005729 0.035185
0 0.522135 0.101389 0.001563 0.010185
0 0.781250 0.163889 0.005208 0.016667
0 0.984896 0.145370 0.006250 0.014815
0 0.438542 0.307407 0.004167 0.027778
0 0.516146 0.091204 0.001042 0.010185
0 0.719792 0.167130 0.004167 0.010185
0 0.505729 0.167130 0.002083 0.012037
0 0.477865 0.158333 0.002604 0.009259
0 0.627604 0.806944 0.014583 0.060185
1 0.916146 0.647685 0.064583 0.060185