1 0.983594 0.798148 0.032812 0.077778
6 0.541146 0.084259 0.001042 0.005556
6 0.542188 0.086574 0.001042 0.006481
6 0.542448 0.087500 0.001563 0.006481
6 0.540625 0.082870 0.001042 0.006481
6 0.540104 0.081944 0.001042 0.006481
6 0.541667 0.085648 0.001042 0.006481
7 0.639323 0.165278 0.011979 0.013889
8 0.494531 0.101852 0.001563 0.011111
8 0.660156 0.159259 0.008854 0.014815
7 0.494010 0.110648 0.002604 0.012037
2 0.506510 0.098148 0.009896 0.031481
1 0.529427 0.654167 0.034896 0.106481
7 0.662500 0.164815 0.012500 0.014815
8 0.478385 0.074074 0.003646 0.007407
1 0.714323 0.159259 0.020312 0.014815
1 0.593490 0.164815 0.024479 0.016667
8 0.595052 0.158333 0.008854 0.014815
0 0.658073 0.380093 0.007812 0.034259
0 0.514583 0.087037 0.001042 0.009259
0 0.692448 0.168056 0.003646 0.017593
0 0.544792 0.144444 0.002083 0.014815
0 0.582031 0.443981 0.007812 0.025000
0 0.578646 0.176852 0.003125 0.011111
0 0.529688 0.142593 0.002083 0.014815
0 0.536458 0.100463 0.001042 0.010185
0 0.993750 0.377778 0.012500 0.033333
0 0.680469 0.168981 0.003646 0.017593
0 0.516667 0.122222 0.001042 0.012963
0 0.482552 0.093056 0.001563 0.010185
0 0.540365 0.096759 0.001563 0.006481
0 0.981250 0.166667 0.007292 0.016667
0 0.517969 0.104630 0.001563 0.011111
0 0.647656 0.382407 0.006771 0.024074
0 0.880469 0.178241 0.005729 0.010185
0 0.767187 0.307870 0.007292 0.019444
0 0.517448 0.125000 0.001563 0.012963
0 0.668229 0.149074 0.003125 0.014815
0 0.564583 0.148148 0.002083 0.009259
0 0.523177 0.118519 0.001563 0.012963
0 0.638802 0.360648 0.006771 0.032407
0 0.528906 0.133796 0.001563 0.013889
0 0.478125 0.117130 0.001042 0.012037
0 0.630469 0.703241 0.013021 0.054630
0 0.409375 0.450926 0.007292 0.038889
0 0.523177 0.105556 0.001563 0.011111
0 0.712240 0.075463 0.001563 0.008333
0 0.797917 0.172685 0.005208 0.017593
0 0.432031 0.337500 0.004688 0.030556
0 0.515885 0.094907 0.001563 0.010185
0 0.732552 0.176389 0.004688 0.010185
0 0.506771 0.176852 0.002083 0.012963
0 0.475781 0.167130 0.002604 0.010185
1 0.983594 0.798148 0.032812 0.077778