1 0.904167 0.629630 0.062500 0.059259
6 0.540104 0.081019 0.001042 0.006481
6 0.540885 0.082870 0.001563 0.006481
6 0.541146 0.084722 0.001042 0.006481
6 0.539583 0.080093 0.001042 0.006481
6 0.539062 0.079167 0.001042 0.006481
6 0.540625 0.082870 0.001042 0.006481
7 0.629948 0.155556 0.010937 0.012963
8 0.494792 0.096759 0.001042 0.010185
8 0.657552 0.150000 0.007812 0.012963
7 0.494271 0.104630 0.002083 0.011111
2 0.506250 0.094444 0.009375 0.029630
1 0.525000 0.561111 0.029167 0.085185
7 0.650260 0.155093 0.011979 0.013889
8 0.476302 0.072222 0.003646 0.007407
1 0.709115 0.150463 0.019271 0.013889
1 0.584896 0.155556 0.022917 0.014815
8 0.590104 0.149537 0.008333 0.013889
0 0.644271 0.335648 0.006250 0.030556
0 0.514063 0.084259 0.001042 0.009259
0 0.679167 0.157870 0.003125 0.015741
0 0.540885 0.137037 0.001563 0.014815
0 0.572135 0.388889 0.006771 0.022222
0 0.572135 0.166204 0.002604 0.010185
0 0.527604 0.134722 0.002083 0.013889
0 0.535156 0.095833 0.001563 0.010185
0 0.668750 0.158333 0.003125 0.016667
0 0.516146 0.117130 0.001042 0.012037
0 0.483073 0.089352 0.001563 0.010185
0 0.538802 0.093056 0.001563 0.006481
0 0.955990 0.156944 0.006771 0.015741
0 0.517708 0.100000 0.001042 0.011111
0 0.634635 0.337500 0.005729 0.021296
0 0.861198 0.167130 0.005729 0.010185
0 0.746354 0.277778 0.006250 0.018519
0 0.516667 0.119444 0.001042 0.012963
0 0.661979 0.140741 0.003125 0.014815
0 0.559896 0.140278 0.002083 0.008333
0 0.522396 0.112500 0.001042 0.012037
0 0.629167 0.319444 0.006250 0.029630
0 0.527344 0.127778 0.001563 0.012963
0 0.479167 0.111111 0.001042 0.011111
0 0.607031 0.575463 0.009896 0.047222
0 0.420833 0.393056 0.006250 0.034259
0 0.521615 0.100926 0.001563 0.011111
0 0.777865 0.162037 0.004688 0.016667
0 0.438542 0.303241 0.004167 0.028704
0 0.515625 0.091204 0.001042 0.010185
0 0.717188 0.165741 0.004167 0.009259
0 0.504687 0.165741 0.002083 0.011111
0 0.477344 0.156944 0.002604 0.010185
0 0.622656 0.778241 0.014062 0.058333
1 0.904167 0.629630 0.062500 0.059259