1 0.941927 0.688426 0.070312 0.065741
6 0.541667 0.082407 0.001042 0.005556
6 0.542448 0.084722 0.001563 0.006481
6 0.542708 0.085648 0.001042 0.006481
6 0.541146 0.081481 0.001042 0.005556
6 0.540625 0.080556 0.001042 0.005556
6 0.542188 0.083796 0.001042 0.006481
7 0.634375 0.159259 0.011458 0.012963
8 0.495833 0.098611 0.001042 0.010185
8 0.659896 0.153704 0.008333 0.012963
7 0.495313 0.107407 0.002083 0.011111
2 0.507552 0.095833 0.009896 0.030556
1 0.527344 0.595370 0.031771 0.092593
7 0.655469 0.158796 0.011979 0.013889
8 0.478125 0.073148 0.003125 0.007407
1 0.712500 0.154167 0.019792 0.013889
1 0.589323 0.158796 0.023438 0.015741
8 0.593229 0.152778 0.008333 0.014815
0 0.650521 0.351852 0.007292 0.031481
0 0.515104 0.085185 0.001042 0.009259
0 0.685417 0.162037 0.003125 0.016667
0 0.543229 0.139815 0.002083 0.014815
0 0.576823 0.409722 0.006771 0.023148
0 0.575521 0.169907 0.003125 0.010185
0 0.529427 0.137963 0.001563 0.014815
0 0.536719 0.097685 0.001563 0.010185
0 0.958594 0.350926 0.014062 0.031481
0 0.674219 0.162500 0.003646 0.015741
0 0.517448 0.118981 0.001563 0.012037
0 0.483854 0.090741 0.001042 0.009259
0 0.540365 0.094444 0.001563 0.005556
0 0.967448 0.160648 0.006771 0.015741
0 0.518750 0.101852 0.001042 0.011111
0 0.640625 0.354167 0.006250 0.023148
0 0.870052 0.171759 0.005729 0.010185
0 0.755469 0.289352 0.006771 0.019444
0 0.517969 0.121759 0.001563 0.012037
0 0.665625 0.144444 0.003125 0.014815
0 0.562760 0.143519 0.002604 0.009259
0 0.523698 0.115278 0.001563 0.012037
0 0.633594 0.334722 0.006771 0.030556
0 0.528906 0.130093 0.001563 0.013889
0 0.479688 0.113426 0.001042 0.012037
0 0.616146 0.620370 0.010417 0.050000
0 0.417708 0.414352 0.006250 0.036111
0 0.523177 0.102778 0.001563 0.011111
0 0.786979 0.166667 0.005208 0.016667
0 0.991927 0.147685 0.006771 0.015741
0 0.437240 0.316204 0.004688 0.028704
0 0.516667 0.092593 0.001042 0.009259
0 0.724219 0.169907 0.004688 0.010185
0 0.506771 0.169907 0.002083 0.012037
0 0.477865 0.160648 0.002604 0.010185
0 0.638542 0.875000 0.016667 0.062963
1 0.941927 0.688426 0.070312 0.065741