1 0.976823 0.774074 0.046354 0.075926
6 0.541146 0.083796 0.001042 0.006481
6 0.542188 0.085648 0.001042 0.006481
6 0.542188 0.087037 0.001042 0.007407
6 0.540625 0.082870 0.001042 0.006481
6 0.540104 0.081944 0.001042 0.006481
6 0.541667 0.085648 0.001042 0.006481
7 0.638021 0.163889 0.011458 0.014815
8 0.494792 0.100926 0.001042 0.011111
8 0.659896 0.157870 0.008333 0.013889
7 0.494010 0.110185 0.002604 0.011111
2 0.506510 0.097685 0.009896 0.030556
1 0.528906 0.642130 0.033854 0.102778
7 0.660937 0.163426 0.012500 0.013889
8 0.478385 0.074074 0.003646 0.007407
1 0.713802 0.158333 0.020312 0.014815
1 0.592448 0.163426 0.024479 0.015741
8 0.594531 0.157407 0.008854 0.014815
0 0.656510 0.374074 0.007812 0.033333
0 0.514583 0.087037 0.001042 0.009259
0 0.690885 0.166667 0.003646 0.016667
0 0.544271 0.143519 0.002083 0.014815
0 0.580729 0.437037 0.007292 0.024074
0 0.577604 0.175463 0.003125 0.010185
0 0.529167 0.141667 0.002083 0.014815
0 0.536198 0.100000 0.001563 0.011111
0 0.988021 0.372222 0.015625 0.033333
0 0.678906 0.167593 0.003646 0.016667
0 0.516927 0.121759 0.001563 0.012037
0 0.482552 0.092130 0.001563 0.010185
0 0.540365 0.096759 0.001563 0.006481
0 0.978125 0.164815 0.007292 0.016667
0 0.517969 0.103704 0.001563 0.011111
0 0.645833 0.376389 0.006250 0.023148
0 0.878125 0.176852 0.006250 0.011111
0 0.764583 0.304167 0.007292 0.019444
0 0.517448 0.125000 0.001563 0.012963
0 0.667708 0.148148 0.003125 0.014815
0 0.564062 0.147222 0.002083 0.009259
0 0.523177 0.117593 0.001563 0.012963
0 0.637760 0.355093 0.006771 0.032407
0 0.528906 0.132870 0.001563 0.013889
0 0.478385 0.116204 0.001563 0.012037
0 0.627083 0.685648 0.012500 0.052778
0 0.411198 0.443519 0.006771 0.038889
0 0.523177 0.104630 0.001563 0.011111
0 0.795833 0.171759 0.005208 0.017593
0 0.999219 0.151389 0.001563 0.015741
0 0.433073 0.332870 0.004688 0.030556
0 0.515885 0.094907 0.001563 0.010185
0 0.730990 0.175463 0.004688 0.010185
0 0.506250 0.175463 0.002083 0.012037
0 0.476042 0.166204 0.003125 0.010185
1 0.976823 0.774074 0.046354 0.075926