1 0.955208 0.709259 0.073958 0.068519
6 0.541667 0.082870 0.001042 0.006481
6 0.542188 0.084722 0.001042 0.006481
6 0.542708 0.085648 0.001042 0.006481
6 0.541146 0.081944 0.001042 0.006481
6 0.540625 0.081019 0.001042 0.006481
6 0.542188 0.083796 0.001042 0.006481
7 0.634896 0.160648 0.011458 0.013889
8 0.495313 0.099074 0.001042 0.011111
8 0.659896 0.155093 0.008333 0.013889
7 0.495052 0.107870 0.002604 0.010185
2 0.507031 0.096296 0.009896 0.029630
1 0.527865 0.607407 0.031771 0.094444
7 0.656771 0.159722 0.012500 0.013889
8 0.478125 0.073148 0.003125 0.007407
1 0.713021 0.155093 0.019792 0.013889
1 0.590104 0.160185 0.023958 0.014815
8 0.593490 0.153704 0.008854 0.014815
0 0.652083 0.357870 0.007292 0.032407
0 0.515104 0.085648 0.001042 0.010185
0 0.686719 0.162963 0.003646 0.016667
0 0.543750 0.140741 0.002083 0.014815
0 0.577865 0.416204 0.006771 0.023148
0 0.576042 0.171759 0.003125 0.010185
0 0.529427 0.138889 0.001563 0.014815
0 0.536719 0.098148 0.001563 0.011111
0 0.966146 0.356019 0.014583 0.032407
0 0.675521 0.163889 0.003125 0.016667
0 0.517448 0.119907 0.001563 0.012037
0 0.483594 0.091204 0.001563 0.010185
0 0.540365 0.094907 0.001563 0.006481
0 0.970573 0.162037 0.006771 0.016667
0 0.518750 0.101852 0.001042 0.011111
0 0.641927 0.359722 0.006771 0.023148
0 0.872135 0.173148 0.005729 0.011111
0 0.757812 0.293056 0.006250 0.019444
0 0.517969 0.122222 0.001563 0.012963
0 0.666146 0.145370 0.003125 0.014815
0 0.563021 0.144444 0.002083 0.009259
0 0.523698 0.115278 0.001563 0.012037
0 0.634896 0.339815 0.007292 0.031481
0 0.528906 0.131019 0.001563 0.013889
0 0.479427 0.114352 0.001563 0.012037
0 0.619010 0.637037 0.010937 0.050000
0 0.415885 0.421759 0.006771 0.036111
0 0.523177 0.103241 0.001563 0.010185
0 0.789062 0.167593 0.005208 0.016667
0 0.994531 0.148611 0.006771 0.015741
0 0.436198 0.320370 0.004688 0.029630
0 0.516667 0.093056 0.001042 0.010185
0 0.726042 0.171759 0.004167 0.010185
0 0.506771 0.171759 0.002083 0.012037
0 0.477344 0.162500 0.002604 0.010185
0 0.644010 0.911111 0.017188 0.064815
1 0.955208 0.709259 0.073958 0.068519