6 0.542708 0.084722 0.001042 0.006481
6 0.543490 0.087037 0.001563 0.007407
6 0.543750 0.088426 0.001042 0.006481
6 0.542188 0.083796 0.001042 0.006481
6 0.541667 0.082870 0.001042 0.006481
6 0.543229 0.086574 0.001042 0.006481
7 0.642969 0.167593 0.011979 0.014815
8 0.495313 0.102778 0.001042 0.011111
8 0.661719 0.161574 0.008854 0.013889
7 0.495052 0.112037 0.002604 0.011111
2 0.507552 0.099074 0.009896 0.031481
1 0.531250 0.680093 0.036458 0.112037
7 0.666927 0.167130 0.013021 0.015741
8 0.479948 0.075000 0.003646 0.007407
1 0.716927 0.162037 0.020312 0.014815
1 0.596875 0.167130 0.025000 0.015741
8 0.597396 0.160648 0.009375 0.015741
0 0.663021 0.392593 0.008333 0.035185
0 0.515625 0.087963 0.001042 0.009259
0 0.696875 0.170833 0.004167 0.017593
0 0.546875 0.146759 0.002083 0.015741
0 0.585677 0.459259 0.007812 0.025926
0 0.581250 0.179630 0.003125 0.011111
0 0.531250 0.145370 0.002083 0.014815
0 0.537760 0.101389 0.001563 0.010185
0 0.684375 0.171759 0.003125 0.017593
0 0.517969 0.124074 0.001563 0.012963
0 0.483594 0.093981 0.001563 0.010185
0 0.541406 0.097685 0.001563 0.006481
0 0.989062 0.169444 0.007292 0.016667
0 0.519271 0.105556 0.001042 0.011111
0 0.651823 0.394907 0.006771 0.025000
0 0.886719 0.181481 0.005729 0.011111
0 0.773958 0.316204 0.007292 0.021296
0 0.518490 0.126852 0.001563 0.012963
0 0.671094 0.150926 0.003646 0.014815
0 0.566927 0.150926 0.002604 0.009259
0 0.524740 0.119907 0.001563 0.012037
0 0.642187 0.371296 0.007292 0.033333
0 0.529948 0.135648 0.001563 0.013889
0 0.478906 0.118056 0.001563 0.012037
0 0.638281 0.742130 0.014062 0.056481
0 0.407292 0.467130 0.007292 0.039815
0 0.524740 0.106481 0.001563 0.011111
0 0.714844 0.075926 0.001563 0.009259
0 0.804427 0.175926 0.005729 0.016667
0 0.431250 0.346296 0.005208 0.031481
0 0.516927 0.095833 0.001563 0.010185
0 0.737760 0.179630 0.004688 0.011111
0 0.508073 0.179630 0.002604 0.012963
0 0.476302 0.169907 0.002604 0.010185