6 0.519792 0.088426 0.001042 0.006481
6 0.520573 0.090278 0.001563 0.006481
6 0.520833 0.091667 0.001042 0.007407
6 0.519271 0.087037 0.001042 0.007407
6 0.518750 0.085648 0.001042 0.006481
6 0.520312 0.089815 0.001042 0.007407
7 0.635417 0.177315 0.012500 0.015741
8 0.471094 0.109722 0.001563 0.012037
8 0.639844 0.170833 0.008854 0.015741
7 0.470573 0.119907 0.002604 0.012037
2 0.483333 0.102778 0.010417 0.033333
1 0.520573 0.830556 0.045313 0.153704
7 0.660937 0.176389 0.013542 0.015741
8 0.458073 0.078241 0.003646 0.008333
1 0.696615 0.170370 0.021354 0.016667
1 0.583854 0.178241 0.026042 0.017593
8 0.579427 0.170833 0.009896 0.015741
0 0.660417 0.454167 0.009375 0.039815
0 0.491667 0.092130 0.001042 0.010185
0 0.687240 0.181019 0.003646 0.017593
0 0.527604 0.156019 0.002083 0.015741
0 0.579687 0.539815 0.009375 0.029630
0 0.565365 0.192130 0.003646 0.012037
0 0.510156 0.154630 0.002604 0.016667
0 0.515104 0.106481 0.001042 0.011111
0 0.673177 0.181944 0.003646 0.017593
0 0.494531 0.130093 0.001563 0.013889
0 0.458594 0.098611 0.001563 0.010185
0 0.519010 0.102315 0.001563 0.006481
0 0.978385 0.174537 0.007812 0.017593
0 0.495573 0.110185 0.001563 0.011111
0 0.647917 0.456944 0.008333 0.028704
0 0.876042 0.188889 0.006250 0.011111
0 0.775000 0.350000 0.008333 0.022222
0 0.495573 0.133333 0.001563 0.012963
0 0.653646 0.158796 0.003125 0.015741
0 0.548958 0.159722 0.002083 0.010185
0 0.501823 0.126852 0.001563 0.012963
0 0.634115 0.426389 0.007812 0.037963
0 0.508073 0.142593 0.001563 0.014815
0 0.453646 0.125000 0.002083 0.012963
0 0.664844 0.971759 0.020312 0.056481
0 0.368229 0.563889 0.010417 0.046296
0 0.502865 0.111574 0.001563 0.012037
0 0.799219 0.184722 0.005729 0.017593
0 0.997396 0.157870 0.005208 0.015741
0 0.399479 0.398148 0.006250 0.035185
0 0.493229 0.100463 0.001042 0.010185
0 0.862760 0.071759 0.002604 0.008333
0 0.729688 0.189352 0.005208 0.012037
0 0.486979 0.193519 0.002083 0.012963
0 0.450521 0.184259 0.003125 0.011111