6 0.533333 0.086574 0.001042 0.006481
6 0.533854 0.088426 0.001042 0.006481
6 0.534375 0.089815 0.001042 0.007407
6 0.532812 0.085648 0.001042 0.006481
6 0.532292 0.083796 0.001042 0.006481
6 0.533854 0.087500 0.001042 0.006481
7 0.639844 0.172222 0.011979 0.014815
8 0.485417 0.106019 0.001042 0.012037
8 0.652865 0.165741 0.008854 0.014815
7 0.484896 0.115278 0.003125 0.012037
2 0.497396 0.100463 0.010417 0.032407
1 0.527344 0.740741 0.040104 0.127778
7 0.664844 0.171296 0.013021 0.014815
8 0.471094 0.076852 0.003646 0.007407
1 0.708594 0.165741 0.021354 0.014815
1 0.591927 0.172222 0.025521 0.016667
8 0.590104 0.165278 0.009375 0.015741
0 0.662240 0.418519 0.008854 0.037037
0 0.505729 0.089815 0.001042 0.009259
0 0.693229 0.175463 0.004167 0.017593
0 0.539062 0.150463 0.002083 0.015741
0 0.583594 0.492593 0.008854 0.027778
0 0.575000 0.185185 0.003125 0.011111
0 0.522396 0.149074 0.002083 0.014815
0 0.528385 0.103704 0.001563 0.011111
0 0.679948 0.176389 0.003646 0.017593
0 0.508333 0.126852 0.001042 0.012963
0 0.473177 0.095833 0.001563 0.010185
0 0.532552 0.099537 0.001563 0.006481
0 0.985677 0.171759 0.007812 0.017593
0 0.509635 0.107407 0.001563 0.011111
0 0.650521 0.420370 0.007292 0.025926
0 0.882812 0.185185 0.006250 0.011111
0 0.774740 0.331019 0.007812 0.021296
0 0.509115 0.129630 0.001563 0.012963
0 0.664062 0.154167 0.003125 0.015741
0 0.559635 0.154630 0.002604 0.009259
0 0.515365 0.123148 0.001563 0.012963
0 0.639063 0.394444 0.007292 0.035185
0 0.521094 0.138426 0.001563 0.013889
0 0.468490 0.121296 0.001563 0.012963
0 0.648438 0.833333 0.016667 0.061111
0 0.391667 0.506481 0.008333 0.042593
0 0.515885 0.108796 0.001563 0.012037
0 0.706250 0.076852 0.002083 0.009259
0 0.802865 0.180093 0.005729 0.017593
0 0.418490 0.368056 0.005729 0.032407
0 0.507292 0.097685 0.001042 0.010185
0 0.735156 0.184259 0.004688 0.011111
0 0.499479 0.185648 0.002083 0.012037
0 0.465625 0.176389 0.003125 0.010185