6 0.536458 0.085648 0.001042 0.006481
6 0.537500 0.088426 0.001042 0.006481
6 0.537760 0.089352 0.001563 0.006481
6 0.535937 0.084722 0.001042 0.006481
6 0.535417 0.083796 0.001042 0.006481
6 0.536979 0.087500 0.001042 0.006481
7 0.641406 0.171296 0.011979 0.014815
8 0.489062 0.105093 0.001042 0.012037
8 0.655990 0.164815 0.008854 0.014815
7 0.488281 0.114352 0.002604 0.012037
2 0.501042 0.100000 0.010417 0.031481
1 0.528906 0.724537 0.039062 0.123148
7 0.666406 0.170370 0.013021 0.014815
8 0.474219 0.075926 0.003646 0.007407
1 0.711719 0.164815 0.021354 0.014815
1 0.594010 0.170833 0.025521 0.015741
8 0.592969 0.163889 0.008854 0.014815
0 0.663281 0.411574 0.008854 0.036111
0 0.509375 0.089352 0.001042 0.010185
0 0.695052 0.174537 0.003646 0.017593
0 0.541667 0.149537 0.002083 0.015741
0 0.584896 0.483796 0.008333 0.026852
0 0.577344 0.183333 0.003646 0.011111
0 0.525521 0.148148 0.002083 0.014815
0 0.531771 0.102778 0.001042 0.011111
0 0.682031 0.175463 0.003646 0.017593
0 0.511719 0.125926 0.001563 0.012963
0 0.476823 0.095370 0.001563 0.011111
0 0.535677 0.099537 0.001563 0.006481
0 0.988021 0.171296 0.007292 0.016667
0 0.513021 0.106944 0.001042 0.012037
0 0.651563 0.413889 0.007292 0.025926
0 0.885417 0.184259 0.006250 0.011111
0 0.775781 0.327315 0.007812 0.021296
0 0.512240 0.128704 0.001563 0.012963
0 0.666927 0.153241 0.003646 0.015741
0 0.562500 0.153704 0.002083 0.009259
0 0.518490 0.122222 0.001563 0.012963
0 0.640885 0.388426 0.007812 0.034259
0 0.524219 0.137500 0.001563 0.013889
0 0.472135 0.120370 0.001563 0.012963
0 0.646354 0.808333 0.015625 0.059259
0 0.396354 0.495833 0.008333 0.041667
0 0.519010 0.108333 0.001563 0.011111
0 0.709635 0.076389 0.001563 0.008333
0 0.804427 0.179167 0.005729 0.017593
0 0.422396 0.362500 0.005208 0.032407
0 0.510677 0.097685 0.001563 0.010185
0 0.736719 0.182870 0.004688 0.010185
0 0.502604 0.184259 0.002083 0.012963
0 0.469271 0.174537 0.003125 0.010185