6 0.519531 0.088426 0.001563 0.006481
6 0.520312 0.090741 0.001042 0.007407
6 0.520833 0.092130 0.001042 0.006481
6 0.518750 0.087500 0.001042 0.006481
6 0.518229 0.086574 0.001042 0.006481
6 0.520052 0.090278 0.001563 0.006481
7 0.637240 0.179167 0.013021 0.015741
8 0.470573 0.110648 0.001563 0.012037
8 0.639844 0.172222 0.008854 0.014815
7 0.470052 0.120833 0.002604 0.012037
2 0.483073 0.103241 0.010937 0.032407
1 0.520833 0.852315 0.046875 0.160185
7 0.663281 0.178241 0.014062 0.015741
8 0.458073 0.078704 0.003646 0.007407
1 0.697135 0.171759 0.021354 0.015741
1 0.585156 0.179167 0.026563 0.017593
8 0.579687 0.172222 0.009375 0.016667
0 0.662760 0.463426 0.009896 0.039815
0 0.491667 0.092593 0.001042 0.009259
0 0.688802 0.182407 0.003646 0.018519
0 0.527865 0.156944 0.001563 0.015741
0 0.581250 0.551389 0.009375 0.030556
0 0.565885 0.193981 0.003646 0.012037
0 0.510417 0.156019 0.002083 0.015741
0 0.515104 0.106944 0.001042 0.012037
0 0.674219 0.183333 0.003646 0.018519
0 0.494531 0.131019 0.001563 0.013889
0 0.458594 0.099074 0.001563 0.011111
0 0.519010 0.103241 0.001563 0.006481
0 0.981510 0.175463 0.007812 0.017593
0 0.495573 0.110648 0.001563 0.012037
0 0.650000 0.465741 0.008333 0.029630
0 0.878125 0.190741 0.006250 0.011111
0 0.778125 0.355093 0.008333 0.023148
0 0.495052 0.133796 0.001563 0.013889
0 0.654167 0.159722 0.003125 0.015741
0 0.549219 0.160648 0.002604 0.010185
0 0.501562 0.127778 0.001042 0.012963
0 0.635938 0.434259 0.008333 0.038889
0 0.507552 0.143519 0.001563 0.014815
0 0.453125 0.125926 0.002083 0.012963
0 0.671094 0.990741 0.021354 0.018519
0 0.365104 0.577315 0.010417 0.047222
0 0.502865 0.112500 0.001563 0.012037
0 0.694531 0.078241 0.001563 0.008333
0 0.801823 0.186111 0.005729 0.018519
0 0.998958 0.158796 0.002083 0.015741
0 0.397656 0.405093 0.006771 0.036111
0 0.493229 0.100926 0.001042 0.011111
0 0.731771 0.190741 0.005208 0.011111
0 0.486719 0.195370 0.002604 0.012963
0 0.450000 0.186111 0.003125 0.011111