6 0.516667 0.091204 0.001042 0.006481
6 0.517708 0.093519 0.001042 0.007407
6 0.517969 0.095370 0.001563 0.007407
6 0.516146 0.090278 0.001042 0.006481
6 0.515625 0.089352 0.001042 0.006481
6 0.517187 0.093056 0.001042 0.006481
7 0.648958 0.188889 0.013542 0.016667
8 0.466146 0.115741 0.001042 0.012963
8 0.637500 0.181944 0.009375 0.015741
7 0.465365 0.126852 0.002604 0.012963
2 0.478906 0.106481 0.010937 0.035185
1 0.521354 0.962500 0.057292 0.075000
7 0.676562 0.187963 0.014583 0.016667
8 0.456250 0.081019 0.004167 0.008333
1 0.697917 0.181019 0.022917 0.017593
1 0.591146 0.189815 0.028125 0.018519
8 0.580469 0.181481 0.009896 0.016667
0 0.677865 0.533333 0.011979 0.044444
0 0.487760 0.095833 0.001563 0.010185
0 0.697917 0.193519 0.004167 0.018519
0 0.527604 0.165278 0.002083 0.015741
0 0.591146 0.642130 0.011458 0.036111
0 0.568490 0.205556 0.003646 0.012963
0 0.508594 0.164815 0.002604 0.016667
0 0.511979 0.111111 0.001042 0.011111
0 0.682292 0.194444 0.004167 0.018519
0 0.490365 0.136574 0.001563 0.013889
0 0.453906 0.102778 0.001563 0.011111
0 0.515885 0.106944 0.001563 0.006481
0 0.997917 0.185185 0.004167 0.018519
0 0.491667 0.115278 0.001042 0.012037
0 0.700521 0.079630 0.002083 0.009259
0 0.663281 0.536111 0.009896 0.033333
0 0.892448 0.201389 0.006771 0.012037
0 0.799219 0.393981 0.009896 0.025000
0 0.491406 0.139815 0.001563 0.014815
0 0.656250 0.168056 0.003125 0.017593
0 0.550000 0.168981 0.003125 0.010185
0 0.498177 0.133796 0.001563 0.013889
0 0.647656 0.489815 0.010937 0.042593
0 0.504427 0.150000 0.001563 0.014815
0 0.447656 0.131944 0.001563 0.013889
0 0.337240 0.684259 0.014062 0.053704
0 0.500521 0.116667 0.001042 0.012963
0 0.817708 0.196759 0.006250 0.019444
0 0.381771 0.456019 0.008333 0.039815
0 0.489323 0.104630 0.001563 0.011111
0 0.743229 0.202315 0.005208 0.012037
0 0.484115 0.207870 0.002604 0.013889
0 0.443229 0.197685 0.003125 0.012037