6 0.515625 0.090741 0.001042 0.007407
6 0.516667 0.093056 0.001042 0.006481
6 0.517187 0.094444 0.001042 0.007407
6 0.515104 0.089352 0.001042 0.006481
6 0.514583 0.088426 0.001042 0.006481
6 0.516146 0.092130 0.001042 0.006481
7 0.643750 0.185648 0.013542 0.015741
8 0.465885 0.113889 0.001563 0.012963
8 0.636458 0.178704 0.009375 0.016667
7 0.465104 0.125000 0.003125 0.012963
2 0.478385 0.105093 0.010937 0.034259
1 0.520312 0.937963 0.054167 0.124074
7 0.671094 0.185185 0.014062 0.016667
8 0.455208 0.080556 0.004167 0.007407
1 0.695833 0.177778 0.021875 0.016667
1 0.587760 0.186574 0.027604 0.019444
8 0.578906 0.178704 0.009896 0.016667
0 0.671615 0.511111 0.010937 0.042593
0 0.487500 0.094907 0.001042 0.010185
0 0.693490 0.189815 0.003646 0.018519
0 0.526042 0.162963 0.002083 0.016667
0 0.586719 0.613426 0.010937 0.034259
0 0.566146 0.202315 0.004167 0.012037
0 0.507552 0.162037 0.002604 0.016667
0 0.511198 0.109722 0.001563 0.012037
0 0.678385 0.191204 0.003646 0.019444
0 0.490104 0.134722 0.002083 0.013889
0 0.453385 0.101852 0.001563 0.011111
0 0.515365 0.106019 0.001563 0.006481
0 0.991927 0.181944 0.007812 0.017593
0 0.491406 0.113426 0.001563 0.012037
0 0.698438 0.079167 0.002083 0.008333
0 0.657552 0.513889 0.009896 0.031481
0 0.885938 0.198148 0.006250 0.011111
0 0.791146 0.381944 0.009375 0.025000
0 0.490885 0.138426 0.001563 0.013889
0 0.653646 0.165741 0.003125 0.016667
0 0.548177 0.166667 0.002604 0.009259
0 0.497656 0.131944 0.001563 0.013889
0 0.642448 0.472685 0.009896 0.041667
0 0.503906 0.148148 0.001563 0.014815
0 0.447656 0.130556 0.001563 0.012963
0 0.344792 0.650926 0.012500 0.051852
0 0.499479 0.115278 0.001042 0.012037
0 0.810938 0.193519 0.006250 0.018519
0 0.385156 0.440741 0.007812 0.038889
0 0.488802 0.103704 0.001563 0.011111
0 0.738021 0.198611 0.005208 0.012037
0 0.483333 0.204167 0.002083 0.013889
0 0.443490 0.194444 0.003646 0.011111