6 0.517708 0.089815 0.001042 0.007407
6 0.518750 0.092130 0.001042 0.006481
6 0.518750 0.093519 0.001042 0.007407
6 0.517187 0.088426 0.001042 0.006481
6 0.516667 0.087500 0.001042 0.006481
6 0.518229 0.091204 0.001042 0.006481
7 0.641406 0.182870 0.013021 0.015741
8 0.467969 0.112500 0.001563 0.012037
8 0.638021 0.176389 0.009375 0.015741
7 0.467448 0.123148 0.002604 0.012963
2 0.480729 0.104630 0.010417 0.033333
1 0.520833 0.916667 0.051042 0.166667
7 0.667969 0.182407 0.014062 0.016667
8 0.456771 0.079630 0.004167 0.007407
1 0.696875 0.175463 0.021875 0.015741
1 0.586979 0.183796 0.027083 0.017593
8 0.579427 0.175926 0.009896 0.016667
0 0.668229 0.491204 0.010417 0.041667
0 0.489323 0.093981 0.001563 0.010185
0 0.691927 0.187037 0.003646 0.018519
0 0.527083 0.160648 0.002083 0.015741
0 0.584896 0.587500 0.010417 0.032407
0 0.566406 0.198611 0.003646 0.012037
0 0.508854 0.159259 0.002083 0.016667
0 0.513021 0.108796 0.001042 0.012037
0 0.677083 0.187963 0.004167 0.018519
0 0.491927 0.133796 0.001563 0.013889
0 0.455990 0.100926 0.001563 0.011111
0 0.516927 0.104630 0.001563 0.007407
0 0.988281 0.179630 0.007812 0.018519
0 0.493229 0.112500 0.001042 0.012037
0 0.698958 0.078241 0.002083 0.008333
0 0.654688 0.493981 0.009375 0.030556
0 0.883333 0.195370 0.006250 0.011111
0 0.786198 0.371296 0.008854 0.024074
0 0.492969 0.136574 0.001563 0.013889
0 0.654167 0.162963 0.003125 0.016667
0 0.548958 0.164352 0.002083 0.010185
0 0.499479 0.130093 0.001042 0.013889
0 0.640104 0.457407 0.009375 0.040741
0 0.505729 0.146296 0.002083 0.014815
0 0.450260 0.128704 0.001563 0.012963
0 0.353385 0.620370 0.011979 0.050000
0 0.501042 0.114352 0.001042 0.012037
0 0.694271 0.078704 0.002083 0.009259
0 0.807552 0.190741 0.005729 0.018519
0 0.390625 0.425926 0.007292 0.037037
0 0.490625 0.102778 0.001042 0.011111
0 0.735937 0.195833 0.005208 0.012037
0 0.485156 0.200463 0.002604 0.013889
0 0.446354 0.191204 0.003125 0.012037