6 0.517187 0.096759 0.001042 0.006481
6 0.518229 0.099074 0.001042 0.007407
6 0.518750 0.100926 0.001042 0.007407
6 0.516667 0.095370 0.001042 0.007407
6 0.516146 0.094444 0.001042 0.007407
6 0.517708 0.098148 0.001042 0.007407
7 0.679167 0.209722 0.015625 0.017593
8 0.463542 0.126389 0.001042 0.013889
8 0.641146 0.201389 0.010417 0.017593
7 0.462760 0.139352 0.003646 0.013889
2 0.477083 0.112037 0.011458 0.042593
7 0.710417 0.208333 0.016667 0.018519
1 0.249479 0.133333 0.013542 0.014815
8 0.458073 0.085648 0.004688 0.008333
1 0.706250 0.200463 0.025000 0.019444
1 0.613281 0.210648 0.031771 0.021296
8 0.588542 0.201389 0.011458 0.019444
0 0.726823 0.727315 0.018229 0.056481
0 0.486979 0.102315 0.001042 0.010185
0 0.724479 0.216204 0.005208 0.021296
0 0.533073 0.181944 0.002604 0.017593
0 0.625781 0.903241 0.018229 0.049074
0 0.579948 0.230093 0.004688 0.013889
0 0.511719 0.181944 0.002604 0.017593
0 0.512760 0.119444 0.001563 0.012963
0 0.705469 0.218056 0.004688 0.021296
0 0.489323 0.147222 0.001563 0.014815
0 0.451302 0.109722 0.001563 0.012037
0 0.516927 0.114352 0.001563 0.006481
0 0.491146 0.123148 0.001042 0.012963
0 0.710938 0.084259 0.002083 0.009259
0 0.707552 0.730093 0.015104 0.041667
0 0.930729 0.225463 0.008333 0.013889
0 0.859375 0.489815 0.013542 0.029630
0 0.490885 0.150926 0.001563 0.014815
0 0.667448 0.184722 0.003646 0.017593
0 0.557813 0.186111 0.003125 0.011111
0 0.498177 0.145370 0.001563 0.014815
0 0.685156 0.633796 0.015104 0.052778
0 0.504948 0.162500 0.001563 0.015741
0 0.443229 0.143519 0.002083 0.014815
0 0.261719 0.984722 0.025521 0.030556
0 0.502344 0.125000 0.001563 0.012963
0 0.704687 0.085185 0.002083 0.009259
0 0.858594 0.220833 0.007812 0.021296
0 0.349479 0.581944 0.011458 0.047222
0 0.488281 0.112500 0.001563 0.012037
0 0.774740 0.225926 0.006771 0.012963
0 0.484896 0.233796 0.003125 0.015741
0 0.434896 0.223148 0.004167 0.012963