6 0.516667 0.093056 0.001042 0.006481
6 0.517708 0.095370 0.001042 0.007407
6 0.518229 0.097222 0.001042 0.007407
6 0.516146 0.092130 0.001042 0.006481
6 0.515625 0.090741 0.001042 0.007407
6 0.517187 0.094444 0.001042 0.007407
7 0.658333 0.195370 0.014583 0.016667
8 0.465365 0.118981 0.001563 0.012037
8 0.638281 0.187963 0.009896 0.016667
7 0.464583 0.131019 0.003125 0.013889
2 0.478385 0.107870 0.010937 0.037963
7 0.687240 0.194444 0.015104 0.016667
8 0.456771 0.082870 0.004167 0.008333
1 0.700521 0.187500 0.022917 0.017593
1 0.597917 0.196296 0.029167 0.020370
8 0.582812 0.187500 0.010417 0.017593
0 0.691146 0.586111 0.013542 0.048148
0 0.487500 0.097685 0.001042 0.010185
0 0.706250 0.200463 0.004167 0.019444
0 0.529167 0.170370 0.002083 0.016667
0 0.600260 0.711111 0.013021 0.038889
0 0.571875 0.212963 0.004167 0.012963
0 0.509635 0.169907 0.002604 0.017593
0 0.512240 0.113426 0.001563 0.012037
0 0.689323 0.201389 0.004688 0.019444
0 0.490104 0.140278 0.002083 0.013889
0 0.452865 0.105093 0.001563 0.012037
0 0.516406 0.109259 0.001563 0.007407
0 0.491406 0.117593 0.001563 0.012963
0 0.703646 0.081019 0.002083 0.008333
0 0.675000 0.588889 0.011458 0.035185
0 0.904167 0.208796 0.007292 0.012037
0 0.816667 0.421759 0.010417 0.026852
0 0.491406 0.143519 0.001563 0.014815
0 0.659635 0.173148 0.003646 0.016667
0 0.552344 0.174537 0.002604 0.010185
0 0.498177 0.137500 0.001563 0.013889
0 0.658333 0.530093 0.011458 0.045370
0 0.504427 0.154167 0.001563 0.015741
0 0.446354 0.135648 0.002083 0.013889
0 0.318229 0.765741 0.016667 0.057407
0 0.500781 0.119444 0.001563 0.012963
0 0.698438 0.081481 0.002083 0.009259
0 0.830208 0.204167 0.006250 0.019444
0 0.372656 0.491667 0.008854 0.042593
0 0.488802 0.107407 0.001563 0.011111
0 0.752865 0.209722 0.005729 0.012037
0 0.484115 0.215741 0.002604 0.014815
0 0.440625 0.206019 0.004167 0.012037