6 0.516927 0.093981 0.001563 0.006481
6 0.517708 0.096296 0.001042 0.007407
6 0.518229 0.098148 0.001042 0.007407
6 0.516146 0.092593 0.001042 0.007407
6 0.515625 0.091667 0.001042 0.007407
6 0.517448 0.095370 0.001563 0.007407
7 0.663542 0.199074 0.014583 0.016667
8 0.464844 0.120833 0.001563 0.013889
8 0.638802 0.191204 0.009896 0.017593
7 0.464063 0.132870 0.003125 0.013889
2 0.478125 0.108796 0.011458 0.039815
7 0.692708 0.197685 0.015625 0.017593
8 0.457031 0.083333 0.004688 0.009259
1 0.702083 0.190278 0.023958 0.017593
1 0.601302 0.200000 0.029687 0.020370
8 0.584375 0.191204 0.010417 0.017593
0 0.698958 0.616667 0.014583 0.050000
0 0.487500 0.099074 0.001042 0.011111
0 0.710677 0.204630 0.004688 0.020370
0 0.530208 0.173148 0.002083 0.016667
0 0.605990 0.752315 0.014062 0.041667
0 0.573438 0.217593 0.004167 0.012963
0 0.510156 0.172685 0.002604 0.017593
0 0.512240 0.115278 0.001563 0.012037
0 0.693229 0.205556 0.004167 0.020370
0 0.489844 0.141667 0.001563 0.014815
0 0.452344 0.106481 0.001563 0.011111
0 0.516406 0.110648 0.001563 0.006481
0 0.491406 0.118981 0.001563 0.012037
0 0.705729 0.081481 0.002083 0.009259
0 0.682292 0.619444 0.012500 0.037037
0 0.910677 0.212963 0.007812 0.012963
0 0.826563 0.437500 0.011458 0.026852
0 0.490885 0.145370 0.001563 0.014815
0 0.661458 0.176389 0.003125 0.017593
0 0.553646 0.177315 0.003125 0.010185
0 0.498177 0.139352 0.001563 0.013889
0 0.664323 0.554167 0.011979 0.047222
0 0.504687 0.156019 0.002083 0.015741
0 0.445312 0.137500 0.002083 0.013889
0 0.306250 0.815741 0.017708 0.061111
0 0.501302 0.120833 0.001563 0.012037
0 0.700000 0.082407 0.002083 0.009259
0 0.837240 0.208333 0.006771 0.020370
0 0.367188 0.512500 0.009375 0.043519
0 0.488802 0.108796 0.001563 0.012037
0 0.758333 0.213889 0.006250 0.012963
0 0.484635 0.220370 0.002604 0.014815
0 0.439063 0.210185 0.004167 0.012963