6 0.517187 0.094907 0.001042 0.006481
6 0.517969 0.097222 0.001563 0.007407
6 0.518490 0.099074 0.001563 0.007407
6 0.516406 0.093519 0.001563 0.007407
6 0.515625 0.092593 0.001042 0.007407
6 0.517708 0.096296 0.001042 0.007407
7 0.668490 0.202315 0.015104 0.017593
8 0.464323 0.122685 0.001563 0.013889
8 0.639583 0.194444 0.010417 0.016667
7 0.463542 0.135185 0.003125 0.012963
2 0.477604 0.109722 0.011458 0.041667
7 0.698438 0.201389 0.015625 0.017593
8 0.457552 0.083796 0.004688 0.008333
1 0.703125 0.193519 0.023958 0.018519
1 0.526302 0.081944 0.011979 0.008333
1 0.605208 0.203704 0.030208 0.020370
8 0.585677 0.194444 0.010937 0.018519
0 0.707292 0.650000 0.015625 0.051852
0 0.487240 0.100000 0.001563 0.011111
0 0.714844 0.208333 0.004688 0.020370
0 0.611979 0.797685 0.015625 0.043519
0 0.575521 0.221296 0.004167 0.012963
0 0.510677 0.175926 0.002604 0.018519
0 0.512500 0.116667 0.001042 0.012963
0 0.697135 0.209259 0.004688 0.020370
0 0.489844 0.143519 0.001563 0.014815
0 0.452344 0.107407 0.001563 0.011111
0 0.516667 0.111574 0.002083 0.006481
0 0.491406 0.120370 0.001563 0.012963
0 0.707292 0.082407 0.002083 0.009259
0 0.689844 0.652778 0.013021 0.038889
0 0.917188 0.217130 0.007292 0.012037
0 0.836719 0.454167 0.011979 0.028704
0 0.490885 0.147222 0.001563 0.014815
0 0.663281 0.179167 0.003646 0.017593
0 0.554948 0.180556 0.002604 0.011111
0 0.498177 0.141204 0.001563 0.013889
0 0.670573 0.578241 0.013021 0.049074
0 0.504687 0.157870 0.002083 0.015741
0 0.444792 0.139815 0.002083 0.014815
0 0.293229 0.870370 0.019792 0.062963
0 0.501562 0.122222 0.001042 0.012963
0 0.701563 0.083333 0.002083 0.009259
0 0.844271 0.212037 0.007292 0.020370
0 0.361719 0.533796 0.009896 0.045370
0 0.488542 0.110185 0.001042 0.011111
0 0.763542 0.217593 0.006250 0.012963
0 0.484635 0.224074 0.002604 0.014815
0 0.437760 0.213889 0.003646 0.012963