6 0.517969 0.100926 0.001563 0.007407
6 0.519010 0.103704 0.001563 0.007407
6 0.519531 0.105093 0.001563 0.008333
6 0.517187 0.099074 0.001042 0.007407
6 0.516667 0.098148 0.001042 0.007407
6 0.518490 0.102315 0.001563 0.008333
7 0.702865 0.225926 0.017188 0.018519
8 0.461719 0.134259 0.001563 0.014815
8 0.646354 0.216667 0.011458 0.018519
7 0.460677 0.149074 0.003646 0.014815
2 0.476302 0.118519 0.011979 0.038889
7 0.736458 0.224537 0.018750 0.019444
8 0.459635 0.088889 0.004688 0.009259
1 0.713021 0.215741 0.027083 0.020370
1 0.525000 0.086111 0.012500 0.009259
1 0.631250 0.227315 0.034375 0.023148
8 0.595052 0.216667 0.011979 0.020370
8 0.211979 0.156481 0.008333 0.014815
0 0.782812 0.948148 0.027083 0.066667
0 0.486719 0.106481 0.001563 0.011111
0 0.745052 0.234259 0.005729 0.022222
0 0.537240 0.194444 0.002604 0.018519
0 0.589063 0.249074 0.005208 0.014815
0 0.514323 0.194907 0.002604 0.019444
0 0.513802 0.125463 0.001563 0.013889
0 0.723698 0.235648 0.005729 0.023148
0 0.488542 0.155093 0.002083 0.015741
0 0.449740 0.115278 0.001563 0.012037
0 0.517708 0.119444 0.002083 0.007407
0 0.490885 0.129167 0.001563 0.013889
0 0.718490 0.087037 0.002604 0.009259
0 0.757552 0.950000 0.022396 0.051852
0 0.960677 0.244444 0.008854 0.014815
0 0.916146 0.580556 0.017708 0.035185
0 0.490365 0.159259 0.001563 0.016667
0 0.676302 0.197685 0.003646 0.019444
0 0.563802 0.199074 0.003646 0.011111
0 0.498177 0.154167 0.001563 0.015741
0 0.723437 0.780556 0.019792 0.061111
0 0.505208 0.171759 0.002083 0.017593
0 0.439844 0.151852 0.002604 0.014815
0 0.503385 0.131481 0.001563 0.012963
0 0.710938 0.087963 0.002083 0.009259
0 0.890885 0.238889 0.008854 0.022222
0 0.317448 0.706944 0.015104 0.054630
0 0.487760 0.118056 0.001563 0.012037
0 0.799479 0.244444 0.007292 0.014815
0 0.485417 0.252778 0.003125 0.016667
0 0.429688 0.243056 0.004167 0.013889