6 0.517187 0.097222 0.001042 0.007407
6 0.518229 0.100000 0.001042 0.007407
6 0.518750 0.101389 0.001042 0.008333
6 0.516667 0.096296 0.001042 0.007407
6 0.516146 0.094444 0.001042 0.007407
6 0.517969 0.099074 0.001563 0.007407
7 0.682031 0.211574 0.016146 0.017593
8 0.463281 0.127315 0.001563 0.013889
8 0.641667 0.203241 0.010417 0.017593
7 0.462500 0.140741 0.003125 0.014815
2 0.477083 0.112963 0.011458 0.042593
7 0.713542 0.210185 0.016667 0.018519
1 0.247656 0.134259 0.014062 0.014815
8 0.458333 0.086111 0.004167 0.009259
1 0.707031 0.202315 0.025521 0.019444
1 0.524479 0.083333 0.012500 0.009259
1 0.615365 0.212500 0.031771 0.021296
8 0.589323 0.203241 0.010937 0.019444
0 0.732292 0.749074 0.018750 0.057407
0 0.486979 0.102778 0.001042 0.011111
0 0.726823 0.218981 0.004688 0.021296
0 0.533594 0.183333 0.002604 0.018519
0 0.629687 0.934259 0.018750 0.050000
0 0.580990 0.231944 0.004688 0.013889
0 0.511979 0.183333 0.003125 0.018519
0 0.512760 0.120370 0.001563 0.012963
0 0.707552 0.219907 0.004688 0.021296
0 0.489323 0.148611 0.001563 0.015741
0 0.451302 0.110648 0.001563 0.012037
0 0.516927 0.114815 0.001563 0.007407
0 0.490885 0.124074 0.001563 0.012963
0 0.711979 0.084259 0.002083 0.009259
0 0.712500 0.752315 0.015625 0.043519
0 0.934375 0.227778 0.008333 0.012963
0 0.865365 0.499537 0.014062 0.030556
0 0.490625 0.151852 0.002083 0.014815
0 0.668490 0.186111 0.003646 0.018519
0 0.558333 0.187963 0.003125 0.011111
0 0.498177 0.146296 0.001563 0.014815
0 0.689062 0.649537 0.015625 0.052778
0 0.504948 0.163889 0.001563 0.016667
0 0.442708 0.144444 0.002083 0.014815
0 0.502344 0.125926 0.001563 0.012963
0 0.705208 0.085185 0.002083 0.009259
0 0.862240 0.222685 0.007812 0.021296
0 0.346094 0.595370 0.011979 0.048148
0 0.488281 0.113426 0.001563 0.012037
0 0.777604 0.228241 0.006250 0.013889
0 0.484896 0.235648 0.003125 0.015741
0 0.434375 0.225463 0.004167 0.013889