6 0.517969 0.100926 0.001563 0.007407
6 0.519271 0.103704 0.001042 0.007407
6 0.519531 0.105556 0.001563 0.007407
6 0.517187 0.100000 0.001042 0.007407
6 0.516667 0.098148 0.001042 0.007407
6 0.518750 0.102778 0.001042 0.007407
7 0.705990 0.228241 0.017188 0.019444
8 0.461719 0.135185 0.001563 0.014815
8 0.646875 0.218519 0.011458 0.018519
7 0.460677 0.150463 0.003646 0.015741
2 0.476042 0.118981 0.012500 0.037963
7 0.740104 0.226852 0.018750 0.020370
8 0.459635 0.089815 0.004688 0.009259
1 0.714063 0.217593 0.027083 0.020370
1 0.525260 0.086574 0.013021 0.008333
1 0.633594 0.229167 0.034896 0.023148
8 0.595573 0.218519 0.011979 0.020370
8 0.209896 0.157407 0.008333 0.014815
0 0.792448 0.975926 0.028646 0.048148
0 0.486458 0.107407 0.001042 0.011111
0 0.748177 0.237037 0.005729 0.022222
0 0.538021 0.195833 0.002083 0.019444
0 0.590625 0.251389 0.005208 0.015741
0 0.514583 0.196759 0.003125 0.019444
0 0.513802 0.125926 0.001563 0.012963
0 0.726302 0.238426 0.005729 0.023148
0 0.488542 0.156481 0.002083 0.016667
0 0.449479 0.115741 0.002083 0.012963
0 0.517969 0.120370 0.001563 0.007407
0 0.490885 0.130093 0.001563 0.013889
0 0.719531 0.087037 0.002604 0.009259
0 0.766146 0.980556 0.022917 0.038889
0 0.965104 0.246759 0.009375 0.013889
0 0.925000 0.594444 0.018750 0.035185
0 0.490104 0.160185 0.002083 0.016667
0 0.677344 0.199537 0.003646 0.019444
0 0.564583 0.200463 0.003125 0.012037
0 0.498437 0.155093 0.002083 0.015741
0 0.729688 0.804630 0.020833 0.062963
0 0.505208 0.173148 0.002083 0.016667
0 0.439323 0.153241 0.002604 0.015741
0 0.503906 0.132407 0.001563 0.012963
0 0.711979 0.088426 0.002083 0.010185
0 0.895573 0.241204 0.008854 0.023148
0 0.312500 0.726852 0.015625 0.055556
0 0.487760 0.118981 0.001563 0.012037
0 0.803125 0.247222 0.007292 0.014815
0 0.485417 0.256019 0.003125 0.017593
0 0.429167 0.245833 0.004167 0.013889