6 0.517448 0.097685 0.001563 0.006481
6 0.518490 0.100000 0.001563 0.007407
6 0.519010 0.101852 0.001563 0.007407
6 0.516667 0.096296 0.001042 0.007407
6 0.516146 0.095370 0.001042 0.007407
6 0.517969 0.099537 0.001563 0.008333
7 0.684896 0.213889 0.015625 0.018519
8 0.463281 0.128241 0.001563 0.013889
8 0.642448 0.205093 0.010937 0.017593
7 0.462240 0.141667 0.003646 0.014815
2 0.476823 0.113426 0.011979 0.041667
7 0.716406 0.212500 0.017188 0.019444
1 0.246094 0.135185 0.014062 0.014815
8 0.458594 0.086574 0.004688 0.008333
1 0.707552 0.204167 0.025521 0.019444
1 0.524479 0.083796 0.012500 0.008333
1 0.617708 0.214815 0.032292 0.022222
8 0.590104 0.205093 0.011458 0.019444
8 0.224479 0.149074 0.008333 0.014815
0 0.738281 0.772685 0.020312 0.058333
0 0.486979 0.103704 0.001042 0.011111
0 0.729167 0.220833 0.005208 0.021296
0 0.534115 0.185185 0.002604 0.018519
0 0.634375 0.966667 0.019792 0.051852
0 0.582031 0.234722 0.004688 0.013889
0 0.512240 0.185185 0.002604 0.018519
0 0.513021 0.120833 0.001042 0.012037
0 0.709635 0.221759 0.004688 0.021296
0 0.489323 0.149537 0.001563 0.015741
0 0.450781 0.111574 0.001563 0.012037
0 0.517187 0.115741 0.002083 0.007407
0 0.490885 0.125000 0.001563 0.012963
0 0.712760 0.084259 0.002604 0.009259
0 0.717708 0.775000 0.016667 0.044444
0 0.938021 0.230093 0.008333 0.013889
0 0.871875 0.510185 0.014583 0.031481
0 0.490625 0.153241 0.002083 0.015741
0 0.669531 0.187963 0.003646 0.018519
0 0.559375 0.189352 0.003125 0.012037
0 0.498177 0.147222 0.001563 0.014815
0 0.693229 0.665278 0.015625 0.054630
0 0.504948 0.164815 0.001563 0.016667
0 0.442448 0.145370 0.002604 0.014815
0 0.502344 0.126852 0.001563 0.012963
0 0.706250 0.085648 0.002083 0.010185
0 0.866406 0.225000 0.007812 0.022222
0 0.342448 0.609259 0.011979 0.050000
0 0.488281 0.113889 0.001563 0.011111
0 0.780469 0.230093 0.006771 0.013889
0 0.484635 0.237963 0.002604 0.016667
0 0.433854 0.227778 0.004167 0.012963