6 0.517708 0.103704 0.001042 0.007407
6 0.518750 0.106481 0.001042 0.007407
6 0.519271 0.107870 0.001042 0.008333
6 0.516927 0.102315 0.001563 0.008333
6 0.516406 0.100926 0.001563 0.007407
6 0.518229 0.105556 0.001042 0.007407
7 0.721875 0.239815 0.018750 0.020370
8 0.459635 0.140741 0.001563 0.014815
8 0.650260 0.229630 0.011979 0.020370
7 0.458333 0.156944 0.004167 0.015741
2 0.474479 0.122222 0.012500 0.038889
7 0.757812 0.238426 0.019792 0.021296
8 0.459375 0.092130 0.004167 0.010185
1 0.718490 0.228704 0.028646 0.022222
2 0.957552 0.078704 0.029687 0.024074
1 0.524740 0.088426 0.013021 0.008333
1 0.646094 0.240741 0.036979 0.024074
8 0.599479 0.229167 0.012500 0.021296
8 0.197135 0.165278 0.008854 0.015741
0 0.485417 0.110648 0.001042 0.012037
0 0.762500 0.250000 0.006250 0.024074
0 0.540365 0.205093 0.002604 0.019444
0 0.596615 0.265278 0.005729 0.015741
0 0.515625 0.206481 0.003125 0.020370
0 0.513281 0.130556 0.001563 0.012963
0 0.738802 0.251852 0.005729 0.024074
0 0.487500 0.162037 0.002083 0.016667
0 0.447135 0.119444 0.001563 0.012963
0 0.517708 0.124074 0.002083 0.007407
0 0.489844 0.134722 0.001563 0.013889
0 0.723698 0.089352 0.002604 0.010185
0 0.985677 0.260185 0.009896 0.014815
0 0.974219 0.674074 0.022396 0.038889
0 0.489062 0.165741 0.002083 0.016667
0 0.682813 0.208333 0.004167 0.020370
0 0.568229 0.209722 0.003125 0.012037
0 0.497656 0.161111 0.001563 0.016667
0 0.765885 0.946296 0.026563 0.070370
0 0.504687 0.179167 0.002083 0.017593
0 0.436198 0.158796 0.002604 0.015741
0 0.503906 0.136574 0.001563 0.013889
0 0.715365 0.090741 0.002604 0.009259
0 0.917969 0.254630 0.009896 0.024074
0 0.281771 0.844907 0.019792 0.062037
0 0.486719 0.122222 0.001563 0.012963
0 0.820052 0.260648 0.007812 0.015741
0 0.485417 0.270370 0.003125 0.018519
0 0.424740 0.260648 0.004688 0.015741