6 0.518229 0.106481 0.001042 0.007407
6 0.519271 0.109259 0.001042 0.007407
6 0.519792 0.110648 0.001042 0.008333
6 0.517448 0.104630 0.001563 0.007407
6 0.516667 0.103241 0.001042 0.008333
6 0.518750 0.108333 0.001042 0.007407
7 0.740104 0.252315 0.019792 0.021296
8 0.458333 0.146759 0.002083 0.015741
8 0.654688 0.241204 0.012500 0.021296
7 0.456771 0.164815 0.004167 0.016667
2 0.473958 0.125000 0.012500 0.040741
7 0.778385 0.250926 0.021354 0.022222
8 0.459635 0.094444 0.003646 0.009259
1 0.724479 0.240278 0.030208 0.023148
1 0.525521 0.090278 0.013542 0.008333
1 0.660417 0.253704 0.039583 0.025926
8 0.604427 0.241204 0.013021 0.021296
8 0.184635 0.172685 0.009896 0.015741
0 0.485156 0.113426 0.001563 0.012037
0 0.779167 0.264352 0.007292 0.025000
0 0.543750 0.214815 0.003125 0.020370
0 0.603906 0.279630 0.005729 0.016667
0 0.517708 0.217130 0.003125 0.021296
0 0.513802 0.134722 0.001563 0.013889
0 0.753125 0.266204 0.006250 0.025000
0 0.486979 0.167593 0.002083 0.016667
0 0.445833 0.123148 0.002083 0.012963
0 0.518229 0.128241 0.002083 0.008333
0 0.489323 0.138426 0.001563 0.013889
0 0.728906 0.091204 0.002604 0.010185
0 0.488542 0.172222 0.002083 0.016667
0 0.689323 0.218056 0.004688 0.021296
0 0.572656 0.219444 0.003646 0.012963
0 0.497917 0.167593 0.002083 0.016667
0 0.504687 0.186111 0.002083 0.018519
0 0.433854 0.165278 0.003125 0.015741
0 0.504948 0.141204 0.001563 0.013889
0 0.943490 0.269444 0.010937 0.025926
0 0.240885 0.985185 0.026563 0.029630
0 0.486198 0.125926 0.001563 0.012963
0 0.839844 0.275463 0.008854 0.015741
0 0.485938 0.286111 0.003125 0.018519
0 0.421094 0.276389 0.004688 0.015741