6 0.518229 0.106944 0.001042 0.008333
6 0.519271 0.110185 0.001042 0.007407
6 0.519792 0.111574 0.001042 0.008333
6 0.517448 0.105093 0.001563 0.008333
6 0.516927 0.103704 0.001563 0.007407
6 0.518750 0.108796 0.001042 0.008333
7 0.744271 0.255093 0.019792 0.021296
8 0.458073 0.147685 0.001563 0.015741
8 0.655469 0.243981 0.013021 0.021296
7 0.456250 0.165741 0.004167 0.016667
2 0.473698 0.125926 0.013021 0.040741
7 0.782552 0.253704 0.021354 0.022222
8 0.459896 0.095370 0.004167 0.009259
1 0.725781 0.243056 0.030729 0.023148
1 0.525521 0.090741 0.013542 0.009259
1 0.663281 0.256481 0.040104 0.025926
8 0.605208 0.243519 0.013542 0.022222
8 0.182031 0.174074 0.009896 0.016667
0 0.485156 0.114352 0.001563 0.012037
0 0.782812 0.267593 0.007292 0.025926
0 0.544531 0.216667 0.002604 0.020370
0 0.605469 0.283333 0.005729 0.016667
0 0.518229 0.218981 0.003125 0.021296
0 0.514063 0.135648 0.002083 0.013889
0 0.756250 0.269444 0.006250 0.025926
0 0.486979 0.168981 0.002083 0.017593
0 0.445573 0.124074 0.001563 0.012963
0 0.518229 0.129167 0.002083 0.008333
0 0.489323 0.139352 0.001563 0.013889
0 0.729948 0.091667 0.002604 0.009259
0 0.488542 0.173148 0.002083 0.016667
0 0.690885 0.219907 0.004688 0.021296
0 0.573698 0.222222 0.003646 0.012963
0 0.497917 0.168981 0.002083 0.017593
0 0.504687 0.187963 0.002083 0.018519
0 0.433333 0.166667 0.003125 0.016667
0 0.505469 0.142130 0.001563 0.013889
0 0.949219 0.272685 0.010937 0.025000
0 0.486198 0.126852 0.001563 0.012963
0 0.844010 0.278704 0.008854 0.016667
0 0.486198 0.289815 0.003646 0.018519
0 0.420052 0.279630 0.004688 0.016667