6 0.517969 0.104630 0.001563 0.007407
6 0.519010 0.107407 0.001563 0.007407
6 0.519531 0.109259 0.001563 0.007407
6 0.517187 0.103241 0.001042 0.008333
6 0.516667 0.101852 0.001042 0.007407
6 0.518490 0.106944 0.001563 0.008333
7 0.729167 0.244444 0.018750 0.020370
8 0.459115 0.143056 0.001563 0.015741
8 0.652083 0.234259 0.012500 0.020370
7 0.457812 0.160185 0.004167 0.016667
2 0.474479 0.123148 0.012500 0.038889
7 0.765885 0.243056 0.020312 0.021296
8 0.459375 0.093056 0.004167 0.010185
1 0.720833 0.233333 0.029167 0.022222
1 0.525000 0.088889 0.013542 0.009259
1 0.651563 0.245833 0.037500 0.025000
8 0.601302 0.233796 0.013021 0.021296
8 0.192448 0.168056 0.009896 0.015741
0 0.485417 0.111574 0.001042 0.012037
0 0.769010 0.255556 0.006771 0.024074
0 0.541927 0.208796 0.002604 0.019444
0 0.599219 0.270833 0.005729 0.015741
0 0.516667 0.210648 0.003125 0.021296
0 0.513802 0.131944 0.001563 0.013889
0 0.744271 0.256944 0.006250 0.025000
0 0.487240 0.163889 0.001563 0.016667
0 0.446615 0.120833 0.001563 0.012037
0 0.517969 0.125926 0.001563 0.007407
0 0.489583 0.135648 0.002083 0.013889
0 0.725781 0.090278 0.002604 0.010185
0 0.994792 0.266204 0.010417 0.015741
0 0.993750 0.711574 0.012500 0.041667
0 0.489062 0.168519 0.002083 0.016667
0 0.685417 0.212037 0.004167 0.020370
0 0.570052 0.213889 0.003646 0.012963
0 0.497917 0.163889 0.002083 0.016667
0 0.783854 0.989815 0.029167 0.020370
0 0.504687 0.181944 0.002083 0.017593
0 0.435417 0.161574 0.003125 0.015741
0 0.504427 0.138426 0.001563 0.013889
0 0.717188 0.091667 0.002083 0.009259
0 0.927865 0.260185 0.009896 0.024074
0 0.267448 0.901389 0.022396 0.063889
0 0.486719 0.124074 0.001563 0.012963
0 0.827604 0.266204 0.008333 0.015741
0 0.485677 0.276389 0.003646 0.017593
0 0.423698 0.266667 0.004688 0.016667