6 0.517708 0.104167 0.001042 0.008333
6 0.519010 0.107407 0.001563 0.007407
6 0.519531 0.108796 0.001563 0.008333
6 0.517187 0.102778 0.001042 0.007407
6 0.516667 0.100926 0.001042 0.007407
6 0.518490 0.106019 0.001563 0.008333
7 0.725521 0.241667 0.018750 0.020370
8 0.459375 0.142130 0.002083 0.015741
8 0.651302 0.231481 0.011979 0.020370
7 0.458073 0.158796 0.003646 0.015741
2 0.474479 0.123148 0.012500 0.038889
7 0.761979 0.240278 0.019792 0.021296
8 0.459375 0.092593 0.004167 0.009259
1 0.719531 0.230556 0.028646 0.022222
1 0.525000 0.088426 0.013542 0.008333
1 0.648958 0.243519 0.037500 0.024074
8 0.600521 0.231944 0.012500 0.021296
8 0.194792 0.166204 0.009375 0.015741
0 0.485417 0.111111 0.001042 0.011111
0 0.765885 0.252778 0.006771 0.024074
0 0.540885 0.206944 0.002604 0.019444
0 0.597917 0.268056 0.006250 0.015741
0 0.516146 0.208333 0.003125 0.020370
0 0.513542 0.131019 0.002083 0.013889
0 0.741406 0.254167 0.005729 0.025000
0 0.487500 0.162963 0.002083 0.016667
0 0.447135 0.119907 0.001563 0.012037
0 0.517708 0.125000 0.002083 0.007407
0 0.489844 0.134722 0.001563 0.013889
0 0.724740 0.089815 0.002604 0.009259
0 0.990365 0.262963 0.009896 0.014815
0 0.985677 0.692593 0.023438 0.040741
0 0.489062 0.167593 0.002083 0.016667
0 0.684115 0.210185 0.004688 0.020370
0 0.569010 0.212037 0.003646 0.012963
0 0.497917 0.162037 0.002083 0.016667
0 0.774740 0.972222 0.027604 0.055556
0 0.504687 0.181019 0.002083 0.017593
0 0.435677 0.160185 0.002604 0.016667
0 0.504427 0.137500 0.001563 0.013889
0 0.716146 0.091204 0.002083 0.010185
0 0.922656 0.257407 0.009896 0.024074
0 0.274740 0.872685 0.021354 0.063889
0 0.486719 0.123148 0.001563 0.012963
0 0.823698 0.263426 0.007812 0.015741
0 0.485417 0.273148 0.003125 0.018519
0 0.424219 0.263426 0.004688 0.015741