6 0.519010 0.112500 0.001563 0.008333
6 0.520312 0.116204 0.001042 0.008333
6 0.520833 0.117593 0.001042 0.009259
6 0.518229 0.110648 0.001042 0.008333
6 0.517708 0.108796 0.001042 0.008333
6 0.519792 0.114815 0.001042 0.009259
7 0.788281 0.285185 0.023438 0.024074
8 0.455208 0.161574 0.002083 0.017593
8 0.665104 0.272222 0.014583 0.024074
7 0.452865 0.182870 0.004688 0.019444
2 0.472135 0.133796 0.014062 0.043519
7 0.831510 0.282870 0.024479 0.025000
8 0.459375 0.100463 0.003125 0.010185
1 0.740625 0.270833 0.034375 0.026852
1 0.526563 0.095370 0.014583 0.009259
1 0.697656 0.287037 0.045313 0.029630
8 0.616927 0.272222 0.015104 0.024074
8 0.152865 0.191204 0.011979 0.017593
0 0.484375 0.121296 0.001042 0.012963
0 0.823698 0.302778 0.008854 0.027778
0 0.552083 0.239352 0.003125 0.023148
0 0.623177 0.319907 0.006771 0.019444
0 0.522656 0.243519 0.003646 0.024074
0 0.515104 0.145370 0.002083 0.014815
0 0.791146 0.304167 0.008333 0.028704
0 0.485938 0.181944 0.002083 0.017593
0 0.442448 0.131944 0.001563 0.013889
0 0.519271 0.137500 0.002083 0.008333
0 0.488802 0.149074 0.001563 0.014815
0 0.741146 0.095833 0.003125 0.010185
0 0.487500 0.187037 0.002083 0.018519
0 0.706250 0.243056 0.005208 0.023148
0 0.584896 0.244907 0.004167 0.013889
0 0.498177 0.183796 0.002604 0.017593
0 0.505208 0.203241 0.002083 0.019444
0 0.427344 0.181019 0.002604 0.017593
0 0.507812 0.152315 0.002083 0.015741
0 0.485677 0.135648 0.001563 0.013889
0 0.892187 0.315278 0.010417 0.017593
0 0.487500 0.328241 0.004167 0.021296
0 0.409896 0.320370 0.005208 0.018519