6 0.520052 0.118056 0.001563 0.008333
6 0.521094 0.121759 0.001563 0.008333
6 0.521615 0.124074 0.001563 0.009259
6 0.519010 0.116204 0.001563 0.008333
6 0.518490 0.114352 0.001563 0.008333
6 0.520573 0.120370 0.001563 0.009259
7 0.836979 0.318981 0.027083 0.026852
8 0.451823 0.175926 0.002604 0.018519
8 0.675781 0.303704 0.016146 0.025926
7 0.448958 0.200926 0.005208 0.020370
2 0.470573 0.140741 0.014062 0.044444
7 0.885677 0.316667 0.028646 0.027778
8 0.458594 0.106019 0.003646 0.010185
1 0.757812 0.301852 0.038542 0.029630
1 0.527604 0.099074 0.014583 0.009259
1 0.735937 0.321296 0.052083 0.033333
8 0.629427 0.303241 0.017188 0.026852
8 0.121354 0.210185 0.013542 0.020370
0 0.483594 0.128704 0.001563 0.012963
0 0.870313 0.342593 0.011458 0.031481
0 0.560677 0.263426 0.003646 0.025000
0 0.643750 0.361574 0.008333 0.021296
0 0.528125 0.270370 0.004167 0.025926
0 0.516146 0.155093 0.002083 0.015741
0 0.831510 0.344444 0.010937 0.031481
0 0.484896 0.195833 0.002083 0.019444
0 0.439063 0.140278 0.002083 0.013889
0 0.520573 0.146296 0.002604 0.009259
0 0.487760 0.157870 0.001563 0.015741
0 0.752083 0.100463 0.003125 0.010185
0 0.486719 0.200463 0.002604 0.019444
0 0.722656 0.267130 0.005729 0.025000
0 0.596615 0.269907 0.004688 0.015741
0 0.498437 0.199537 0.002083 0.019444
0 0.505729 0.219444 0.002083 0.020370
0 0.421354 0.195833 0.003125 0.019444
0 0.510417 0.162500 0.002083 0.015741
0 0.485417 0.143519 0.002083 0.014815
0 0.946875 0.356481 0.012500 0.020370
0 0.488802 0.371296 0.004688 0.024074
0 0.400521 0.366667 0.007292 0.022222