6 0.519531 0.116204 0.001563 0.008333
6 0.521094 0.119907 0.001563 0.008333
6 0.521615 0.122222 0.001563 0.009259
6 0.518750 0.114352 0.001042 0.008333
6 0.518229 0.112500 0.001042 0.008333
6 0.520312 0.118519 0.001042 0.009259
7 0.819531 0.306481 0.025521 0.025926
8 0.452865 0.170833 0.002604 0.017593
8 0.671875 0.292130 0.015625 0.025000
7 0.450260 0.194444 0.004688 0.020370
2 0.471094 0.137963 0.014062 0.044444
7 0.866406 0.304630 0.027604 0.025926
8 0.458854 0.104167 0.003125 0.010185
1 0.751823 0.290741 0.036979 0.027778
1 0.527083 0.097685 0.014583 0.010185
1 0.722656 0.309259 0.049479 0.031481
8 0.625260 0.292130 0.016146 0.025000
8 0.132552 0.203704 0.013021 0.018519
0 0.483854 0.125926 0.001042 0.012963
0 0.853646 0.328241 0.010417 0.030556
0 0.557552 0.254630 0.003646 0.024074
0 0.636198 0.346296 0.007812 0.020370
0 0.526042 0.260648 0.004167 0.025000
0 0.515625 0.151852 0.002083 0.014815
0 0.817187 0.330093 0.009375 0.030556
0 0.485417 0.190741 0.002083 0.018519
0 0.440104 0.137500 0.002083 0.013889
0 0.520312 0.143056 0.002083 0.008333
0 0.488281 0.155093 0.001563 0.015741
0 0.748438 0.099074 0.003125 0.011111
0 0.486979 0.195833 0.002083 0.019444
0 0.716927 0.258796 0.005729 0.025000
0 0.592448 0.261111 0.004688 0.014815
0 0.498437 0.193981 0.002083 0.019444
0 0.505469 0.213889 0.002604 0.020370
0 0.423438 0.190741 0.003125 0.018519
0 0.509375 0.158796 0.002083 0.015741
0 0.485417 0.140741 0.002083 0.014815
0 0.927344 0.342130 0.011979 0.019444
0 0.488281 0.356944 0.004688 0.023148
0 0.403646 0.350000 0.006250 0.020370