6 0.520052 0.118981 0.001563 0.008333
6 0.521094 0.122685 0.001563 0.008333
6 0.522135 0.125000 0.001563 0.009259
6 0.519010 0.117130 0.001563 0.008333
6 0.518490 0.115278 0.001563 0.008333
6 0.520573 0.121296 0.001563 0.009259
7 0.842969 0.322685 0.027604 0.026852
8 0.451302 0.177315 0.002604 0.019444
8 0.677083 0.307407 0.016667 0.025926
7 0.448438 0.203241 0.005208 0.021296
2 0.470313 0.141204 0.014583 0.045370
7 0.892448 0.320370 0.029687 0.027778
8 0.458333 0.106944 0.003125 0.010185
1 0.760156 0.305556 0.039062 0.029630
1 0.527604 0.099537 0.014583 0.010185
1 0.740885 0.325463 0.052604 0.034259
8 0.631250 0.306944 0.017708 0.026852
8 0.117708 0.212500 0.013542 0.019444
0 0.483594 0.129167 0.001563 0.013889
0 0.876302 0.348148 0.011979 0.031481
0 0.561719 0.266204 0.003646 0.025000
0 0.646354 0.366667 0.008333 0.022222
0 0.528646 0.273611 0.004167 0.026852
0 0.516146 0.156019 0.002083 0.015741
0 0.836719 0.349537 0.010937 0.032407
0 0.484896 0.197222 0.002083 0.018519
0 0.438802 0.141204 0.001563 0.013889
0 0.520833 0.147222 0.002083 0.009259
0 0.487760 0.158796 0.001563 0.015741
0 0.753125 0.100926 0.003125 0.011111
0 0.486458 0.202315 0.002083 0.019444
0 0.724479 0.270370 0.006250 0.025926
0 0.597917 0.273148 0.005208 0.016667
0 0.498437 0.201389 0.002083 0.019444
0 0.505729 0.221759 0.002083 0.021296
0 0.420573 0.197685 0.003646 0.019444
0 0.510677 0.163889 0.001563 0.016667
0 0.485417 0.144907 0.002083 0.015741
0 0.953906 0.362037 0.013021 0.020370
0 0.488802 0.377315 0.004688 0.025000
0 0.399479 0.372222 0.007292 0.022222