6 0.519010 0.113426 0.001563 0.008333
6 0.520573 0.116667 0.001563 0.007407
6 0.521094 0.118519 0.001563 0.009259
6 0.518490 0.111574 0.001563 0.008333
6 0.517708 0.109722 0.001042 0.008333
6 0.519792 0.115278 0.001042 0.008333
7 0.792969 0.288426 0.023438 0.025000
8 0.454688 0.162963 0.002083 0.016667
8 0.666146 0.275463 0.014583 0.023148
7 0.452344 0.184722 0.004688 0.019444
2 0.471875 0.134722 0.013542 0.043519
7 0.836979 0.286574 0.025000 0.025000
8 0.459115 0.101389 0.003646 0.010185
1 0.742448 0.274074 0.034896 0.025926
1 0.526563 0.095370 0.014583 0.009259
1 0.701823 0.290741 0.046354 0.029630
8 0.618229 0.275000 0.015625 0.024074
8 0.149740 0.193519 0.011979 0.018519
0 0.484115 0.122222 0.001563 0.012963
0 0.828125 0.306944 0.009375 0.028704
0 0.553125 0.241667 0.003125 0.022222
0 0.625260 0.324074 0.006771 0.018519
0 0.523438 0.246296 0.004167 0.024074
0 0.515104 0.146296 0.002083 0.014815
0 0.795313 0.308796 0.008333 0.028704
0 0.485938 0.183333 0.002083 0.018519
0 0.442187 0.132870 0.002083 0.013889
0 0.519792 0.138426 0.002083 0.008333
0 0.488542 0.150000 0.002083 0.014815
0 0.742188 0.096759 0.003125 0.010185
0 0.487500 0.187963 0.002083 0.018519
0 0.707812 0.245370 0.005208 0.024074
0 0.585938 0.247685 0.004167 0.013889
0 0.498177 0.185185 0.002604 0.018519
0 0.505208 0.205093 0.002083 0.019444
0 0.426562 0.182407 0.003125 0.018519
0 0.508073 0.153241 0.001563 0.015741
0 0.485677 0.136574 0.001563 0.013889
0 0.897656 0.319444 0.010937 0.018519
0 0.487500 0.332870 0.004167 0.021296
0 0.409115 0.324537 0.005729 0.019444