6 0.520052 0.119907 0.001563 0.008333
6 0.521615 0.123611 0.001563 0.008333
6 0.522135 0.125463 0.001563 0.010185
6 0.519271 0.117593 0.001042 0.009259
6 0.518490 0.115741 0.001563 0.009259
6 0.520833 0.122222 0.001042 0.009259
7 0.849479 0.327315 0.028125 0.026852
8 0.450781 0.179167 0.002604 0.019444
8 0.678385 0.311574 0.017188 0.026852
7 0.447917 0.206019 0.005208 0.021296
2 0.470052 0.142130 0.014062 0.045370
7 0.899740 0.325000 0.029687 0.027778
8 0.458333 0.107870 0.003125 0.010185
1 0.762500 0.309722 0.039583 0.030556
1 0.527865 0.100000 0.015104 0.009259
1 0.745833 0.330093 0.054167 0.034259
8 0.632812 0.311111 0.017708 0.027778
8 0.113802 0.214815 0.014062 0.020370
0 0.483594 0.130093 0.001563 0.013889
0 0.882552 0.353241 0.011979 0.032407
0 0.562760 0.269907 0.003646 0.025000
0 0.648958 0.372222 0.008333 0.022222
0 0.529427 0.277315 0.004688 0.026852
0 0.516406 0.157407 0.001563 0.016667
0 0.841927 0.355093 0.010937 0.032407
0 0.484635 0.198611 0.002604 0.019444
0 0.438542 0.142130 0.002083 0.013889
0 0.520833 0.148148 0.002083 0.009259
0 0.487760 0.160185 0.001563 0.016667
0 0.754687 0.101389 0.003125 0.010185
0 0.486458 0.204167 0.002083 0.019444
0 0.726823 0.273148 0.006771 0.025926
0 0.599479 0.276389 0.005208 0.015741
0 0.498437 0.203241 0.002083 0.019444
0 0.505729 0.223611 0.002083 0.021296
0 0.419792 0.199537 0.003125 0.019444
0 0.510938 0.164815 0.002083 0.016667
0 0.485677 0.145833 0.002604 0.015741
0 0.961458 0.367593 0.013542 0.020370
0 0.489323 0.383333 0.004688 0.024074
0 0.398177 0.378704 0.007812 0.022222