6 0.520573 0.122685 0.001563 0.008333
6 0.522135 0.126389 0.001563 0.008333
6 0.522656 0.128704 0.001563 0.009259
6 0.519531 0.120370 0.001563 0.009259
6 0.519010 0.118519 0.001563 0.009259
6 0.521094 0.125000 0.001563 0.009259
7 0.876562 0.345833 0.030208 0.028704
8 0.449219 0.187037 0.002604 0.020370
8 0.684375 0.328704 0.017708 0.027778
7 0.446094 0.215741 0.005729 0.022222
2 0.469271 0.145370 0.014583 0.046296
7 0.929167 0.343519 0.032292 0.029630
8 0.457812 0.110185 0.003125 0.011111
1 0.772135 0.326389 0.042188 0.032407
1 0.528385 0.102315 0.015104 0.010185
1 0.766927 0.349074 0.057813 0.037037
8 0.639583 0.328241 0.018750 0.028704
8 0.097135 0.224537 0.015104 0.021296
0 0.483073 0.133796 0.001563 0.013889
0 0.909375 0.376389 0.013542 0.034259
0 0.567187 0.282870 0.004167 0.026852
0 0.660417 0.395370 0.009375 0.024074
0 0.532031 0.291667 0.004688 0.027778
0 0.516927 0.162500 0.001563 0.015741
0 0.865104 0.378241 0.012500 0.034259
0 0.484115 0.206019 0.002604 0.019444
0 0.436979 0.146296 0.002083 0.014815
0 0.521354 0.152778 0.002083 0.009259
0 0.487240 0.164815 0.001563 0.016667
0 0.759896 0.103704 0.003125 0.011111
0 0.486198 0.211111 0.002604 0.020370
0 0.735677 0.286574 0.006771 0.026852
0 0.605729 0.289815 0.005208 0.016667
0 0.498437 0.211111 0.002083 0.020370
0 0.505990 0.231481 0.002604 0.022222
0 0.416927 0.207407 0.003646 0.020370
0 0.512240 0.169907 0.001563 0.017593
0 0.485677 0.150000 0.002604 0.014815
0 0.992448 0.390741 0.015104 0.022222
0 0.490104 0.408796 0.005208 0.026852
0 0.394010 0.404630 0.008854 0.024074