6 0.521615 0.125463 0.001563 0.008333
6 0.523177 0.129167 0.001563 0.008333
6 0.523698 0.131481 0.001563 0.009259
6 0.520833 0.123148 0.001042 0.009259
6 0.520052 0.121296 0.001563 0.009259
6 0.522656 0.127778 0.001563 0.009259
7 0.907031 0.367130 0.032812 0.030556
8 0.448177 0.194907 0.002604 0.021296
8 0.691406 0.348148 0.019271 0.029630
7 0.444531 0.225926 0.005729 0.024074
2 0.469531 0.148611 0.015104 0.049074
7 0.963802 0.363889 0.034896 0.031481
8 0.457812 0.112963 0.003125 0.011111
1 0.783854 0.345833 0.044792 0.034259
1 0.529688 0.104167 0.015625 0.010185
1 0.791146 0.370370 0.062500 0.038889
8 0.647396 0.347685 0.019792 0.030556
8 0.079948 0.235185 0.016146 0.022222
0 0.483594 0.137500 0.001563 0.013889
0 0.940104 0.402315 0.015625 0.036111
0 0.572917 0.297222 0.004167 0.027778
0 0.673698 0.421759 0.009896 0.025000
0 0.536198 0.307870 0.004688 0.028704
0 0.518229 0.167593 0.002083 0.016667
0 0.891927 0.404167 0.014062 0.036111
0 0.484375 0.212963 0.002083 0.020370
0 0.435937 0.150463 0.002083 0.015741
0 0.522656 0.156944 0.002604 0.010185
0 0.487500 0.169444 0.002083 0.016667
0 0.766146 0.105556 0.003125 0.011111
0 0.486198 0.218981 0.002604 0.021296
0 0.746094 0.301389 0.007812 0.028704
0 0.613281 0.305093 0.005729 0.017593
0 0.499219 0.219907 0.002604 0.021296
0 0.507031 0.241204 0.002604 0.023148
0 0.414323 0.215741 0.003646 0.020370
0 0.514583 0.175463 0.002083 0.017593
0 0.486458 0.154167 0.002083 0.015741
0 0.491667 0.437963 0.005208 0.027778
0 0.390625 0.433796 0.009375 0.025000