6 0.521094 0.124537 0.001563 0.008333
6 0.522656 0.128704 0.001563 0.009259
6 0.523177 0.130556 0.001563 0.009259
6 0.520052 0.122222 0.001563 0.009259
6 0.519531 0.120370 0.001563 0.009259
6 0.521615 0.126852 0.001563 0.009259
7 0.898698 0.361574 0.031771 0.030556
8 0.448177 0.192593 0.002604 0.020370
8 0.689323 0.342593 0.019271 0.029630
7 0.444531 0.223611 0.005729 0.023148
2 0.469010 0.147685 0.015104 0.049074
7 0.954167 0.358796 0.034375 0.030556
8 0.457292 0.112500 0.003125 0.010185
1 0.780469 0.340741 0.044271 0.033333
1 0.528906 0.104167 0.015104 0.010185
1 0.784635 0.364815 0.060938 0.038889
8 0.645052 0.342593 0.019271 0.029630
8 0.083854 0.232407 0.015625 0.022222
0 0.483073 0.136574 0.001563 0.013889
0 0.931510 0.395370 0.015104 0.035185
0 0.571094 0.293056 0.004688 0.026852
0 0.670052 0.414815 0.009896 0.024074
0 0.534896 0.303241 0.005208 0.028704
0 0.517708 0.166667 0.002083 0.016667
0 0.884375 0.397222 0.013542 0.035185
0 0.484115 0.211111 0.002604 0.020370
0 0.435937 0.149074 0.002083 0.014815
0 0.522135 0.156019 0.002604 0.010185
0 0.487240 0.168519 0.001563 0.016667
0 0.764063 0.105093 0.003125 0.012037
0 0.485938 0.216667 0.002083 0.020370
0 0.743229 0.297222 0.007292 0.027778
0 0.611198 0.300926 0.005729 0.016667
0 0.498698 0.218056 0.002604 0.021296
0 0.506510 0.238426 0.002604 0.023148
0 0.414844 0.213426 0.003646 0.021296
0 0.513542 0.174074 0.002083 0.016667
0 0.485938 0.153241 0.002083 0.015741
0 0.491146 0.430093 0.005208 0.026852
0 0.391146 0.426389 0.009375 0.025000