6 0.520312 0.120833 0.001042 0.008333
6 0.521615 0.124537 0.001563 0.008333
6 0.522135 0.126852 0.001563 0.009259
6 0.519531 0.118981 0.001563 0.008333
6 0.518750 0.117130 0.001042 0.008333
6 0.521094 0.123148 0.001563 0.009259
7 0.862760 0.336574 0.028646 0.028704
8 0.450260 0.182870 0.002604 0.019444
8 0.681510 0.319907 0.017188 0.026852
7 0.446875 0.210648 0.005208 0.021296
2 0.469792 0.143981 0.014583 0.045370
7 0.914323 0.333796 0.030729 0.028704
8 0.457812 0.109259 0.003125 0.011111
1 0.767448 0.318519 0.041146 0.031481
1 0.527865 0.101389 0.015104 0.010185
1 0.756510 0.339352 0.055729 0.036111
8 0.636198 0.319444 0.018229 0.027778
8 0.105469 0.219444 0.014062 0.020370
0 0.483073 0.131944 0.001563 0.013889
0 0.895573 0.364815 0.013021 0.033333
0 0.565104 0.275926 0.004167 0.025926
0 0.654427 0.383796 0.008854 0.023148
0 0.530990 0.284259 0.004688 0.027778
0 0.516667 0.159722 0.002083 0.015741
0 0.853385 0.366667 0.011979 0.033333
0 0.484375 0.202315 0.002083 0.019444
0 0.437500 0.144444 0.002083 0.014815
0 0.521094 0.150000 0.002604 0.009259
0 0.487500 0.162500 0.002083 0.015741
0 0.757292 0.102778 0.003125 0.011111
0 0.486458 0.207407 0.002083 0.020370
0 0.731250 0.280093 0.006250 0.026852
0 0.602604 0.283333 0.005208 0.016667
0 0.498437 0.207407 0.002083 0.020370
0 0.505990 0.227778 0.002604 0.022222
0 0.418490 0.203704 0.003646 0.020370
0 0.511458 0.167593 0.002083 0.016667
0 0.485677 0.148148 0.002604 0.014815
0 0.976823 0.379167 0.014062 0.021296
0 0.489583 0.395833 0.005208 0.025000
0 0.396354 0.391667 0.008333 0.024074