6 0.520573 0.121759 0.001563 0.008333
6 0.521615 0.125463 0.001563 0.008333
6 0.522656 0.127778 0.001563 0.009259
6 0.519531 0.119444 0.001563 0.009259
6 0.519010 0.117593 0.001563 0.009259
6 0.521094 0.124074 0.001563 0.009259
7 0.869531 0.341204 0.029687 0.028704
8 0.449740 0.184722 0.002604 0.019444
8 0.682813 0.324074 0.017708 0.027778
7 0.446615 0.212963 0.005729 0.022222
2 0.469531 0.144444 0.015104 0.046296
7 0.921615 0.338889 0.031771 0.029630
8 0.457812 0.109722 0.003125 0.010185
1 0.769792 0.322222 0.041667 0.031481
1 0.528385 0.101389 0.015104 0.010185
1 0.761719 0.343981 0.056771 0.036111
8 0.637760 0.324074 0.018229 0.027778
8 0.101302 0.222222 0.015104 0.020370
0 0.483073 0.132870 0.001563 0.013889
0 0.902344 0.370370 0.013021 0.033333
0 0.566146 0.279630 0.004167 0.025926
0 0.657292 0.389352 0.009375 0.023148
0 0.531510 0.287963 0.004688 0.027778
0 0.516667 0.161111 0.002083 0.016667
0 0.859115 0.372222 0.011979 0.033333
0 0.484375 0.204167 0.002083 0.019444
0 0.437500 0.145370 0.002083 0.014815
0 0.521354 0.151852 0.002083 0.009259
0 0.487500 0.163889 0.002083 0.016667
0 0.758854 0.102778 0.003125 0.011111
0 0.486198 0.209259 0.002604 0.020370
0 0.733594 0.283796 0.006771 0.026852
0 0.604167 0.286111 0.005208 0.016667
0 0.498437 0.209259 0.002083 0.020370
0 0.505990 0.229630 0.002604 0.022222
0 0.417708 0.205556 0.003125 0.020370
0 0.511979 0.168519 0.002083 0.016667
0 0.485677 0.149074 0.002604 0.014815
0 0.984375 0.385185 0.014583 0.022222
0 0.489844 0.401852 0.004688 0.025926
0 0.395052 0.398148 0.008854 0.024074