6 0.520573 0.123611 0.001563 0.008333
6 0.522135 0.127778 0.001563 0.009259
6 0.522656 0.130093 0.001563 0.010185
6 0.519792 0.121759 0.001042 0.008333
6 0.519010 0.119444 0.001563 0.009259
6 0.521615 0.126389 0.001563 0.010185
7 0.890625 0.356019 0.031250 0.030556
8 0.448177 0.190741 0.002604 0.020370
8 0.687500 0.337963 0.018750 0.029630
7 0.444531 0.220833 0.005729 0.023148
2 0.469010 0.146759 0.015104 0.047222
7 0.945312 0.353241 0.033333 0.030556
8 0.457292 0.112037 0.003125 0.011111
1 0.777604 0.336111 0.043750 0.033333
1 0.528385 0.103241 0.015104 0.010185
1 0.778385 0.359259 0.059896 0.038889
8 0.642969 0.337963 0.019271 0.029630
8 0.088021 0.230093 0.015625 0.021296
0 0.482812 0.135648 0.002083 0.013889
0 0.923698 0.388426 0.014062 0.034259
0 0.569531 0.289352 0.004688 0.026852
0 0.666406 0.408333 0.009896 0.024074
0 0.533594 0.299537 0.004688 0.028704
0 0.517187 0.164815 0.002083 0.016667
0 0.877344 0.390741 0.013021 0.035185
0 0.483854 0.209259 0.002083 0.020370
0 0.435937 0.148148 0.002083 0.014815
0 0.521615 0.154630 0.002604 0.009259
0 0.486979 0.167593 0.002083 0.016667
0 0.762500 0.104630 0.003125 0.011111
0 0.485677 0.214815 0.002604 0.020370
0 0.740365 0.293519 0.006771 0.027778
0 0.609115 0.297222 0.005729 0.016667
0 0.498177 0.215741 0.002604 0.020370
0 0.505990 0.236574 0.002604 0.023148
0 0.415365 0.211574 0.003646 0.021296
0 0.513021 0.172685 0.002083 0.017593
0 0.485677 0.152315 0.002604 0.015741
0 0.490625 0.422685 0.005208 0.026852
0 0.391927 0.418981 0.008854 0.025000