6 0.529427 0.132407 0.001563 0.009259
6 0.530990 0.137037 0.001563 0.009259
6 0.531510 0.139352 0.001563 0.010185
6 0.528385 0.129630 0.001563 0.009259
6 0.527865 0.127778 0.001563 0.009259
6 0.530469 0.135185 0.001563 0.009259
7 0.990104 0.428241 0.019792 0.036111
8 0.450000 0.215278 0.003125 0.023148
8 0.715885 0.401389 0.022396 0.034259
7 0.445052 0.253241 0.006771 0.026852
2 0.473958 0.156481 0.015625 0.061111
8 0.462500 0.120370 0.003125 0.011111
1 0.821615 0.400000 0.053646 0.040741
1 0.537500 0.109259 0.016667 0.011111
1 0.864844 0.431944 0.076563 0.047222
8 0.672135 0.400926 0.023438 0.033333
8 0.043750 0.260648 0.018750 0.025000
0 0.489323 0.146296 0.001563 0.014815
0 0.592188 0.335648 0.005208 0.030556
0 0.715625 0.496296 0.012500 0.029630
0 0.550781 0.351389 0.005729 0.032407
0 0.526042 0.180556 0.002083 0.018519
0 0.975521 0.481481 0.019792 0.042593
0 0.489323 0.231481 0.002604 0.022222
0 0.438542 0.160648 0.002083 0.015741
0 0.530990 0.168056 0.002604 0.010185
0 0.493229 0.181481 0.002083 0.018519
0 0.787760 0.111574 0.003646 0.012037
0 0.491406 0.237500 0.002604 0.023148
0 0.779427 0.341667 0.008854 0.031481
0 0.638281 0.344907 0.006771 0.019444
0 0.505469 0.242593 0.002604 0.022222
0 0.515104 0.264352 0.003125 0.025000
0 0.413021 0.236111 0.004167 0.022222
0 0.524479 0.188889 0.002083 0.018519
0 0.493229 0.165278 0.002083 0.017593
0 0.500000 0.519907 0.006250 0.032407
0 0.384115 0.514815 0.010937 0.029630