6 0.525260 0.128241 0.001563 0.008333
6 0.526823 0.132407 0.001563 0.009259
6 0.527344 0.134722 0.001563 0.010185
6 0.524219 0.125926 0.001563 0.009259
6 0.523698 0.124074 0.001563 0.009259
6 0.526302 0.131019 0.001563 0.010185
7 0.946094 0.392593 0.035937 0.033333
8 0.449219 0.203704 0.002604 0.022222
8 0.702083 0.370370 0.020833 0.031481
7 0.444792 0.237500 0.006250 0.025000
2 0.471615 0.151852 0.015104 0.055556
7 0.993750 0.389815 0.012500 0.033333
8 0.459896 0.116667 0.003125 0.011111
1 0.799740 0.368519 0.048437 0.037037
1 0.533333 0.106481 0.015625 0.011111
1 0.821875 0.395833 0.067708 0.043519
8 0.658073 0.369907 0.021354 0.032407
8 0.064844 0.245833 0.017188 0.023148
0 0.486198 0.141204 0.001563 0.013889
0 0.979948 0.433796 0.018229 0.037963
0 0.581250 0.313426 0.005208 0.028704
0 0.691146 0.452315 0.011458 0.026852
0 0.542708 0.326389 0.005208 0.030556
0 0.521875 0.173148 0.002083 0.016667
0 0.926302 0.436111 0.016146 0.038889
0 0.486719 0.220833 0.002604 0.021296
0 0.437240 0.155093 0.002604 0.015741
0 0.526563 0.162037 0.002083 0.009259
0 0.490104 0.174537 0.002083 0.017593
0 0.776042 0.108333 0.003125 0.011111
0 0.488802 0.226852 0.002604 0.022222
0 0.760417 0.318519 0.008333 0.029630
0 0.624479 0.321296 0.006250 0.018519
0 0.502083 0.229630 0.002083 0.022222
0 0.510938 0.250926 0.003125 0.024074
0 0.414062 0.224537 0.004167 0.021296
0 0.518750 0.181019 0.002083 0.017593
0 0.489583 0.159259 0.002083 0.016667
0 0.495573 0.471296 0.005729 0.029630
0 0.388281 0.467130 0.009896 0.026852