6 0.526823 0.130556 0.001563 0.009259
6 0.528385 0.135185 0.001563 0.009259
6 0.528906 0.137500 0.001563 0.010185
6 0.525781 0.128241 0.001563 0.010185
6 0.525260 0.125926 0.001563 0.009259
6 0.527865 0.133796 0.001563 0.010185
7 0.976302 0.412500 0.039062 0.034259
8 0.448958 0.210648 0.003125 0.023148
8 0.709375 0.387963 0.021875 0.033333
7 0.444271 0.247222 0.006250 0.025926
2 0.472135 0.154630 0.016146 0.059259
8 0.460417 0.118519 0.003125 0.011111
1 0.811198 0.386111 0.051562 0.038889
1 0.534896 0.108333 0.015625 0.011111
1 0.845573 0.416204 0.072396 0.045370
8 0.665625 0.387500 0.022917 0.032407
8 0.051302 0.254630 0.018229 0.024074
0 0.487240 0.144444 0.001563 0.014815
0 0.999740 0.459259 0.000521 0.040741
0 0.586979 0.325926 0.005208 0.029630
0 0.704427 0.477315 0.011979 0.028704
0 0.546615 0.340741 0.005729 0.031481
0 0.523438 0.177315 0.002083 0.017593
0 0.953385 0.461574 0.018229 0.039815
0 0.487760 0.227315 0.002604 0.021296
0 0.437240 0.158333 0.002604 0.016667
0 0.528385 0.165741 0.002604 0.009259
0 0.491146 0.178241 0.002083 0.017593
0 0.782031 0.110185 0.003646 0.011111
0 0.489844 0.233333 0.002604 0.022222
0 0.770573 0.331944 0.008854 0.030556
0 0.631771 0.334722 0.006250 0.019444
0 0.503385 0.237037 0.002604 0.022222
0 0.512500 0.258333 0.003125 0.024074
0 0.412760 0.231481 0.003646 0.022222
0 0.521354 0.185648 0.002083 0.017593
0 0.490885 0.162963 0.002604 0.016667
0 0.497396 0.499074 0.006250 0.031481
0 0.385156 0.494907 0.009896 0.028704