6 0.540625 0.140741 0.002083 0.009259
6 0.542188 0.146296 0.002083 0.009259
6 0.542969 0.149074 0.001563 0.011111
6 0.539323 0.138426 0.001563 0.010185
6 0.538802 0.135648 0.001563 0.010185
6 0.541406 0.144444 0.001563 0.011111
8 0.453385 0.243519 0.003646 0.025926
8 0.759375 0.483796 0.028125 0.041667
7 0.446615 0.292593 0.007812 0.031481
2 0.481250 0.168519 0.016667 0.068519
8 0.469792 0.128704 0.003125 0.012963
1 0.880729 0.483333 0.067708 0.050000
1 0.548698 0.115741 0.017188 0.011111
1 0.966146 0.529630 0.067708 0.059259
8 0.709375 0.482407 0.029167 0.038889
0 0.497656 0.157407 0.001563 0.016667
0 0.621354 0.391204 0.007292 0.034259
0 0.784896 0.619444 0.017708 0.037037
0 0.537760 0.197685 0.002604 0.019444
0 0.497656 0.256481 0.002604 0.024074
0 0.443229 0.173611 0.002083 0.017593
0 0.542708 0.182870 0.003125 0.010185
0 0.502083 0.196296 0.002083 0.018519
0 0.816146 0.118981 0.004167 0.012037
0 0.499740 0.262500 0.002604 0.025000
0 0.829427 0.401389 0.011979 0.036111
0 0.675781 0.403241 0.008854 0.023148
0 0.515104 0.273148 0.003125 0.025926
0 0.526823 0.294907 0.003646 0.026852
0 0.412500 0.264352 0.004167 0.025000
0 0.538802 0.206481 0.002604 0.020370
0 0.503385 0.179167 0.002604 0.017593
0 0.514583 0.655556 0.008333 0.038889
0 0.374479 0.650000 0.013542 0.037037