6 0.539844 0.139815 0.001563 0.009259
6 0.541406 0.145370 0.001563 0.009259
6 0.542188 0.148148 0.002083 0.011111
6 0.538802 0.137500 0.001563 0.010185
6 0.537760 0.134722 0.001563 0.010185
6 0.540625 0.143519 0.002083 0.011111
8 0.453385 0.239815 0.003646 0.025926
8 0.753906 0.474537 0.027604 0.041667
7 0.446615 0.287963 0.007812 0.031481
2 0.480729 0.166667 0.016667 0.068519
8 0.469271 0.127778 0.003125 0.012963
1 0.874479 0.473611 0.066667 0.049074
1 0.547917 0.114815 0.016667 0.011111
1 0.960156 0.518056 0.079687 0.058333
8 0.705469 0.473611 0.028646 0.037963
8 0.006510 0.291204 0.013021 0.026852
0 0.497135 0.156019 0.001563 0.015741
0 0.618490 0.385185 0.006771 0.033333
0 0.777083 0.604630 0.016667 0.035185
0 0.571094 0.407407 0.006771 0.037037
0 0.536719 0.195833 0.002604 0.019444
0 0.497135 0.253704 0.002604 0.024074
0 0.442969 0.172222 0.002604 0.016667
0 0.541927 0.181481 0.002604 0.011111
0 0.501562 0.194907 0.002083 0.019444
0 0.813542 0.118519 0.004167 0.012963
0 0.499219 0.259722 0.002604 0.025000
0 0.824219 0.394444 0.011979 0.035185
0 0.671875 0.397222 0.008333 0.022222
0 0.514583 0.269907 0.003125 0.025000
0 0.526042 0.291667 0.004167 0.027778
0 0.412760 0.261111 0.004688 0.024074
0 0.537760 0.204167 0.002604 0.019444
0 0.502344 0.177778 0.002604 0.018519
0 0.513281 0.638889 0.007812 0.038889
0 0.375781 0.633796 0.013021 0.036111