6 0.541667 0.141667 0.002083 0.009259
6 0.543229 0.147222 0.002083 0.009259
6 0.544271 0.150000 0.002083 0.011111
6 0.540625 0.139352 0.002083 0.010185
6 0.539844 0.136574 0.001563 0.010185
6 0.542708 0.145370 0.002083 0.011111
8 0.453906 0.246759 0.003646 0.026852
8 0.765365 0.493519 0.028646 0.042593
7 0.446615 0.296759 0.007812 0.032407
2 0.482031 0.169444 0.017188 0.068519
8 0.470573 0.129630 0.003646 0.012963
1 0.888021 0.493056 0.069792 0.050926
1 0.549740 0.116204 0.017188 0.012037
1 0.972656 0.541667 0.054688 0.061111
8 0.713542 0.492593 0.030208 0.038889
0 0.498698 0.158796 0.001563 0.015741
0 0.624479 0.398148 0.007292 0.035185
0 0.793490 0.634722 0.018229 0.037963
0 0.538802 0.199537 0.002604 0.019444
0 0.498698 0.258796 0.002604 0.025000
0 0.443750 0.175000 0.002083 0.016667
0 0.544010 0.184259 0.002604 0.011111
0 0.502604 0.197685 0.002083 0.019444
0 0.819010 0.119907 0.003646 0.012037
0 0.500781 0.265278 0.002604 0.025000
0 0.835156 0.408333 0.011979 0.037037
0 0.679948 0.410648 0.008854 0.023148
0 0.516146 0.276852 0.003125 0.025926
0 0.528125 0.298148 0.004167 0.027778
0 0.412240 0.267130 0.004688 0.025000
0 0.540365 0.208333 0.002604 0.020370
0 0.504427 0.180556 0.002604 0.018519
0 0.516146 0.672685 0.008333 0.039815
0 0.372917 0.667130 0.013542 0.037963