6 0.537760 0.135185 0.001563 0.009259
6 0.539323 0.139815 0.001563 0.009259
6 0.540104 0.142130 0.002083 0.010185
6 0.536719 0.132407 0.001563 0.009259
6 0.536198 0.130093 0.001563 0.010185
6 0.538542 0.137963 0.002083 0.011111
8 0.455729 0.223148 0.003125 0.024074
8 0.731510 0.425463 0.024479 0.036111
7 0.450260 0.263889 0.006771 0.027778
2 0.480990 0.159722 0.016146 0.063889
8 0.469792 0.122685 0.003125 0.012037
1 0.843490 0.424537 0.057813 0.043519
1 0.545833 0.111111 0.016667 0.011111
1 0.902865 0.460648 0.083854 0.050926
8 0.687500 0.424074 0.025000 0.035185
8 0.038542 0.268056 0.019792 0.025000
0 0.496615 0.149537 0.001563 0.015741
0 0.604948 0.351389 0.005729 0.032407
0 0.738802 0.530556 0.014062 0.031481
0 0.561719 0.368981 0.006771 0.034259
0 0.534375 0.185648 0.002083 0.017593
0 0.496615 0.238889 0.002604 0.022222
0 0.445052 0.164352 0.002604 0.015741
0 0.539323 0.172685 0.002604 0.010185
0 0.500521 0.185648 0.002083 0.017593
0 0.802604 0.114352 0.004167 0.012037
0 0.498698 0.244907 0.002604 0.023148
0 0.799219 0.359722 0.009896 0.032407
0 0.653646 0.362037 0.007292 0.020370
0 0.513281 0.251389 0.002604 0.023148
0 0.523177 0.273148 0.003646 0.025926
0 0.417708 0.243981 0.004167 0.023148
0 0.533594 0.193981 0.002604 0.019444
0 0.501302 0.169444 0.002604 0.016667
0 0.508073 0.555093 0.006771 0.034259
0 0.385938 0.550926 0.011458 0.031481