6 0.544792 0.150463 0.002083 0.010185
6 0.546354 0.156481 0.002083 0.009259
6 0.547396 0.159722 0.002083 0.012037
6 0.543490 0.147222 0.001563 0.011111
6 0.542708 0.144444 0.002083 0.011111
6 0.545833 0.154167 0.002083 0.012037
8 0.448958 0.279630 0.004167 0.029630
8 0.818750 0.602778 0.038542 0.050000
7 0.439323 0.344907 0.009896 0.037963
2 0.481250 0.185185 0.018750 0.068519
8 0.469531 0.138889 0.003646 0.012963
1 0.955469 0.601852 0.089062 0.064815
1 0.552865 0.122222 0.018229 0.011111
8 0.751302 0.601389 0.038021 0.045370
0 0.499219 0.170370 0.001563 0.016667
0 0.652083 0.467130 0.009375 0.039815
0 0.885417 0.812963 0.026042 0.048148
0 0.597656 0.503241 0.008854 0.043519
0 0.542969 0.217593 0.002604 0.020370
0 0.499479 0.285648 0.003125 0.026852
0 0.440104 0.188889 0.003125 0.018519
0 0.548177 0.199537 0.003646 0.012037
0 0.503646 0.213889 0.002083 0.020370
0 0.836719 0.126389 0.004688 0.013889
0 0.501562 0.293056 0.003125 0.026852
0 0.886719 0.480093 0.016146 0.041667
0 0.717708 0.482870 0.011458 0.026852
0 0.518490 0.311574 0.003646 0.028704
0 0.533333 0.333796 0.004167 0.030556
0 0.402604 0.300000 0.005208 0.027778
0 0.547396 0.226852 0.003125 0.022222
0 0.506250 0.194907 0.003125 0.019444
0 0.528906 0.884259 0.010937 0.050000
0 0.346875 0.878241 0.019792 0.049074