6 0.545833 0.153704 0.002083 0.009259
6 0.547917 0.159722 0.002083 0.010185
6 0.548698 0.162963 0.002604 0.012963
6 0.544792 0.150926 0.002083 0.011111
6 0.543750 0.147222 0.002083 0.011111
6 0.546875 0.157870 0.002083 0.012037
8 0.446875 0.292593 0.004167 0.031481
8 0.840104 0.650000 0.042708 0.053704
7 0.436458 0.364815 0.010417 0.040741
2 0.480990 0.191667 0.019271 0.066667
8 0.469010 0.141667 0.003646 0.012963
1 0.968229 0.649537 0.063542 0.071296
1 0.554167 0.124537 0.018750 0.012037
8 0.767448 0.649074 0.041146 0.048148
0 0.499479 0.174537 0.002083 0.017593
0 0.663542 0.495833 0.010417 0.041667
0 0.928385 0.896296 0.029687 0.053704
0 0.606771 0.537037 0.009375 0.046296
0 0.544531 0.224537 0.002604 0.021296
0 0.499479 0.296296 0.003125 0.027778
0 0.438542 0.193981 0.003125 0.019444
0 0.549740 0.205093 0.003646 0.012037
0 0.504167 0.219907 0.002083 0.021296
0 0.843229 0.128704 0.004167 0.012963
0 0.502083 0.303704 0.003125 0.027778
0 0.908073 0.509722 0.018229 0.043519
0 0.733594 0.512963 0.013021 0.027778
0 0.519531 0.325926 0.003646 0.029630
0 0.535677 0.347222 0.004688 0.031481
0 0.398958 0.312500 0.005208 0.028704
0 0.550000 0.233333 0.003125 0.022222
0 0.507031 0.200463 0.002604 0.019444
0 0.535156 0.980093 0.013021 0.039815
0 0.334115 0.976852 0.022396 0.046296