6 0.551562 0.159722 0.002083 0.010185
6 0.553646 0.166204 0.002083 0.010185
6 0.554688 0.169444 0.002083 0.012963
6 0.550521 0.156019 0.002083 0.012037
6 0.549479 0.152778 0.002083 0.011111
6 0.552604 0.163426 0.002083 0.012037
8 0.446615 0.316667 0.004688 0.035185
8 0.888021 0.751852 0.052083 0.061111
7 0.433854 0.402315 0.011458 0.045370
2 0.484375 0.200926 0.019792 0.064815
8 0.472396 0.147685 0.004167 0.013889
1 0.559896 0.128241 0.018750 0.012037
8 0.802865 0.749537 0.049479 0.052778
0 0.503646 0.181944 0.002083 0.017593
0 0.689323 0.553704 0.011979 0.046296
0 0.628125 0.606944 0.011458 0.050926
0 0.551042 0.237037 0.003125 0.022222
0 0.503646 0.315278 0.003125 0.028704
0 0.439583 0.203241 0.003125 0.019444
0 0.556510 0.215741 0.003646 0.012963
0 0.508594 0.230093 0.002604 0.021296
0 0.506510 0.322222 0.003646 0.029630
0 0.955208 0.571296 0.021875 0.048148
0 0.768490 0.574074 0.015104 0.031481
0 0.524479 0.351852 0.004167 0.031481
0 0.542708 0.372685 0.005208 0.034259
0 0.395573 0.335648 0.005729 0.030556
0 0.558333 0.246296 0.003125 0.024074
0 0.511979 0.210185 0.003125 0.020370