6 0.545833 0.156019 0.002083 0.010185
6 0.547656 0.162037 0.002604 0.009259
6 0.548437 0.165278 0.002083 0.012037
6 0.544271 0.152778 0.002083 0.011111
6 0.543490 0.149537 0.001563 0.012037
6 0.546875 0.159722 0.002083 0.012037
8 0.444531 0.301852 0.004688 0.033333
8 0.854688 0.685185 0.045833 0.055556
7 0.433073 0.379167 0.010937 0.041667
2 0.479948 0.196296 0.019271 0.064815
8 0.467969 0.143981 0.003646 0.013889
1 0.977083 0.683796 0.045833 0.076852
1 0.553906 0.125463 0.018229 0.012037
8 0.778125 0.684259 0.043750 0.050000
0 0.498698 0.177315 0.001563 0.017593
0 0.671094 0.517130 0.010937 0.043519
0 0.961198 0.961111 0.032812 0.057407
0 0.612760 0.562037 0.009896 0.048148
0 0.544531 0.229167 0.002604 0.021296
0 0.498958 0.303704 0.003125 0.027778
0 0.436458 0.197685 0.003125 0.019444
0 0.550000 0.209259 0.003125 0.012963
0 0.503385 0.223611 0.002604 0.021296
0 0.846094 0.130093 0.004688 0.013889
0 0.501562 0.310648 0.003125 0.028704
0 0.922135 0.531018 0.019271 0.045370
0 0.744271 0.534259 0.013542 0.029630
0 0.519271 0.335648 0.004167 0.030556
0 0.536198 0.356944 0.004688 0.032407
0 0.395312 0.321296 0.005208 0.029630
0 0.550781 0.238426 0.003646 0.023148
0 0.506510 0.204630 0.002604 0.020370