6 0.563281 0.175926 0.002604 0.011111
6 0.565625 0.183333 0.003125 0.011111
6 0.566927 0.187500 0.002604 0.013889
6 0.561719 0.171296 0.002604 0.012963
6 0.560417 0.167593 0.002083 0.012963
6 0.564323 0.180556 0.002604 0.012963
8 0.439844 0.402315 0.006771 0.045370
7 0.417708 0.548148 0.017708 0.066667
2 0.489062 0.224537 0.021875 0.073148
8 0.476042 0.164352 0.004167 0.015741
1 0.571094 0.139352 0.020312 0.013889
0 0.510938 0.205093 0.002083 0.019444
0 0.787240 0.785648 0.022396 0.058333
0 0.713802 0.901389 0.019271 0.067593
0 0.565104 0.275926 0.004167 0.025926
0 0.511198 0.376852 0.003646 0.033333
0 0.436979 0.230556 0.004167 0.022222
0 0.570833 0.247222 0.004167 0.014815
0 0.516406 0.262037 0.002604 0.024074
0 0.646615 0.244907 0.004688 0.023148
0 0.515365 0.385185 0.004688 0.035185
0 0.903125 0.821759 0.027083 0.043519
0 0.535677 0.441667 0.005729 0.038889
0 0.562240 0.458796 0.006771 0.039815
0 0.378906 0.413426 0.007812 0.036111
0 0.579167 0.285648 0.004167 0.026852
0 0.521094 0.239352 0.003646 0.023148