6 0.559375 0.165278 0.002083 0.010185
6 0.561719 0.172685 0.002604 0.010185
6 0.562760 0.175926 0.002604 0.012963
6 0.558073 0.161574 0.002604 0.012037
6 0.556771 0.158333 0.002083 0.011111
6 0.560677 0.169907 0.002604 0.012037
8 0.447917 0.344907 0.005208 0.037963
8 0.954948 0.891204 0.066146 0.073148
7 0.432292 0.448148 0.013542 0.051852
2 0.489583 0.209722 0.020833 0.067593
8 0.477083 0.153241 0.004167 0.013889
1 0.567708 0.132407 0.019792 0.012963
8 0.852344 0.887500 0.060938 0.058333
0 0.509896 0.190741 0.002083 0.018519
0 0.723177 0.626852 0.015104 0.050000
0 0.657031 0.695833 0.013021 0.056481
0 0.559375 0.250926 0.003125 0.024074
0 0.509635 0.336574 0.003646 0.030556
0 0.442448 0.212963 0.003646 0.020370
0 0.565104 0.226852 0.004167 0.012963
0 0.514844 0.241204 0.002604 0.023148
0 0.513021 0.344444 0.004167 0.031481
0 0.531510 0.381944 0.004688 0.034259
0 0.552604 0.402315 0.006250 0.036111
0 0.393490 0.361574 0.006771 0.032407
0 0.569271 0.260648 0.004167 0.025000
0 0.518750 0.220833 0.003125 0.021296