6 0.560677 0.168056 0.002604 0.010185
6 0.562760 0.175000 0.002604 0.011111
6 0.563802 0.178704 0.002604 0.012963
6 0.559375 0.164352 0.002083 0.012037
6 0.558333 0.160648 0.002083 0.012037
6 0.561979 0.172222 0.002083 0.012963
8 0.446094 0.357870 0.005729 0.039815
8 0.973958 0.960648 0.052083 0.078704
7 0.429167 0.469907 0.014583 0.054630
2 0.489583 0.213889 0.020833 0.068519
8 0.477083 0.156019 0.004167 0.013889
1 0.568750 0.134259 0.019792 0.012963
8 0.874219 0.956481 0.067188 0.061111
0 0.510417 0.193981 0.002083 0.019444
0 0.737240 0.661111 0.017188 0.051852
0 0.669010 0.738889 0.014062 0.059259
0 0.561198 0.256481 0.003646 0.024074
0 0.510156 0.346296 0.003646 0.031481
0 0.441406 0.217130 0.003646 0.021296
0 0.566667 0.231944 0.004167 0.013889
0 0.515365 0.246759 0.002604 0.023148
0 0.513802 0.354167 0.003646 0.032407
0 0.833594 0.688889 0.020312 0.037037
0 0.532812 0.395370 0.005208 0.035185
0 0.555208 0.415741 0.006250 0.037037
0 0.390365 0.373148 0.006771 0.033333
0 0.571875 0.266204 0.004167 0.025000
0 0.519531 0.225000 0.003646 0.022222