6 0.562240 0.173148 0.002604 0.011111
6 0.564844 0.180556 0.002604 0.011111
6 0.565885 0.184722 0.002604 0.013889
6 0.560938 0.168981 0.002083 0.012037
6 0.559635 0.165278 0.002604 0.012037
6 0.563542 0.177778 0.002083 0.012963
8 0.442187 0.386111 0.006250 0.042593
7 0.421875 0.518981 0.016667 0.062037
2 0.489323 0.220833 0.021354 0.071296
8 0.476562 0.161111 0.004167 0.014815
1 0.570573 0.137500 0.020312 0.013889
0 0.510417 0.201389 0.002083 0.019444
0 0.768229 0.737500 0.019792 0.056481
0 0.696354 0.838426 0.016667 0.063889
0 0.563802 0.268981 0.003646 0.025000
0 0.510938 0.365741 0.004167 0.033333
0 0.438542 0.225926 0.004167 0.022222
0 0.569271 0.241667 0.004167 0.014815
0 0.516146 0.256481 0.003125 0.024074
0 0.644271 0.240278 0.005208 0.023148
0 0.514844 0.374074 0.004688 0.033333
0 0.876562 0.770833 0.023958 0.041667
0 0.534375 0.424537 0.005208 0.037963
0 0.559635 0.443056 0.006771 0.039815
0 0.383073 0.398611 0.006771 0.036111
0 0.576563 0.278704 0.004167 0.025926
0 0.520573 0.234259 0.003646 0.022222