6 0.561458 0.170370 0.002083 0.011111
6 0.563802 0.177778 0.002604 0.011111
6 0.564844 0.181481 0.002604 0.012963
6 0.559896 0.166667 0.002083 0.012963
6 0.558854 0.162963 0.002083 0.012963
6 0.562760 0.175000 0.002604 0.012963
8 0.444271 0.371296 0.006250 0.040741
7 0.425781 0.493056 0.015104 0.058333
2 0.489323 0.217593 0.021354 0.070370
8 0.477083 0.158333 0.004167 0.014815
1 0.569531 0.135648 0.020312 0.013889
0 0.510417 0.197685 0.002083 0.019444
0 0.751823 0.696759 0.018229 0.054630
0 0.681510 0.785185 0.015104 0.061111
0 0.562240 0.262500 0.003646 0.025000
0 0.510417 0.355093 0.004167 0.032407
0 0.439844 0.221296 0.003646 0.022222
0 0.567969 0.236574 0.003646 0.013889
0 0.515625 0.251389 0.003125 0.023148
0 0.514063 0.363426 0.004167 0.032407
0 0.533333 0.409722 0.005208 0.036111
0 0.557292 0.428241 0.006250 0.037963
0 0.386719 0.385648 0.006771 0.034259
0 0.573958 0.272222 0.004167 0.025926
0 0.520052 0.229630 0.003646 0.022222