6 0.565885 0.184259 0.002604 0.011111
6 0.568750 0.192593 0.003125 0.011111
6 0.570052 0.197222 0.002604 0.014815
6 0.564323 0.179630 0.002604 0.012963
6 0.563021 0.175926 0.002083 0.012963
6 0.567448 0.189352 0.002604 0.013889
8 0.431250 0.459722 0.008333 0.052778
7 0.401302 0.656944 0.022396 0.084259
2 0.488542 0.236574 0.022917 0.078704
8 0.474740 0.173148 0.004688 0.016667
1 0.573698 0.144907 0.021354 0.013889
0 0.511458 0.217593 0.002083 0.020370
0 0.861719 0.968056 0.032812 0.063889
0 0.569792 0.298148 0.004167 0.027778
0 0.512240 0.413889 0.004688 0.037037
0 0.432292 0.246296 0.004167 0.024074
0 0.575781 0.264352 0.004688 0.015741
0 0.517708 0.280093 0.003125 0.026852
0 0.653906 0.262037 0.005729 0.024074
0 0.517448 0.423148 0.004688 0.037037
0 0.539323 0.500000 0.006771 0.042593
0 0.571094 0.512963 0.007812 0.044444
0 0.364323 0.463426 0.008854 0.039815
0 0.587760 0.308333 0.004688 0.027778
0 0.522656 0.256019 0.003646 0.025000