6 0.567969 0.190741 0.002604 0.011111
6 0.570833 0.199537 0.003125 0.012037
6 0.572135 0.204167 0.002604 0.015741
6 0.566406 0.185648 0.002604 0.013889
6 0.564844 0.181019 0.002604 0.013889
6 0.569531 0.196296 0.002604 0.014815
8 0.424219 0.506944 0.009896 0.058333
7 0.386719 0.754167 0.027604 0.100926
2 0.488021 0.245370 0.023958 0.083333
8 0.473958 0.179630 0.005208 0.016667
1 0.575521 0.148611 0.021875 0.013889
0 0.511719 0.226852 0.002604 0.022222
0 0.573438 0.314352 0.004167 0.028704
0 0.513281 0.442593 0.004688 0.038889
0 0.428906 0.257407 0.004688 0.024074
0 0.579167 0.277315 0.005208 0.015741
0 0.518229 0.293056 0.003125 0.026852
0 0.659375 0.274074 0.006250 0.025926
0 0.519010 0.451852 0.005729 0.038889
0 0.542188 0.547685 0.007292 0.045370
0 0.578125 0.556019 0.008333 0.047222
0 0.352865 0.504167 0.009896 0.041667
0 0.594010 0.325000 0.005729 0.029630
0 0.523698 0.268519 0.003646 0.025926