6 0.564323 0.178704 0.002604 0.011111
6 0.566667 0.186574 0.003125 0.010185
6 0.567969 0.190741 0.002604 0.014815
6 0.562500 0.174074 0.002083 0.012963
6 0.561198 0.170370 0.002604 0.012963
6 0.565365 0.183796 0.002604 0.013889
8 0.436979 0.419907 0.007292 0.047222
7 0.412760 0.580556 0.019271 0.072222
2 0.488802 0.228704 0.022396 0.074074
8 0.475781 0.167130 0.004688 0.015741
1 0.571875 0.141204 0.020833 0.013889
0 0.510938 0.209259 0.002083 0.020370
0 0.809115 0.838889 0.025521 0.061111
0 0.733594 0.969444 0.022396 0.061111
0 0.566667 0.282870 0.004167 0.026852
0 0.511458 0.388426 0.004167 0.034259
0 0.435417 0.235648 0.004167 0.023148
0 0.572396 0.252778 0.004167 0.014815
0 0.516667 0.268056 0.003125 0.025000
0 0.648958 0.250926 0.005208 0.024074
0 0.515885 0.397222 0.004688 0.035185
0 0.933854 0.879630 0.030208 0.046296
0 0.536719 0.459722 0.005729 0.039815
0 0.564844 0.475463 0.006771 0.041667
0 0.374219 0.429167 0.007812 0.037963
0 0.582031 0.293056 0.004688 0.026852
0 0.521615 0.244444 0.003646 0.024074