6 0.564583 0.180093 0.003125 0.010185
6 0.567187 0.187963 0.003125 0.011111
6 0.568490 0.192130 0.002604 0.013889
6 0.563021 0.175926 0.002083 0.012963
6 0.561719 0.171296 0.002604 0.012963
6 0.565885 0.184722 0.002604 0.013889
8 0.435677 0.429630 0.007812 0.048148
7 0.409896 0.598148 0.019792 0.074074
2 0.488802 0.230556 0.022396 0.075926
8 0.475521 0.168981 0.004167 0.015741
1 0.572396 0.142130 0.020833 0.013889
0 0.510938 0.211111 0.002083 0.020370
0 0.821094 0.868981 0.026563 0.062037
0 0.744531 0.988889 0.024479 0.022222
0 0.567448 0.286574 0.003646 0.026852
0 0.511719 0.394444 0.004688 0.035185
0 0.434896 0.238426 0.004167 0.023148
0 0.573177 0.255556 0.004688 0.014815
0 0.516927 0.270833 0.002604 0.025000
0 0.650000 0.253704 0.005208 0.024074
0 0.516406 0.403241 0.004688 0.036111
0 0.950521 0.911111 0.032292 0.048148
0 0.537240 0.469444 0.005729 0.040741
0 0.566146 0.484722 0.007292 0.041667
0 0.371875 0.437500 0.008333 0.037963
0 0.583333 0.296759 0.005208 0.026852
0 0.521615 0.247222 0.003646 0.024074