6 0.568490 0.191667 0.002604 0.011111
6 0.571354 0.201389 0.003125 0.012037
6 0.572917 0.206019 0.003125 0.015741
6 0.566927 0.187500 0.002604 0.013889
6 0.565365 0.182870 0.002604 0.013889
6 0.570052 0.198148 0.002604 0.014815
8 0.422135 0.520833 0.009896 0.060185
7 0.382292 0.783796 0.029167 0.106481
2 0.488021 0.247685 0.023958 0.084259
8 0.473698 0.181481 0.004688 0.016667
1 0.576042 0.149537 0.021875 0.013889
0 0.511719 0.229167 0.002604 0.021296
0 0.574219 0.319444 0.004688 0.029630
0 0.513542 0.450926 0.005208 0.038889
0 0.427865 0.260648 0.004688 0.025000
0 0.580208 0.280556 0.005208 0.016667
0 0.518229 0.296759 0.003125 0.026852
0 0.660937 0.277778 0.006250 0.025926
0 0.519531 0.460185 0.005729 0.040741
0 0.543229 0.561574 0.007292 0.047222
0 0.580208 0.567593 0.009375 0.048148
0 0.349479 0.515741 0.010417 0.042593
0 0.595833 0.329630 0.005208 0.029630
0 0.523958 0.271759 0.003125 0.025000