6 0.569271 0.193519 0.003125 0.011111
6 0.572135 0.203241 0.003646 0.012037
6 0.573438 0.207870 0.003125 0.015741
6 0.567448 0.188426 0.002604 0.013889
6 0.565885 0.183796 0.002604 0.013889
6 0.570833 0.199537 0.003125 0.015741
8 0.420312 0.535185 0.010417 0.061111
7 0.377604 0.816204 0.031250 0.112037
2 0.487760 0.250463 0.024479 0.086111
8 0.473437 0.183333 0.005208 0.016667
1 0.576563 0.150926 0.021875 0.014815
0 0.512240 0.231481 0.002604 0.022222
0 0.575260 0.324074 0.004688 0.029630
0 0.513802 0.458796 0.004688 0.039815
0 0.427083 0.263426 0.004167 0.025000
0 0.581250 0.284259 0.005208 0.016667
0 0.518490 0.300926 0.003646 0.027778
0 0.662500 0.281481 0.006250 0.025926
0 0.520052 0.468519 0.005729 0.040741
0 0.544010 0.575926 0.007812 0.048148
0 0.582292 0.580093 0.009375 0.049074
0 0.346094 0.527778 0.010937 0.044444
0 0.597656 0.333796 0.005729 0.030556
0 0.524219 0.275000 0.003646 0.025926