6 0.574479 0.209722 0.003125 0.012037
6 0.577865 0.220370 0.003646 0.012963
6 0.579427 0.225926 0.003646 0.016667
6 0.572396 0.203704 0.003125 0.014815
6 0.570573 0.198148 0.002604 0.014815
6 0.576563 0.216204 0.003125 0.015741
8 0.394792 0.706481 0.015625 0.085185
2 0.486979 0.275463 0.027083 0.095370
8 0.471354 0.200926 0.005208 0.018519
1 0.581250 0.160648 0.023958 0.015741
0 0.513281 0.255556 0.002604 0.024074
0 0.585417 0.371759 0.005208 0.034259
0 0.516146 0.546759 0.006250 0.045370
0 0.417708 0.295370 0.005208 0.027778
0 0.590885 0.320370 0.005729 0.018519
0 0.520573 0.336574 0.003646 0.030556
0 0.678646 0.314815 0.007292 0.029630
0 0.524479 0.557407 0.006250 0.046296
0 0.554427 0.741667 0.009896 0.057407
0 0.605990 0.721296 0.011979 0.057407
0 0.307552 0.662500 0.015104 0.052778
0 0.615104 0.382870 0.006250 0.034259
0 0.526823 0.309722 0.003646 0.028704