6 0.573958 0.207870 0.003125 0.012037
6 0.577344 0.218519 0.003646 0.012963
6 0.578646 0.224074 0.003125 0.016667
6 0.571875 0.201852 0.003125 0.014815
6 0.570052 0.196296 0.002604 0.014815
6 0.575521 0.214352 0.003125 0.015741
8 0.398698 0.681481 0.015104 0.081481
2 0.486979 0.272222 0.027083 0.094444
8 0.471354 0.198148 0.005208 0.018519
1 0.580469 0.159259 0.023438 0.014815
0 0.513021 0.252778 0.003125 0.024074
0 0.584115 0.365741 0.005729 0.033333
0 0.515885 0.535185 0.005729 0.044444
0 0.418750 0.291204 0.005208 0.026852
0 0.589583 0.315741 0.005208 0.018519
0 0.520312 0.331944 0.004167 0.030556
0 0.676562 0.311111 0.007292 0.029630
0 0.523958 0.545833 0.006250 0.045370
0 0.553125 0.718056 0.009375 0.056481
0 0.602604 0.702315 0.011458 0.056481
0 0.313021 0.643981 0.014583 0.050926
0 0.613021 0.376389 0.006250 0.034259
0 0.526302 0.305556 0.003646 0.027778