6 0.577865 0.219444 0.003646 0.012963
6 0.581510 0.231481 0.003646 0.012963
6 0.583073 0.237500 0.003646 0.017593
6 0.575521 0.213426 0.003125 0.015741
6 0.573698 0.207407 0.002604 0.014815
6 0.579948 0.226852 0.003646 0.016667
8 0.372396 0.859259 0.021875 0.107407
2 0.486198 0.292130 0.028646 0.100926
8 0.469531 0.211574 0.005729 0.019444
1 0.584115 0.166667 0.024479 0.016667
0 0.514063 0.271759 0.003125 0.025000
0 0.592448 0.405093 0.005729 0.036111
0 0.517708 0.612963 0.007292 0.050000
0 0.411719 0.315741 0.005729 0.029630
0 0.597396 0.344444 0.006250 0.020370
0 0.521875 0.360648 0.004167 0.032407
0 0.690885 0.340741 0.007812 0.031481
0 0.527604 0.623611 0.007292 0.050926
0 0.563281 0.883796 0.011979 0.065741
0 0.624740 0.834722 0.014062 0.063889
0 0.275781 0.773611 0.019271 0.058333
0 0.627865 0.416667 0.006771 0.037037
0 0.528646 0.333333 0.004167 0.029630