6 0.579427 0.224074 0.003646 0.012963
6 0.583073 0.236111 0.003646 0.012963
6 0.584896 0.242593 0.004167 0.018519
6 0.576823 0.217130 0.003646 0.015741
6 0.575000 0.211574 0.003125 0.015741
6 0.581510 0.231019 0.003646 0.017593
8 0.360417 0.937963 0.025000 0.120370
2 0.485677 0.298611 0.029687 0.102778
8 0.469010 0.216667 0.005729 0.020370
1 0.585156 0.168981 0.024479 0.015741
0 0.514583 0.278241 0.003125 0.026852
0 0.595312 0.420370 0.006250 0.037037
0 0.518490 0.643519 0.007812 0.051852
0 0.409115 0.325000 0.005729 0.029630
0 0.600000 0.354630 0.006250 0.020370
0 0.522396 0.371296 0.004167 0.033333
0 0.696354 0.351389 0.008333 0.032407
0 0.529427 0.654167 0.007812 0.052778
0 0.567969 0.955556 0.013021 0.068519
0 0.633854 0.890278 0.015625 0.067593
0 0.260156 0.828241 0.021354 0.060185
0 0.633333 0.431019 0.007292 0.037963
0 0.529167 0.343519 0.004167 0.031481