6 0.580729 0.228704 0.004167 0.012963
6 0.584896 0.241204 0.004167 0.013889
6 0.586719 0.247685 0.003646 0.019444
6 0.578125 0.221296 0.003125 0.016667
6 0.576042 0.215278 0.003125 0.015741
6 0.583073 0.236111 0.003646 0.018519
8 0.346354 0.983333 0.029167 0.033333
2 0.485417 0.306481 0.030208 0.105556
8 0.468229 0.221296 0.006250 0.020370
1 0.586458 0.171759 0.025000 0.015741
0 0.515365 0.285648 0.003646 0.026852
0 0.598958 0.437037 0.006250 0.038889
0 0.518750 0.679167 0.008333 0.054630
0 0.406250 0.334722 0.006250 0.030556
0 0.603125 0.366667 0.006250 0.020370
0 0.522917 0.382870 0.004167 0.034259
0 0.702083 0.362963 0.008333 0.033333
0 0.531250 0.689352 0.008333 0.054630
0 0.644531 0.956481 0.017188 0.070370
0 0.241667 0.893519 0.023958 0.062963
0 0.639583 0.448148 0.008333 0.038889
0 0.530208 0.354630 0.004167 0.031481