6 0.576302 0.215278 0.003646 0.012037
6 0.579948 0.226852 0.003646 0.012963
6 0.581771 0.232870 0.003125 0.017593
6 0.574219 0.209722 0.002604 0.015741
6 0.572396 0.203704 0.003125 0.014815
6 0.578385 0.222222 0.003646 0.016667
8 0.382292 0.791204 0.018750 0.097222
2 0.486458 0.285185 0.028125 0.098148
8 0.470313 0.206944 0.005208 0.019444
1 0.582812 0.164352 0.023958 0.015741
0 0.513542 0.265278 0.003125 0.025000
0 0.589323 0.391204 0.005729 0.034259
0 0.516927 0.585185 0.006771 0.048148
0 0.414323 0.306944 0.005729 0.028704
0 0.594531 0.334259 0.005729 0.018519
0 0.521354 0.350463 0.004167 0.032407
0 0.686198 0.330556 0.007812 0.031481
0 0.526302 0.595370 0.006771 0.048148
0 0.559635 0.821296 0.010937 0.062963
0 0.616667 0.785648 0.013542 0.062037
0 0.289844 0.725463 0.017188 0.056481
0 0.622656 0.402315 0.006771 0.036111
0 0.527865 0.323611 0.003646 0.030556