6 0.577083 0.217593 0.003125 0.012963
6 0.580990 0.229167 0.003646 0.013889
6 0.582552 0.235185 0.003646 0.018519
6 0.575000 0.211574 0.003125 0.015741
6 0.572917 0.205556 0.003125 0.014815
6 0.579167 0.224537 0.003125 0.017593
8 0.377604 0.824074 0.019792 0.101852
2 0.486198 0.288426 0.028646 0.099074
8 0.470052 0.209722 0.005729 0.019444
1 0.583594 0.165278 0.024479 0.015741
0 0.514063 0.268056 0.003125 0.025000
0 0.590885 0.398148 0.005729 0.035185
0 0.517448 0.598611 0.006771 0.049074
0 0.413021 0.311574 0.005208 0.028704
0 0.595833 0.339352 0.006250 0.019444
0 0.521354 0.355556 0.004167 0.031481
0 0.688542 0.335185 0.007292 0.031481
0 0.527083 0.609259 0.007292 0.050000
0 0.561458 0.851389 0.011458 0.063889
0 0.620573 0.809722 0.014062 0.062037
0 0.283073 0.749074 0.018229 0.057407
0 0.625260 0.409259 0.006771 0.037037
0 0.528125 0.328241 0.004167 0.030556