6 0.581510 0.231019 0.003646 0.013889
6 0.585677 0.243981 0.003646 0.013889
6 0.587500 0.250463 0.004167 0.019444
6 0.578906 0.223611 0.003646 0.017593
6 0.577083 0.217593 0.003125 0.016667
6 0.583594 0.238426 0.003646 0.017593
2 0.485156 0.310185 0.030729 0.107407
8 0.467969 0.224074 0.005729 0.020370
1 0.587240 0.173148 0.025521 0.016667
0 0.515365 0.289352 0.003646 0.026852
0 0.600781 0.445833 0.006771 0.039815
0 0.519531 0.698611 0.008854 0.054630
0 0.404687 0.339815 0.006250 0.031481
0 0.604948 0.372685 0.006771 0.021296
0 0.523177 0.388426 0.004688 0.034259
0 0.705208 0.368981 0.008333 0.034259
0 0.532292 0.709259 0.008333 0.055556
0 0.650781 0.978704 0.018229 0.042593
0 0.230990 0.930556 0.025521 0.064815
0 0.642708 0.456944 0.008333 0.039815
0 0.530729 0.360648 0.004167 0.032407