6 0.584896 0.240278 0.004167 0.013889
6 0.589323 0.254167 0.004688 0.015741
6 0.591146 0.261574 0.004167 0.019444
6 0.582031 0.232870 0.003646 0.017593
6 0.579948 0.225926 0.003646 0.016667
6 0.587240 0.248611 0.003646 0.019444
2 0.484375 0.325926 0.032292 0.112963
8 0.466667 0.235185 0.006250 0.022222
1 0.589844 0.178704 0.026563 0.016667
0 0.516927 0.304167 0.004688 0.028704
0 0.724479 0.576389 0.010417 0.036111
0 0.608594 0.483796 0.007812 0.041667
0 0.521094 0.782870 0.009896 0.060185
0 0.398698 0.361574 0.006771 0.032407
0 0.611719 0.398611 0.006771 0.023148
0 0.524740 0.413889 0.004688 0.037037
0 0.718750 0.394907 0.008333 0.036111
0 0.536979 0.793981 0.009375 0.060185
0 0.657031 0.494444 0.009896 0.042593
0 0.532552 0.385648 0.004688 0.034259