6 0.587500 0.248148 0.004167 0.014815
6 0.591927 0.262963 0.004688 0.016667
6 0.594271 0.270370 0.004167 0.020370
6 0.584375 0.239815 0.004167 0.018519
6 0.582031 0.232870 0.003646 0.017593
6 0.590104 0.256944 0.004167 0.019444
2 0.483854 0.338426 0.033333 0.117593
8 0.465365 0.243981 0.006771 0.023148
1 0.591667 0.182870 0.027083 0.017593
0 0.517969 0.316667 0.004688 0.029630
0 0.740885 0.623611 0.011979 0.037963
0 0.615625 0.516667 0.008333 0.044444
0 0.522656 0.862037 0.010937 0.064815
0 0.393490 0.380093 0.006771 0.034259
0 0.617448 0.420370 0.007812 0.024074
0 0.526042 0.435185 0.005208 0.037037
0 0.729948 0.416667 0.008854 0.037037
0 0.541146 0.872222 0.010417 0.064815
0 0.669010 0.526852 0.010937 0.044444
0 0.533854 0.406019 0.005208 0.036111