6 0.595052 0.270833 0.004688 0.015741
6 0.600521 0.288426 0.005208 0.017593
6 0.603125 0.297685 0.005208 0.023148
6 0.591667 0.261111 0.004167 0.020370
6 0.588542 0.252315 0.004167 0.019444
6 0.598177 0.281019 0.004688 0.021296
2 0.482031 0.374537 0.036979 0.132407
8 0.461458 0.270370 0.007292 0.025926
1 0.597656 0.195833 0.028646 0.019444
0 0.522656 0.355093 0.004688 0.032407
0 0.801562 0.793056 0.017708 0.047222
0 0.638281 0.629630 0.010937 0.051852
0 0.377604 0.438426 0.008333 0.037963
0 0.635938 0.490741 0.009375 0.027778
0 0.529167 0.503704 0.006250 0.042593
0 0.766146 0.487500 0.012500 0.041667
0 0.708854 0.635185 0.015625 0.051852
0 0.538281 0.474074 0.005729 0.040741