6 0.592969 0.264815 0.004688 0.016667
6 0.598437 0.281944 0.005208 0.017593
6 0.601042 0.290741 0.005208 0.022222
6 0.589583 0.255093 0.004167 0.019444
6 0.586979 0.247222 0.004167 0.018519
6 0.596094 0.274537 0.004688 0.021296
2 0.482552 0.365278 0.035937 0.128704
8 0.462500 0.263426 0.007292 0.025000
1 0.596094 0.192593 0.028646 0.018519
0 0.521094 0.344907 0.004688 0.032407
0 0.783854 0.743519 0.015625 0.044444
0 0.632031 0.597685 0.009896 0.049074
0 0.381771 0.422222 0.008333 0.037037
0 0.630990 0.471759 0.008854 0.026852
0 0.528385 0.484722 0.005729 0.041667
0 0.756250 0.468056 0.011458 0.041667
0 0.697917 0.604630 0.014583 0.050000
0 0.537240 0.455093 0.005729 0.039815