6 0.594010 0.267593 0.004688 0.016667
6 0.599479 0.284722 0.005208 0.017593
6 0.602083 0.293981 0.005208 0.023148
6 0.590625 0.257870 0.004167 0.019444
6 0.588021 0.250000 0.004167 0.018519
6 0.597135 0.278241 0.004688 0.021296
2 0.482292 0.369444 0.036458 0.129630
8 0.461979 0.267130 0.007292 0.025000
1 0.597135 0.193981 0.028646 0.019444
0 0.521875 0.349537 0.005208 0.032407
0 0.792188 0.767593 0.016667 0.046296
0 0.635156 0.612963 0.009896 0.050000
0 0.379687 0.430093 0.008333 0.037963
0 0.633594 0.481019 0.008854 0.026852
0 0.528646 0.493981 0.006250 0.041667
0 0.761198 0.477315 0.011979 0.041667
0 0.703385 0.619444 0.015104 0.050000
0 0.537760 0.464815 0.005729 0.040741