6 0.600521 0.281019 0.005208 0.017593
6 0.606771 0.300000 0.005208 0.018519
6 0.609635 0.309259 0.005729 0.024074
6 0.597135 0.270370 0.004688 0.020370
6 0.594271 0.261574 0.004167 0.019444
6 0.603906 0.292130 0.004688 0.023148
2 0.483594 0.389352 0.039062 0.139815
8 0.462240 0.281944 0.007812 0.026852
1 0.602865 0.201389 0.029687 0.019444
0 0.527083 0.371296 0.004167 0.033333
0 0.836458 0.887037 0.020833 0.051852
0 0.652083 0.687500 0.012500 0.054630
0 0.372396 0.465278 0.008333 0.039815
0 0.647396 0.525000 0.010417 0.029630
0 0.533073 0.535648 0.006771 0.045370
0 0.786198 0.522685 0.014062 0.045370
0 0.730990 0.689815 0.018229 0.055556
0 0.542448 0.506019 0.006771 0.043519