6 0.591927 0.261574 0.004688 0.015741
6 0.597396 0.278704 0.005208 0.016667
6 0.599740 0.287037 0.004688 0.022222
6 0.588542 0.252778 0.004167 0.018519
6 0.586198 0.244907 0.003646 0.019444
6 0.594792 0.271759 0.004167 0.021296
2 0.482812 0.360648 0.035417 0.126852
8 0.463021 0.260185 0.007292 0.024074
1 0.595312 0.190741 0.028125 0.018519
0 0.520573 0.339815 0.004688 0.031481
0 0.775781 0.721759 0.015104 0.043519
0 0.628906 0.582870 0.009896 0.049074
0 0.383594 0.414815 0.007812 0.037037
0 0.628646 0.462500 0.008333 0.026852
0 0.527865 0.475926 0.005729 0.040741
0 0.751562 0.458796 0.010417 0.039815
0 0.692708 0.590741 0.013542 0.048148
0 0.536458 0.446759 0.005208 0.039815