6 0.590885 0.258796 0.004688 0.015741
6 0.596354 0.275463 0.005208 0.017593
6 0.598698 0.283796 0.004688 0.021296
6 0.587760 0.250000 0.003646 0.018519
6 0.585156 0.242593 0.003646 0.018519
6 0.593750 0.268519 0.004167 0.020370
2 0.482812 0.356019 0.035417 0.125000
8 0.463542 0.256481 0.007292 0.024074
1 0.594792 0.189352 0.028125 0.017593
0 0.520052 0.335185 0.004688 0.031481
0 0.768229 0.700000 0.014583 0.042593
0 0.626042 0.568981 0.009375 0.047222
0 0.525000 0.980556 0.013542 0.038889
0 0.385677 0.407870 0.007812 0.036111
0 0.626042 0.453704 0.008333 0.025926
0 0.527344 0.467593 0.005729 0.040741
0 0.746875 0.450000 0.010417 0.040741
0 0.548177 0.985648 0.013021 0.028704
0 0.687500 0.577315 0.013542 0.047222
0 0.535937 0.438426 0.005208 0.037963