6 0.604688 0.284722 0.005208 0.017593
6 0.611198 0.304167 0.005729 0.019444
6 0.614062 0.313889 0.005208 0.024074
6 0.601302 0.273611 0.004688 0.021296
6 0.598177 0.264815 0.004688 0.020370
6 0.608333 0.295833 0.005208 0.023148
2 0.486458 0.394444 0.039583 0.142593
8 0.464844 0.285648 0.007812 0.026852
1 0.606771 0.203241 0.030208 0.019444
0 0.530990 0.377315 0.004688 0.034259
0 0.851562 0.924074 0.022917 0.053704
0 0.658854 0.708796 0.012500 0.056481
0 0.372656 0.473611 0.008854 0.039815
0 0.653385 0.537500 0.010937 0.030556
0 0.535937 0.546759 0.007292 0.045370
0 0.795573 0.536111 0.014062 0.046296
0 0.385677 0.218981 0.003646 0.021296
0 0.740885 0.710185 0.019271 0.057407
0 0.545833 0.517593 0.007292 0.044444