6 0.622917 0.315278 0.006250 0.019444
6 0.630729 0.338889 0.007292 0.022222
6 0.634115 0.351852 0.006771 0.027778
6 0.618229 0.302315 0.005208 0.023148
6 0.614844 0.291204 0.004688 0.023148
6 0.627083 0.329167 0.006250 0.025000
2 0.491927 0.440741 0.044271 0.164815
8 0.467448 0.322685 0.008854 0.030556
1 0.622135 0.219444 0.032812 0.022222
0 0.546354 0.432870 0.005208 0.037963
0 0.714063 0.941667 0.020833 0.068519
0 0.355469 0.564815 0.010937 0.046296
0 0.693490 0.660185 0.014062 0.037037
0 0.548958 0.659722 0.009375 0.052778
0 0.868750 0.663426 0.020833 0.054630
0 0.385938 0.236574 0.004167 0.023148
0 0.824740 0.921296 0.028646 0.070370
0 0.560417 0.630556 0.009375 0.051852