6 0.624479 0.319444 0.006250 0.020370
6 0.632292 0.343981 0.007292 0.023148
6 0.636198 0.356481 0.006771 0.027778
6 0.619792 0.306019 0.005208 0.023148
6 0.616146 0.294444 0.005208 0.022222
6 0.628646 0.333333 0.006250 0.025926
2 0.492188 0.446759 0.044792 0.167593
8 0.466927 0.327778 0.008854 0.031481
1 0.623177 0.221296 0.032812 0.022222
0 0.547656 0.440741 0.005729 0.038889
0 0.722396 0.972685 0.021875 0.054630
0 0.352083 0.579167 0.011458 0.047222
0 0.698698 0.678704 0.015104 0.037037
0 0.550000 0.675926 0.009375 0.053704
0 0.878646 0.682407 0.021875 0.055556
0 0.384896 0.239352 0.004167 0.023148
0 0.837240 0.955093 0.029687 0.071296
0 0.561458 0.647685 0.009375 0.052778