6 0.616927 0.299537 0.005729 0.019444
6 0.623958 0.321296 0.006250 0.020370
6 0.627344 0.332407 0.005729 0.025926
6 0.613021 0.287963 0.005208 0.022222
6 0.609896 0.277315 0.005208 0.021296
6 0.621094 0.312037 0.005729 0.024074
2 0.492708 0.416204 0.041667 0.152778
8 0.469792 0.303241 0.008333 0.028704
1 0.617969 0.211111 0.031771 0.020370
0 0.541667 0.402778 0.005208 0.035185
0 0.685677 0.810648 0.016146 0.062037
0 0.368490 0.514352 0.009896 0.043519
0 0.675000 0.593518 0.012500 0.033333
0 0.545052 0.598148 0.007812 0.048148
0 0.832812 0.595370 0.017708 0.050000
0 0.389583 0.227315 0.004167 0.021296
0 0.781510 0.805556 0.023438 0.062963
0 0.555469 0.568519 0.007812 0.048148