6 0.627604 0.328241 0.006250 0.021296
6 0.635938 0.354167 0.007292 0.023148
6 0.640104 0.367130 0.007292 0.028704
6 0.622656 0.313889 0.005729 0.024074
6 0.618750 0.302315 0.005208 0.023148
6 0.632292 0.343056 0.006250 0.026852
2 0.491927 0.460648 0.046354 0.175000
8 0.466146 0.338426 0.009375 0.032407
1 0.625260 0.225926 0.033854 0.022222
0 0.550260 0.457870 0.006771 0.039815
0 0.344531 0.608796 0.011979 0.049074
0 0.710156 0.718982 0.016146 0.039815
0 0.552604 0.712500 0.010417 0.056481
0 0.900781 0.724074 0.024479 0.057407
0 0.383073 0.243981 0.004688 0.023148
0 0.864844 0.995833 0.032812 0.008333
0 0.564583 0.685185 0.010417 0.055556