6 0.626042 0.323611 0.006250 0.021296
6 0.634375 0.348611 0.007292 0.023148
6 0.638021 0.361574 0.007292 0.028704
6 0.621094 0.310185 0.005729 0.024074
6 0.617708 0.298611 0.005208 0.023148
6 0.630469 0.338426 0.006771 0.026852
2 0.491927 0.453704 0.045313 0.170370
8 0.466406 0.333333 0.008854 0.031481
1 0.624479 0.223148 0.033333 0.022222
0 0.548958 0.449074 0.006250 0.038889
0 0.731510 0.993056 0.023438 0.013889
0 0.348437 0.593518 0.011458 0.048148
0 0.704167 0.698148 0.015625 0.038889
0 0.551302 0.693981 0.009896 0.054630
0 0.889323 0.702778 0.023438 0.057407
0 0.384115 0.241667 0.004688 0.022222
0 0.850521 0.976852 0.031250 0.046296
0 0.563021 0.666204 0.009375 0.054630