6 0.644531 0.373148 0.007812 0.025926
6 0.655729 0.406944 0.009375 0.028704
6 0.660937 0.423611 0.009375 0.034259
6 0.638281 0.355093 0.006771 0.028704
6 0.633333 0.340278 0.006250 0.026852
6 0.650521 0.392593 0.008333 0.031481
7 0.341667 0.254630 0.015625 0.022222
2 0.491406 0.533333 0.053646 0.209259
8 0.459896 0.397685 0.011458 0.037963
1 0.636719 0.246759 0.036979 0.025000
0 0.565104 0.554630 0.009375 0.048148
0 0.298438 0.793519 0.018750 0.059259
0 0.784635 0.977778 0.025521 0.044444
0 0.567448 0.939352 0.014062 0.067593
0 0.373437 0.269444 0.005208 0.025926
0 0.583854 0.926852 0.014583 0.068519