6 0.634375 0.346296 0.007292 0.022222
6 0.644271 0.375463 0.008333 0.025000
6 0.648438 0.390278 0.008333 0.030556
6 0.629167 0.330556 0.006250 0.025926
6 0.624740 0.317593 0.005729 0.024074
6 0.639583 0.363426 0.007292 0.028704
2 0.491667 0.490278 0.048958 0.187963
8 0.463542 0.362500 0.010417 0.034259
1 0.630208 0.234722 0.035417 0.023148
0 0.556510 0.495833 0.007812 0.043519
0 0.327083 0.678241 0.014583 0.052778
0 0.737240 0.815278 0.019271 0.045370
0 0.558333 0.797685 0.011458 0.060185
0 0.953646 0.823611 0.031250 0.063889
0 0.378906 0.254630 0.004688 0.024074
0 0.571615 0.774074 0.011979 0.061111