6 0.648958 0.385185 0.008333 0.025926
6 0.660937 0.420833 0.010417 0.030556
6 0.666406 0.439352 0.009896 0.036111
6 0.642187 0.365741 0.007292 0.029630
6 0.637240 0.350000 0.006771 0.027778
6 0.655469 0.405556 0.008854 0.033333
2 0.491406 0.552778 0.055729 0.218519
8 0.458073 0.413889 0.011979 0.040741
1 0.639323 0.252315 0.038021 0.025000
0 0.569010 0.582407 0.009896 0.050000
0 0.283854 0.851389 0.020833 0.062037
0 0.572135 0.988426 0.016146 0.023148
0 0.371094 0.275926 0.005729 0.025926
0 0.590365 0.985185 0.015104 0.029630