6 0.874740 0.517593 0.021354 0.042593
6 0.868490 0.552778 0.015104 0.046296
6 0.896875 0.404630 0.011458 0.031481
6 0.855208 0.599537 0.016667 0.047222
2 0.933594 0.108333 0.021354 0.035185
2 0.930729 0.115278 0.022917 0.037963
1 0.504427 0.896759 0.110937 0.206481
0 0.911979 0.246296 0.008333 0.024074
0 0.748698 0.332870 0.008854 0.030556
0 0.886979 0.124074 0.004167 0.012963
0 0.919010 0.225000 0.007812 0.022222
0 0.917188 0.283333 0.009375 0.027778
0 0.871354 0.375000 0.012500 0.033333
0 0.896354 0.111574 0.004167 0.012037
0 0.658333 0.499537 0.010417 0.043519
0 0.916667 0.085185 0.003125 0.009259
0 0.887760 0.125926 0.004688 0.012963
0 0.926562 0.187037 0.006250 0.018519
0 0.878906 0.154167 0.004688 0.015741
0 0.813802 0.233796 0.006771 0.023148