6 0.914583 0.517593 0.023958 0.042593
6 0.905208 0.550000 0.017708 0.044444
6 0.946615 0.412037 0.013021 0.031481
6 0.888021 0.592130 0.018750 0.045370
2 0.999479 0.115278 0.001042 0.037963
2 0.997135 0.123148 0.005729 0.040741
1 0.534115 0.819444 0.102604 0.188889
0 0.975260 0.257407 0.009896 0.024074
0 0.792969 0.333796 0.009896 0.030556
0 0.957812 0.131019 0.005208 0.013889
0 0.985417 0.234722 0.009375 0.023148
0 0.978385 0.293519 0.010937 0.027778
0 0.920573 0.380556 0.013021 0.035185
0 0.969792 0.118519 0.005208 0.012963
0 0.691927 0.484259 0.010937 0.042593
0 0.995052 0.091204 0.003646 0.010185
0 0.958594 0.132870 0.005729 0.013889
0 0.996615 0.197685 0.006771 0.019444
0 0.946615 0.161574 0.005729 0.015741
0 0.869010 0.239352 0.007812 0.023148