6 0.902865 0.518519 0.023438 0.042593
6 0.894531 0.551389 0.017188 0.045370
6 0.931771 0.410185 0.012500 0.031481
6 0.878385 0.595370 0.018229 0.046296
2 0.987500 0.112963 0.023958 0.037037
7 0.983073 0.127315 0.006771 0.012037
2 0.983594 0.120833 0.025521 0.039815
1 0.525260 0.846296 0.105729 0.200000
0 0.956250 0.254167 0.009375 0.025000
0 0.779688 0.333796 0.009375 0.030556
0 0.935938 0.129167 0.005208 0.013889
0 0.965104 0.231481 0.008333 0.022222
0 0.959896 0.290278 0.010417 0.026852
0 0.905729 0.379167 0.012500 0.034259
0 0.947135 0.116204 0.004688 0.012037
0 0.682031 0.489352 0.010937 0.043519
0 0.970573 0.089352 0.003646 0.010185
0 0.936719 0.131019 0.004688 0.013889
0 0.975260 0.193981 0.007812 0.019444
0 0.925521 0.159259 0.005208 0.016667
0 0.852344 0.237500 0.007812 0.023148