6 0.834896 0.510648 0.019792 0.041667
6 0.830729 0.547222 0.013542 0.046296
6 0.850260 0.395370 0.009896 0.031481
6 0.820312 0.597222 0.014583 0.048148
2 0.869792 0.102315 0.018750 0.034259
2 0.867448 0.109722 0.019271 0.036111
1 0.477344 0.922222 0.117188 0.155556
0 0.856771 0.237500 0.007292 0.023148
0 0.707552 0.330093 0.007812 0.030556
0 0.827865 0.118519 0.003646 0.012963
0 0.861979 0.216204 0.006250 0.021296
0 0.863021 0.274074 0.008333 0.025926
0 0.825781 0.367593 0.010937 0.033333
0 0.835938 0.106481 0.003125 0.011111
0 0.626042 0.507407 0.009375 0.044444
0 0.852865 0.080556 0.002604 0.009259
0 0.828906 0.120370 0.003646 0.012963
0 0.866927 0.178704 0.005729 0.018519
0 0.821875 0.148148 0.004167 0.014815
0 0.765104 0.228704 0.006250 0.022222