6 0.818750 0.510185 0.018750 0.042593
6 0.815365 0.547685 0.013021 0.047222
6 0.830990 0.392593 0.008854 0.031481
6 0.806250 0.599074 0.013542 0.048148
2 0.842969 0.100000 0.017188 0.033333
2 0.840885 0.107407 0.018229 0.035185
1 0.464323 0.937500 0.121354 0.125000
0 0.833594 0.233796 0.006771 0.023148
0 0.690104 0.330093 0.007292 0.030556
0 0.802865 0.116667 0.003646 0.012963
0 0.838021 0.212963 0.006250 0.020370
0 0.840365 0.270370 0.007812 0.025926
0 0.806771 0.365741 0.010417 0.033333
0 0.810417 0.104630 0.003125 0.011111
0 0.611458 0.513889 0.009375 0.044444
0 0.826302 0.078704 0.002604 0.009259
0 0.803906 0.118056 0.003646 0.012037
0 0.842188 0.175463 0.005208 0.017593
0 0.797917 0.145833 0.004167 0.015741
0 0.744010 0.226852 0.005729 0.022222