6 0.786458 0.511111 0.017708 0.042593
6 0.785156 0.550463 0.010937 0.049074
6 0.792708 0.388889 0.007292 0.031481
6 0.778385 0.605093 0.011979 0.049074
2 0.791146 0.096759 0.015625 0.032407
2 0.789583 0.104167 0.016667 0.034259
1 0.437240 0.975000 0.130729 0.050000
0 0.788281 0.228704 0.005729 0.022222
0 0.654427 0.331019 0.006771 0.030556
0 0.754167 0.113426 0.003125 0.012037
0 0.791406 0.208333 0.005729 0.020370
0 0.796615 0.265741 0.006771 0.025926
0 0.769271 0.364352 0.009375 0.032407
0 0.760938 0.100926 0.003125 0.011111
0 0.582552 0.529167 0.008854 0.045370
0 0.774479 0.076389 0.002083 0.008333
0 0.755729 0.114352 0.003125 0.012037
0 0.793490 0.170370 0.004688 0.016667
0 0.750781 0.142593 0.003646 0.014815
0 0.703125 0.225000 0.005208 0.022222