6 0.711979 0.504167 0.015625 0.041667
6 0.713802 0.545833 0.008854 0.049074
6 0.708594 0.378241 0.005729 0.030556
6 0.711719 0.604167 0.009896 0.050926
2 0.686979 0.090741 0.012500 0.029630
2 0.686198 0.097685 0.013021 0.032407
0 0.693229 0.218056 0.004167 0.021296
0 0.576042 0.332870 0.005208 0.030556
0 0.655208 0.107870 0.002083 0.012037
0 0.694792 0.198611 0.004167 0.019444
0 0.703385 0.255093 0.005729 0.025000
0 0.686198 0.357407 0.007812 0.031481
0 0.659896 0.095833 0.002083 0.010185
0 0.515625 0.554167 0.007292 0.047222
0 0.670573 0.071759 0.001563 0.008333
0 0.656510 0.109259 0.002604 0.011111
0 0.694010 0.161111 0.003646 0.016667
0 0.653906 0.136574 0.002604 0.013889
0 0.614844 0.220833 0.003646 0.021296