6 0.683333 0.512500 0.015625 0.041667
6 0.686458 0.556481 0.009375 0.050000
6 0.675781 0.380556 0.005729 0.031481
6 0.686719 0.618981 0.010937 0.052778
2 0.644792 0.089815 0.011458 0.029630
2 0.644271 0.096296 0.012500 0.031481
0 0.655208 0.217130 0.004167 0.021296
0 0.542448 0.339815 0.004688 0.031481
0 0.614323 0.106944 0.001563 0.012037
0 0.655990 0.197685 0.003646 0.019444
0 0.666146 0.255093 0.005208 0.025000
0 0.653646 0.361574 0.007292 0.032407
0 0.618750 0.094907 0.002083 0.010185
0 0.485417 0.579630 0.007292 0.048148
0 0.628385 0.070370 0.001563 0.007407
0 0.615625 0.108333 0.002083 0.011111
0 0.654167 0.159722 0.003125 0.015741
0 0.614062 0.135648 0.002083 0.013889
0 0.578125 0.222685 0.003125 0.021296