6 0.695052 0.506944 0.015104 0.041667
6 0.697656 0.549537 0.008854 0.049074
6 0.689323 0.378241 0.005729 0.030556
6 0.696875 0.610185 0.010417 0.051852
2 0.662760 0.089815 0.011979 0.029630
2 0.661979 0.096759 0.012500 0.032407
0 0.671354 0.217130 0.004167 0.021296
0 0.556771 0.335648 0.005208 0.030556
0 0.631771 0.107407 0.002083 0.011111
0 0.672396 0.197685 0.004167 0.019444
0 0.681771 0.254630 0.005208 0.024074
0 0.667188 0.358796 0.007292 0.032407
0 0.636458 0.095370 0.002083 0.011111
0 0.498698 0.566204 0.006771 0.047222
0 0.646615 0.070833 0.001563 0.008333
0 0.633073 0.108333 0.002604 0.011111
0 0.670833 0.160185 0.003125 0.016667
0 0.630990 0.135648 0.002604 0.013889
0 0.594010 0.221296 0.003646 0.022222