6 0.672656 0.527315 0.016146 0.043519
6 0.677083 0.574537 0.010417 0.052778
6 0.661458 0.387963 0.006250 0.031481
6 0.678646 0.642593 0.011458 0.055556
2 0.624219 0.089815 0.010937 0.029630
2 0.623958 0.096296 0.011458 0.031481
0 0.637240 0.218981 0.003646 0.021296
0 0.525521 0.348148 0.004167 0.031481
0 0.594271 0.107407 0.002083 0.011111
0 0.637760 0.199537 0.003646 0.019444
0 0.648958 0.257870 0.005208 0.025000
0 0.639063 0.369907 0.007292 0.032407
0 0.598698 0.095370 0.001563 0.011111
0 0.469531 0.607407 0.007812 0.050000
0 0.607552 0.070370 0.001563 0.007407
0 0.595833 0.108333 0.002083 0.011111
0 0.634896 0.160185 0.003125 0.016667
0 0.594792 0.136574 0.002083 0.013889
0 0.559896 0.226389 0.003125 0.021296