6 0.676042 0.560185 0.017708 0.046296
6 0.681771 0.613889 0.011458 0.057407
6 0.660677 0.405556 0.006771 0.033333
6 0.685417 0.691667 0.013542 0.061111
2 0.616406 0.090741 0.010937 0.029630
2 0.616146 0.097685 0.011458 0.032407
0 0.631771 0.223611 0.004167 0.021296
0 0.518490 0.362963 0.004688 0.033333
0 0.586198 0.108796 0.001563 0.012037
0 0.632031 0.204630 0.003646 0.020370
0 0.644271 0.266667 0.005208 0.025926
0 0.637500 0.387500 0.007292 0.034259
0 0.590365 0.096759 0.001563 0.010185
0 0.460677 0.653704 0.008854 0.051852
0 0.598958 0.070833 0.001042 0.008333
0 0.588021 0.109722 0.002083 0.012037
0 0.628385 0.162963 0.002604 0.016667
0 0.586979 0.138889 0.002083 0.014815
0 0.552604 0.233333 0.003125 0.022222