6 0.674219 0.570833 0.018229 0.047222
6 0.680729 0.626852 0.012500 0.059259
6 0.657292 0.410648 0.007292 0.034259
6 0.685156 0.709259 0.014062 0.062963
2 0.610156 0.090741 0.010937 0.029630
2 0.609896 0.097685 0.011458 0.032407
0 0.626562 0.225463 0.004167 0.021296
0 0.513281 0.368519 0.004688 0.033333
0 0.579948 0.109259 0.001563 0.011111
0 0.626823 0.205556 0.003646 0.020370
0 0.639323 0.268981 0.004688 0.025000
0 0.633854 0.393519 0.007292 0.035185
0 0.584115 0.096759 0.001563 0.010185
0 0.455208 0.671296 0.009375 0.053704
0 0.592708 0.070833 0.001042 0.008333
0 0.581771 0.110185 0.002083 0.011111
0 0.622656 0.163889 0.002604 0.016667
0 0.581250 0.139352 0.002083 0.013889
0 0.547135 0.235648 0.003646 0.023148