6 0.676042 0.519444 0.015625 0.042593
6 0.679948 0.564815 0.009896 0.051852
6 0.666667 0.384259 0.006250 0.031481
6 0.680990 0.629630 0.010937 0.053704
2 0.632292 0.089352 0.011458 0.028704
2 0.631771 0.096296 0.011458 0.031481
0 0.644010 0.217593 0.003646 0.020370
0 0.532031 0.343519 0.004688 0.031481
0 0.602083 0.107407 0.002083 0.011111
0 0.644792 0.198611 0.004167 0.019444
0 0.655208 0.256019 0.005208 0.025000
0 0.644271 0.365278 0.007292 0.032407
0 0.606510 0.094907 0.001563 0.010185
0 0.476042 0.593056 0.007292 0.049074
0 0.615625 0.070370 0.001042 0.007407
0 0.603646 0.108333 0.002083 0.011111
0 0.642187 0.159722 0.003125 0.015741
0 0.602083 0.135648 0.002083 0.013889
0 0.566927 0.224537 0.003646 0.021296