6 0.651823 0.687500 0.023438 0.058333
6 0.666406 0.771759 0.018229 0.078704
6 0.615625 0.467130 0.008333 0.039815
6 0.682552 0.900926 0.022396 0.087037
2 0.541406 0.093056 0.009896 0.030556
2 0.541667 0.100463 0.010417 0.032407
2 0.995313 0.086111 0.009375 0.025926
0 0.567187 0.239815 0.003125 0.022222
0 0.451562 0.425000 0.006250 0.037037
0 0.511719 0.113426 0.001563 0.012037
0 0.566146 0.219907 0.003125 0.021296
0 0.583333 0.293981 0.004167 0.026852
0 0.589323 0.454630 0.006771 0.038889
0 0.515104 0.100000 0.001042 0.011111
0 0.386198 0.887500 0.015104 0.063889
0 0.522396 0.072685 0.001042 0.008333
0 0.513802 0.114352 0.001563 0.012037
0 0.558594 0.170370 0.002604 0.016667
0 0.514844 0.147222 0.001563 0.014815
0 0.482812 0.260185 0.003125 0.024074