6 0.649479 0.704167 0.023958 0.060185
6 0.665365 0.792593 0.019271 0.081481
6 0.610677 0.474537 0.008854 0.041667
6 0.683333 0.929630 0.023958 0.090741
2 0.533594 0.093056 0.009896 0.030556
2 0.533854 0.100926 0.010417 0.033333
2 0.989323 0.085185 0.021354 0.025926
0 0.560156 0.242130 0.003646 0.023148
0 0.443750 0.432870 0.006250 0.037963
0 0.503646 0.114352 0.001042 0.012037
0 0.559375 0.221759 0.003125 0.021296
0 0.576823 0.297222 0.004688 0.027778
0 0.584375 0.463426 0.007292 0.039815
0 0.507031 0.100926 0.001563 0.011111
0 0.377344 0.921296 0.016146 0.064815
0 0.514323 0.072685 0.000521 0.008333
0 0.505990 0.114352 0.001563 0.012037
0 0.551042 0.171296 0.002083 0.016667
0 0.507031 0.148148 0.001563 0.014815
0 0.475521 0.263426 0.003125 0.025000