6 0.650521 0.670370 0.022917 0.057407
6 0.664062 0.749537 0.017708 0.075000
6 0.616667 0.458796 0.008333 0.039815
6 0.678646 0.871296 0.020833 0.083333
2 0.545052 0.092593 0.009896 0.029630
2 0.545052 0.100000 0.010937 0.033333
0 0.569792 0.237500 0.003125 0.023148
0 0.455469 0.417593 0.005729 0.037037
0 0.515104 0.112963 0.001042 0.011111
0 0.569271 0.218056 0.003125 0.021296
0 0.585677 0.290278 0.004688 0.026852
0 0.590625 0.446296 0.007292 0.038889
0 0.518490 0.100000 0.001563 0.011111
0 0.392448 0.856944 0.014062 0.062037
0 0.526042 0.072685 0.001042 0.008333
0 0.517448 0.113426 0.001563 0.012037
0 0.561458 0.169444 0.002083 0.016667
0 0.518229 0.146296 0.002083 0.014815
0 0.486458 0.257407 0.003125 0.024074